0 0.24514158800666297 0.21235154394299288 0.04608550805108273 0.052256532066508314
0 0.2229317046085508 0.27529691211401425 0.0560799555802332 0.06983372921615202
0 0.22765130483064963 0.34251781472684084 0.0421987784564131 0.0494061757719715
0 0.2073847862298723 0.41591448931116387 0.05274847307051638 0.0669833729216152
0 0.20155469183786784 0.49192399049881236 0.05774569683509161 0.06983372921615202
0 0.18961687951138256 0.5795724465558195 0.06829539144919489 0.07885985748218527
0 0.17129372570794002 0.6524940617577197 0.049416990560799554 0.0669833729216152
0 0.1793448084397557 0.7220902612826603 0.0421987784564131 0.05985748218527316
0 0.307329261521377 0.23990498812351543 0.03053858967240422 0.057007125890736345
0 0.3056635202665186 0.29524940617577194 0.027207107162687396 0.039429928741092635
0 0.29983342587451417 0.34631828978622325 0.05441421432537479 0.0684085510688836
0 0.29705719044975015 0.4201900237529691 0.05108273181565797 0.06983372921615202
0 0.2881732370905053 0.4802850356294537 0.06107717934480844 0.0494061757719715
0 0.2848417545807885 0.5285035629453682 0.06107717934480844 0.028978622327790974
0 0.28317601332593006 0.5705463182897862 0.05441421432537479 0.0494061757719715
