0 0.874721189591078 0.34351949420442573 0.0379182156133829 0.11801896733403583
0 0.9048327137546468 0.517913593256059 0.038661710037174724 0.0642781875658588
0 0.824907063197026 0.4035827186512118 0.08550185873605948 0.2191780821917808
0 0.7635687732342007 0.5210748155953635 0.04907063197026022 0.02845100105374078
0 0.5587360594795538 0.19810326659641728 0.07509293680297398 0.1833508956796628
0 0.4007434944237918 0.3814541622760801 0.0654275092936803 0.18124341412012646
0 0.2866171003717472 0.3940990516332982 0.06468401486988848 0.18967334035827185
0 0.20223048327137547 0.21865121180189673 0.0654275092936803 0.18229715489989462
0 0.19516728624535315 0.42360379346680715 0.07211895910780669 0.16649104320337196
0 0.12565055762081784 0.2829293993677555 0.02825278810408922 0.13593256059009484
0 0.10446096654275093 0.4636459430979979 0.04684014869888476 0.18124341412012646
0 0.2211895910780669 0.5569020021074815 0.04535315985130112 0.02845100105374078
0 0.7301115241635687 0.38250790305584825 0.08178438661710037 0.1833508956796628
