0 0.4648318042813456 0.18391167192429023 0.0326197757390418 0.05362776025236593
0 0.4582059123343527 0.24952681388012618 0.039755351681957186 0.062460567823343846
0 0.6748216106014271 0.20504731861198738 0.046890927624872576 0.03785488958990536
0 0.6722731906218145 0.2634069400630915 0.07033639143730887 0.061198738170347
0 0.7298674821610601 0.11892744479495268 0.06116207951070336 0.08769716088328075
0 0.737512742099898 0.2053627760252366 0.05402650356778797 0.061198738170347
0 0.7339449541284404 0.2782334384858044 0.06116207951070336 0.0555205047318612
0 0.7951070336391437 0.10252365930599369 0.06116207951070336 0.043533123028391164
0 0.799184505606524 0.16876971608832808 0.06320081549439348 0.07003154574132492
0 0.808868501529052 0.26813880126182965 0.06829765545361875 0.09337539432176656
0 0.7579001019367991 0.43375394321766564 0.0417940876656473 0.044794952681388014
0 0.7660550458715596 0.49022082018927443 0.039755351681957186 0.04668769716088328
0 0.7691131498470948 0.5429022082018927 0.027522935779816515 0.02334384858044164
0 0.8664627930682977 0.41451104100946373 0.0326197757390418 0.04668769716088328
0 0.8644240570846076 0.5126182965299685 0.046890927624872576 0.05110410094637224
0 0.8664627930682977 0.5807570977917981 0.06116207951070336 0.06372239747634069
0 0.8129459734964322 0.43564668769716086 0.039755351681957186 0.04227129337539432
0 0.8129459734964322 0.4914826498422713 0.039755351681957186 0.04668769716088328
0 0.8124362895005097 0.5482649842271293 0.046890927624872576 0.04037854889589906
0 0.3114169215086646 0.26277602523659305 0.03771661569826707 0.033438485804416405
0 0.24974515800203873 0.26561514195583596 0.0652395514780836 0.039116719242902206
0 0.19571865443425077 0.2444794952681388 0.06116207951070336 0.02334384858044164
