0 0.3137254901960784 0.2057057057057057 0.08403361344537816 0.09309309309309309
0 0.3165266106442577 0.3633633633633634 0.09523809523809523 0.21021021021021022
0 0.3123249299719888 0.581081081081081 0.04201680672268908 0.10510510510510511
0 0.31092436974789917 0.7522522522522522 0.10644257703081232 0.26126126126126126
0 0.42016806722689076 0.22072072072072071 0.10644257703081232 0.16516516516516516
0 0.43137254901960786 0.46096096096096095 0.06722689075630252 0.22522522522522523
0 0.43977591036414565 0.7372372372372372 0.0896358543417367 0.24324324324324326
0 0.5378151260504201 0.1981981981981982 0.11204481792717087 0.13813813813813813
0 0.5336134453781513 0.43543543543543545 0.08683473389355742 0.21021021021021022
0 0.5532212885154062 0.6336336336336337 0.10364145658263306 0.1021021021021021
0 0.5378151260504201 0.7372372372372372 0.06162464985994398 0.09309309309309309
