0 0.37403740374037403 0.10185933710590138 0.0748074807480748 0.10024252223120453
0 0.356985698569857 0.20452708164915118 0.047304730473047306 0.0582053354890865
0 0.33443344334433445 0.2914308811641067 0.0748074807480748 0.09135004042037187
0 0.31683168316831684 0.40501212611156023 0.07920792079207921 0.08730800323362975
0 0.30363036303630364 0.5214227970897333 0.0814081408140814 0.09862570735650768
0 0.27887788778877887 0.6495553759094583 0.09130913091309131 0.14308811641067098
0 0.23872387238723872 0.7631366208569119 0.09900990099009901 0.07599029911075182
0 0.2222222222222222 0.8383185125303153 0.0814081408140814 0.05335489086499596
0 0.4834983498349835 0.08609539207760711 0.0627062706270627 0.08164915117219078
0 0.4614961496149615 0.1677445432497979 0.04950495049504951 0.046079223928860144
0 0.4504950495049505 0.24090541632983023 0.09130913091309131 0.09862570735650768
0 0.44224422442244227 0.35084882780921584 0.07920792079207921 0.09054163298302344
0 0.4158415841584158 0.4648342764753436 0.0814081408140814 0.10185933710590138
0 0.4020902090209021 0.5727566693613582 0.07150715071507151 0.07841552142279709
0 0.3844884488448845 0.6806790622473726 0.08690869086908691 0.0856911883589329
0 0.36853685368536854 0.7926434923201293 0.1034103410341034 0.11075181891673404
0 0.341034103410341 0.8965238480194018 0.07920792079207921 0.07599029911075182
0 0.5693069306930693 0.14551333872271624 0.0517051705170517 0.056588520614389654
0 0.5687568756875687 0.22837510105092967 0.0748074807480748 0.09296685529506872
0 0.5676567656765676 0.33751010509296686 0.07260726072607261 0.08164915117219078
0 0.5478547854785478 0.4417946645109135 0.07920792079207921 0.11398544866612773
0 0.5363036303630363 0.5521422797089733 0.06930693069306931 0.09862570735650768
0 0.5082508250825083 0.627728375101051 0.07920792079207921 0.05092966855295069
0 0.7002200220022002 0.14187550525464834 0.0429042904290429 0.034761519805982216
0 0.6892189218921893 0.22392886014551333 0.0671067106710671 0.08730800323362975
0 0.698019801980198 0.30679062247372674 0.0627062706270627 0.060630557801131774
0 0.6793179317931793 0.3993532740501213 0.07150715071507151 0.08730800323362975
0 0.6743674367436744 0.5375909458367018 0.09460946094609461 0.16168148746968472
0 0.6485148514851485 0.6519805982215037 0.09130913091309131 0.060630557801131774
0 0.6248624862486248 0.738480194017785 0.0748074807480748 0.08164915117219078
