0 0.8 0.5069324090121318 0.11692307692307692 0.1022530329289428
0 0.7876923076923077 0.6421143847487002 0.10461538461538461 0.1022530329289428
0 0.7784615384615384 0.766897746967071 0.08615384615384615 0.09532062391681109
0 0.7876923076923077 0.8830155979202773 0.09846153846153846 0.06412478336221837
0 0.6661538461538462 0.5294627383015598 0.16307692307692306 0.1611785095320624
0 0.6476923076923077 0.6967071057192374 0.11384615384615385 0.14558058925476602
0 0.6430769230769231 0.8509532062391681 0.12307692307692308 0.10398613518197573
0 0.46307692307692305 0.5077989601386482 0.15692307692307692 0.12131715771230503
0 0.44 0.6551126516464472 0.17846153846153845 0.1317157712305026
0 0.4107692307692308 0.8396880415944541 0.13846153846153847 0.17504332755632582
0 0.2876923076923077 0.5095320623916811 0.16307692307692306 0.11091854419410745
0 0.2815384615384615 0.6473136915077989 0.14461538461538462 0.1022530329289428
0 0.2753846153846154 0.24263431542461006 0.18153846153846154 0.1386481802426343
0 0.3953846153846154 0.1317157712305026 0.12615384615384614 0.1386481802426343
