0 0.7639188605955978 0.18045112781954886 0.04574881312041433 0.0728744939271255
0 0.7794561933534743 0.2776171197223829 0.02589555459646094 0.08906882591093117
0 0.7915407854984894 0.37622903412377096 0.030211480362537766 0.06419895893580103
0 0.8044885627967199 0.47137073452862926 0.041432887354337505 0.08444187391555813
0 0.8141993957703928 0.5803932909196067 0.04359085023737592 0.09196067090803933
0 0.8275787656452309 0.16743782533256218 0.06085455330168321 0.1139386928860613
0 0.8388001726370307 0.29381145170618855 0.05740181268882175 0.09485251590514748
0 0.8685800604229608 0.4493927125506073 0.07380233059991369 0.15153267784846733
0 0.8910228744065603 0.5882012724117988 0.0487699611566681 0.10179294389820706
0 0.6991799741044454 0.18710237131289764 0.0466119982736297 0.09196067090803933
0 0.7019853258523954 0.2776171197223829 0.028053517479499353 0.08906882591093117
0 0.7060854553301683 0.3565644881434355 0.02589555459646094 0.04800462695199537
0 0.7142857142857143 0.4407171775592828 0.04229607250755287 0.11104684788895315
0 0.7227017695295641 0.5471370734528629 0.05222270176952956 0.09022556390977443
0 0.6234354769097972 0.25650665124349337 0.036685369011653 0.08155002891844997
0 0.6316357358653432 0.3215731636784268 0.044454035390591284 0.045112781954887216
0 0.6247302546396202 0.3935801041064199 0.04790677600345274 0.08733371891266628
0 0.6180405697022011 0.4872758820127241 0.03452740612861459 0.06419895893580103
0 0.629046180405697 0.575187969924812 0.04790677600345274 0.05841526894158473
0 0.4482088908070781 0.35887796414112205 0.035822183858437634 0.07576633892423366
0 0.45058264997842035 0.43262001156738 0.03798014674147605 0.05668016194331984
0 0.4514458351316357 0.49132446500867555 0.03798014674147605 0.04337767495662233
0 0.45425118687958566 0.6480624638519376 0.04359085023737592 0.05841526894158473
0 0.44151920586965904 0.7420474262579526 0.0466119982736297 0.10526315789473684
0 0.4395770392749245 0.8447079236552921 0.035822183858437634 0.08617698091382302
0 0.518990073370738 0.5300751879699248 0.044454035390591284 0.108155002891845
0 0.5228744065602071 0.6526894158473106 0.06085455330168321 0.1139386928860613
0 0.5222270176952957 0.7489878542510121 0.01812688821752266 0.0670908039329092
0 0.5133793698748381 0.8033545401966454 0.04359085023737592 0.01735106998264893
0 0.5051791109192922 0.8733371891266628 0.059991368148467845 0.11104684788895315
0 0.2846353042727665 0.22267206477732793 0.03150625809236081 0.0670908039329092
0 0.2803193785066897 0.33285135916714864 0.0487699611566681 0.1266628108733372
0 0.2675873974967631 0.46385193753614806 0.050064738886491156 0.11104684788895315
0 0.2453603798014674 0.5821283979178716 0.0487699611566681 0.12550607287449392
0 0.22723349158394476 0.7342394447657605 0.05653862753560639 0.12550607287449392
0 0.2186016400517911 0.8383458646616542 0.04790677600345274 0.05263157894736842
0 0.2091066033664221 0.896471949103528 0.04359085023737592 0.04048582995951417
0 0.22550712127751402 0.27154424522845577 0.03927492447129909 0.07692307692307693
0 0.22032801035822183 0.3609022556390977 0.04013810962451446 0.07403123192596876
0 0.20716443677168753 0.42857142857142855 0.03798014674147605 0.04048582995951417
0 0.20565386275356065 0.48120300751879697 0.03927492447129909 0.04048582995951417
0 0.1981009926629262 0.5497397339502602 0.041432887354337505 0.09196067090803933
0 0.18687958567112645 0.6376518218623481 0.04574881312041433 0.06998264893001735
0 0.17544238239102286 0.7339502602660497 0.0487699611566681 0.1006362058993638
0 0.1683211048769961 0.8221515326778485 0.03452740612861459 0.049161364950838636
0 0.1577470867501079 0.36524002313475995 0.03927492447129909 0.08617698091382302
0 0.14609408718170047 0.45777906304222094 0.0487699611566681 0.08733371891266628
0 0.12667242123435477 0.5662232504337767 0.059991368148467845 0.11683053788316947
0 0.10940871817004748 0.6775592828224407 0.04790677600345274 0.0931174089068826
0 0.08761329305135952 0.7472527472527473 0.030211480362537766 0.04626951995373048
