0 0.5941320293398533 0.39759036144578314 0.06356968215158924 0.2570281124497992
0 0.60880195599022 0.6546184738955824 0.06845965770171149 0.1927710843373494
0 0.6491442542787286 0.41566265060240964 0.05134474327628362 0.21285140562248997
0 0.687041564792176 0.6024096385542169 0.034229828850855744 0.23293172690763053
0 0.7555012224938875 0.4899598393574297 0.08312958435207823 0.1285140562248996
0 0.7616136919315404 0.6807228915662651 0.07579462102689487 0.14859437751004015
0 0.8349633251833741 0.43775100401606426 0.02689486552567237 0.13654618473895583
0 0.44865525672371637 0.28313253012048195 0.09046454767726161 0.05220883534136546
0 0.4511002444987775 0.4879518072289157 0.08068459657701711 0.3333333333333333
0 0.31907090464547677 0.6024096385542169 0.10513447432762836 0.26506024096385544
