0 0.8523908523908524 0.2801608579088472 0.08316008316008316 0.18498659517426275
0 0.841995841995842 0.47319034852546915 0.079002079002079 0.16890080428954424
0 0.8669438669438669 0.6863270777479893 0.06652806652806653 0.15013404825737264
0 0.7474012474012474 0.2640750670241287 0.0893970893970894 0.18498659517426275
0 0.7723492723492723 0.6849865951742627 0.09355509355509356 0.17962466487935658
0 0.6424116424116424 0.2587131367292225 0.10395010395010396 0.18498659517426275
0 0.5592515592515592 0.24128686327077747 0.058212058212058215 0.1554959785522788
0 0.579002079002079 0.7520107238605898 0.11434511434511435 0.07238605898123325
0 0.42515592515592515 0.2359249329758713 0.08108108108108109 0.15013404825737264
0 0.42723492723492723 0.42359249329758714 0.06444906444906445 0.1554959785522788
0 0.4397089397089397 0.5911528150134048 0.04781704781704782 0.11528150134048257
0 0.44490644490644493 0.7225201072386059 0.10395010395010396 0.16353887399463807
0 0.33367983367983367 0.23994638069705093 0.08108108108108109 0.14209115281501342
0 0.3523908523908524 0.693029490616622 0.08108108108108109 0.2386058981233244
0 0.2442827442827443 0.2667560321715818 0.09771309771309772 0.22788203753351208
0 0.23284823284823286 0.739946380697051 0.12058212058212059 0.21447721179624665
0 0.12370062370062371 0.22654155495978553 0.06860706860706861 0.10991957104557641
