0 0.41457286432160806 0.09914712153518124 0.051926298157453935 0.10874200426439233
0 0.8157453936348409 0.17803837953091683 0.08040201005025126 0.16844349680170576
0 0.7956448911222781 0.36673773987206826 0.08375209380234507 0.19189765458422176
0 0.7386934673366834 0.5682302771855011 0.07705192629815745 0.18550106609808104
0 0.7077051926298158 0.13752665245202558 0.07872696817420435 0.1300639658848614
0 0.6926298157453936 0.29637526652452023 0.09547738693467336 0.10660980810234541
0 0.6767169179229481 0.4626865671641791 0.06365159128978225 0.17057569296375266
0 0.6507537688442211 0.6087420042643923 0.07537688442211055 0.053304904051172705
0 0.635678391959799 0.7430703624733476 0.08207705192629816 0.2025586353944563
0 0.5887772194304858 0.09914712153518124 0.07537688442211055 0.13432835820895522
0 0.4916247906197655 0.09914712153518124 0.06532663316582915 0.14712153518123666
