0 0.7649228705566734 0.836872940314903 0.05030181086519115 0.03185646283412669
0 0.8044936284372904 0.836872940314903 0.04493628437290409 0.049432442328817286
0 0.8326626425217974 0.8361406078359576 0.04225352112676056 0.047967777370926404
0 0.7857142857142857 0.8778835591358477 0.03420523138832998 0.03771512266569022
0 0.8246143527833669 0.8837422189674112 0.05835010060362173 0.04357378249725375
0 0.6670020120724346 0.64536799707067 0.05298457411133468 0.02892713291834493
0 0.6804158283031523 0.6893079458073965 0.03688799463447351 0.046503112413035515
0 0.7206572769953051 0.6459172464298791 0.06371562709590879 0.04467228121567191
0 0.7454728370221329 0.6391431709996338 0.035546613011401745 0.03698279018674478
0 0.7303822937625755 0.6902233614060783 0.046948356807511735 0.04174295129989015
0 0.6140174379611 0.5525448553643354 0.04896042924211938 0.033687294031490296
0 0.6606304493628438 0.5479677773709264 0.04158283031522468 0.03185646283412669
0 0.635814889336016 0.5972171365800073 0.04963112005365526 0.03808128890516294
0 0.6857813547954393 0.5908092273892347 0.047619047619047616 0.0355181252288539
0 0.5328638497652582 0.337422189674112 0.04225352112676056 0.039179787623581104
0 0.5895372233400402 0.3300988648846576 0.04024144869215292 0.039179787623581104
0 0.6327967806841046 0.33998535335042107 0.04225352112676056 0.04210911753936287
0 0.5932260228034876 0.3740388136213841 0.04225352112676056 0.022336140607835956
0 0.5261569416498993 0.5490662760893446 0.03688799463447351 0.014280483339436104
0 0.35311871227364183 0.5503478579274991 0.031522468142186455 0.008055657268399853
0 0.21495640509725017 0.5428414500183083 0.03420523138832998 0.006957158549981692
0 0.4000670690811536 0.07067008421823508 0.05030181086519115 0.04101061882094471
0 0.39906103286384975 0.1144269498352252 0.028169014084507043 0.05162943976565361
0 0.3950368879946345 0.1600146466495789 0.029510395707578806 0.023434639326254118
0 0.3960429242119383 0.20267301354815087 0.047619047619047616 0.05016477480776273
0 0.33836351441985246 0.06865616990113511 0.05432595573440644 0.05382643720248993
0 0.3484238765928907 0.12852435005492494 0.051643192488262914 0.049066276089344565
0 0.3470824949698189 0.18692786525082386 0.04627766599597585 0.056023434639326256
0 0.26794097920858484 0.06883925302087147 0.06639839034205232 0.06005126327352618
0 0.2813547954393025 0.14738191138777004 0.05030181086519115 0.06481142438667155
0 0.28772635814889336 0.20120834859026 0.04024144869215292 0.03844745514463566
0 0.18947015425888666 0.1905895276455511 0.06505700871898056 0.08385206883925302
0 0.29242119382964454 0.2389234712559502 0.0335345405767941 0.015745148297326986
0 0.4818913480885312 0.08128890516294397 0.047619047619047616 0.05126327352618089
0 0.48725687458081823 0.13566459172464299 0.05432595573440644 0.047967777370926404
0 0.4926224010731053 0.19351885756133286 0.043594902749832326 0.06407909190772611
0 0.5650570087189806 0.08696448187477114 0.06639839034205232 0.07579641157085316
0 0.5553319919517102 0.16495789088246063 0.06975184439973173 0.047967777370926404
0 0.5533199195171026 0.2519223727572318 0.052313883299798795 0.06371292566825339
0 0.6619718309859155 0.08769681435371658 0.06304493628437291 0.024533138044672283
0 0.6411804158283032 0.11955327718784328 0.04024144869215292 0.039179787623581104
0 0.278336686787391 0.4220065909923105 0.02682763246143528 0.02380080556572684
0 0.25888665325285043 0.42054192603441964 0.02414486921529175 0.022336140607835956
0 0.23708920187793428 0.42511900402782865 0.023474178403755867 0.019772976931526912
0 0.4215291750503018 0.41779567923837424 0.035546613011401745 0.009520322226290736
0 0.44466800804828976 0.4271329183449286 0.03219315895372234 0.01867447821310875
0 0.4245472837022133 0.4437934822409374 0.034875922199865864 0.008055657268399853
