0 0.5138339920948617 0.10152931180968564 0.037944664031620556 0.06542056074766354
0 0.5272727272727272 0.2145284621920136 0.07588932806324111 0.06542056074766354
0 0.5359683794466403 0.34069668649107904 0.07272727272727272 0.14613423959218352
0 0.5517786561264822 0.5169923534409516 0.08221343873517786 0.15717926932880205
0 0.5652173913043478 0.7149532710280374 0.07588932806324111 0.16907391673746813
0 0.666798418972332 0.27612574341546303 0.09090909090909091 0.12234494477485132
0 0.6774703557312253 0.43075615972812237 0.11225296442687747 0.15123194562446898
0 0.6857707509881423 0.5675446049277825 0.11620553359683794 0.10195412064570943
0 0.6897233201581028 0.7051826677994902 0.108300395256917 0.12404418011894647
0 0.7980237154150197 0.17714528462192014 0.08142292490118577 0.0994052676295667
0 0.8292490118577075 0.49872557349192864 0.07588932806324111 0.1750212404418012
0 0.8355731225296442 0.6690739167374682 0.05691699604743083 0.08581138487680544
0 0.7090909090909091 0.87892948173322 0.08695652173913043 0.0875106202209006
