0 0.3495049504950495 0.716024340770791 0.06534653465346535 0.15010141987829614
0 0.4207920792079208 0.7342799188640974 0.061386138613861385 0.11359026369168357
0 0.504950495049505 0.7322515212981744 0.06732673267326733 0.07707910750507099
0 0.503960396039604 0.8356997971602435 0.033663366336633666 0.06490872210953347
0 0.5435643564356436 0.8549695740365112 0.04554455445544554 0.038539553752535496
0 0.6217821782178218 0.6967545638945233 0.06336633663366337 0.04259634888438134
0 0.7514851485148515 0.6967545638945233 0.08118811881188119 0.09939148073022312
0 0.8504950495049505 0.7008113590263692 0.0297029702970297 0.05070993914807302
0 0.8366336633663366 0.7880324543610547 0.04950495049504951 0.08316430020283976
0 0.2613861386138614 0.37018255578093306 0.07524752475247524 0.18864097363083165
0 0.13564356435643565 0.30324543610547666 0.061386138613861385 0.04665314401622718
0 0.13465346534653466 0.3843813387423935 0.07128712871287128 0.11561866125760649
0 0.16930693069306932 0.4208924949290061 0.06534653465346535 0.034482758620689655
