0 0.4479495268138801 0.24143556280587275 0.10094637223974763 0.08156606851549755
0 0.19242902208201892 0.25122349102773245 0.08832807570977919 0.08482871125611746
0 0.20977917981072555 0.36541598694942906 0.09779179810725552 0.08156606851549755
0 0.3186119873817035 0.2553017944535073 0.0946372239747634 0.14192495921696574
0 0.3264984227129338 0.4078303425774878 0.11041009463722397 0.09461663947797716
0 0.44637223974763407 0.4567699836867863 0.10410094637223975 0.09787928221859707
0 0.5914826498422713 0.22838499184339314 0.12302839116719243 0.13376835236541598
0 0.6577287066246057 0.4836867862969005 0.1608832807570978 0.04404567699836868
0 0.7302839116719243 0.23817292006525284 0.09779179810725552 0.08156606851549755
0 0.35962145110410093 0.5530179445350734 0.10725552050473186 0.08156606851549755
0 0.3675078864353312 0.6712887438825449 0.05362776025236593 0.0799347471451876
0 0.5078864353312302 0.6525285481239804 0.08832807570977919 0.09461663947797716
0 0.5220820189274448 0.7814029363784666 0.1608832807570978 0.1500815660685155
0 0.6482649842271293 0.5840130505709625 0.17981072555205047 0.1370309951060359
0 0.694006309148265 0.767536704730832 0.17665615141955837 0.20717781402936378
