0 0.3877229800629591 0.09931798806479114 0.06400839454354669 0.043478260869565216
0 0.39611752360965374 0.20076726342711 0.05141657922350472 0.08610400682011936
0 0.39034627492130114 0.2966751918158568 0.033578174186778595 0.06990622335890878
0 0.30902413431269676 0.14578005115089515 0.06400839454354669 0.10741687979539642
0 0.3037775445960126 0.2587382779198636 0.06400839454354669 0.07587382779198636
0 0.30325288562434416 0.3452685421994885 0.08184679958027283 0.061381074168797956
0 0.21143756558237145 0.16922421142369992 0.09338929695697797 0.113384484228474
0 0.19884575026232948 0.33461210571184996 0.055613850996852045 0.11679454390451834
0 0.6757607555089192 0.6176470588235294 0.05036726128016789 0.05370843989769821
0 0.6804826862539349 0.675618073316283 0.055613850996852045 0.05541346973572037
0 0.7371458551941238 0.592924126172208 0.040923399790136414 0.045183290707587385
0 0.7418677859391396 0.6815856777493606 0.048268625393494226 0.043478260869565216
