0 0.7668621700879765 0.5448504983388704 0.0967741935483871 0.13953488372093023
0 0.7302052785923754 0.7508305647840532 0.12903225806451613 0.12624584717607973
0 0.6363636363636364 0.6129568106312292 0.09970674486803519 0.16943521594684385
0 0.6378299120234604 0.7807308970099668 0.08504398826979472 0.11960132890365449
0 0.5205278592375366 0.5863787375415282 0.08504398826979472 0.10299003322259136
0 0.5249266862170088 0.7558139534883721 0.11730205278592376 0.20930232558139536
0 0.3841642228739003 0.6245847176079734 0.14076246334310852 0.21926910299003322
0 0.3944281524926686 0.8338870431893688 0.0967741935483871 0.11960132890365449
0 0.26832844574780057 0.5664451827242525 0.10263929618768329 0.16943521594684385
0 0.2434017595307918 0.659468438538206 0.10557184750733138 0.08305647840531562
0 0.2653958944281525 0.8073089700996677 0.12609970674486803 0.18604651162790697
