0 0.6838709677419355 0.37122736418511065 0.05591397849462366 0.08249496981891348
0 0.6505376344086021 0.6066398390342053 0.04086021505376344 0.1267605633802817
0 0.6419354838709678 0.7152917505030181 0.03225806451612903 0.05835010060362173
0 0.7344086021505376 0.37122736418511065 0.06236559139784946 0.10261569416498995
0 0.7913978494623656 0.358148893360161 0.047311827956989246 0.1006036217303823
0 0.4946236559139785 0.12877263581488935 0.030107526881720432 0.052313883299798795
0 0.5 0.22032193158953722 0.06666666666666667 0.1267605633802817
0 0.5763440860215053 0.2193158953722334 0.06451612903225806 0.12474849094567404
0 0.6655913978494624 0.20724346076458752 0.053763440860215055 0.11670020120724346
0 0.7397849462365591 0.2062374245472837 0.09032258064516129 0.1227364185110664
0 0.821505376344086 0.19617706237424548 0.06451612903225806 0.08249496981891348
