0 0.315668202764977 0.39106402579456473 0.15514592933947774 0.1050207277752188
0 0.3333333333333333 0.4891754951635191 0.19969278033794163 0.06725011515430677
0 0.3717357910906298 0.5665591893136803 0.15053763440860216 0.058037770612620915
0 0.3870967741935484 0.6287425149700598 0.15053763440860216 0.06264394288346384
0 0.4062980030721966 0.7052049746660525 0.1889400921658986 0.07277752187931828
0 0.43317972350230416 0.7770612620912022 0.13517665130568357 0.058037770612620915
0 0.41781874039938555 0.8535237217871948 0.18433179723502305 0.08291110087517273
0 0.4470046082949309 0.9435743896821741 0.1935483870967742 0.07600184246890834
0 0.5307219662058372 0.35076001842468907 0.21351766513056836 0.10640257945647168
0 0.5791090629800307 0.46245969599263015 0.1935483870967742 0.09028097650852142
0 0.565284178187404 0.5474435743896822 0.1259600614439324 0.0262551819438047
0 0.6013824884792627 0.5838323353293413 0.11213517665130568 0.046522339935513586
