0 0.4773049645390071 0.40863787375415284 0.075177304964539 0.2857142857142857
0 0.4794326241134752 0.6877076411960132 0.03971631205673759 0.26578073089701
0 0.4929078014184397 0.9003322259136213 0.04680851063829787 0.08637873754152824
0 0.3943262411347518 0.4169435215946844 0.07943262411347518 0.2823920265780731
0 0.40283687943262414 0.6561461794019934 0.05390070921985816 0.22259136212624583
0 0.8489361702127659 0.42857142857142855 0.08085106382978724 0.27906976744186046
0 0.8609929078014185 0.6810631229235881 0.04822695035460993 0.23255813953488372
0 0.8595744680851064 0.8986710963455149 0.028368794326241134 0.16943521594684385
0 0.6468085106382979 0.6395348837209303 0.08794326241134752 0.08970099667774087
0 0.40283687943262414 0.8554817275747508 0.03971631205673759 0.18272425249169436
