0 0.7024597918637654 0.5230052417006407 0.065279091769158 0.06988934187536401
0 0.684957426679281 0.599009900990099 0.07757805108798486 0.07396622015142691
0 0.7781456953642384 0.5250436808386721 0.08420056764427625 0.09609784507862551
0 0.772469252601703 0.6065812463599302 0.059602649006622516 0.07396622015142691
0 0.260643330179754 0.26557949912638323 0.059602649006622516 0.10366919044845661
0 0.17407757805108798 0.3177052999417589 0.1021759697256386 0.09609784507862551
0 0.3509933774834437 0.19889341875364008 0.04730368968779565 0.07396622015142691
0 0.489120151371807 0.17676179382644147 0.07190160832544938 0.0809551543389633
0 0.5823084200567644 0.17472335468841002 0.065279091769158 0.06988934187536401
0 0.6608325449385052 0.19889341875364008 0.05392620624408704 0.058823529411764705
0 0.6362346263008515 0.32673267326732675 0.065279091769158 0.06988934187536401
0 0.48344370860927155 0.24548631333721607 0.07190160832544938 0.0553290623179965
0 0.7563859981078525 0.10832847990681421 0.065279091769158 0.0629004076878276
0 0.7086092715231788 0.284507862550961 0.07757805108798486 0.07396622015142691
0 0.6277199621570483 0.262085032032615 0.059602649006622516 0.0442632498543972
0 0.5586565752128666 0.2617938264414677 0.05392620624408704 0.05183459522422831
0 0.7355723746452223 0.19714618520675598 0.059602649006622516 0.07746068724519511
0 0.5794701986754967 0.093185789167152 0.08420056764427625 0.09202096680256261
0 0.6788079470198676 0.10279557367501456 0.065279091769158 0.07396622015142691
0 0.41674550614947964 0.09172976121141525 0.059602649006622516 0.09609784507862551
0 0.40491958372753073 0.24344787419918462 0.07190160832544938 0.0442632498543972
0 0.5558183538315988 0.4918462434478742 0.059602649006622516 0.05183459522422831
