0 0.2221297836938436 0.500646830530401 0.07487520798668885 0.08020698576972833
0 0.23460898502495842 0.61254851228978 0.06988352745424292 0.10996119016817593
0 0.23294509151414308 0.7341526520051747 0.04658901830282862 0.06597671410090557
0 0.3144758735440932 0.4741267787839586 0.056572379367720464 0.1073738680465718
0 0.30948419301164726 0.5834411384217335 0.056572379367720464 0.09573091849935317
0 0.3161397670549085 0.7166882276843467 0.06988352745424292 0.1034928848641656
0 0.3810316139767055 0.4754204398447607 0.06655574043261231 0.07373868046571798
0 0.44675540765391014 0.48124191461837 0.07487520798668885 0.06985769728331177
0 0.5074875207986689 0.47347994825355755 0.056572379367720464 0.018111254851228976
0 0.6688851913477537 0.425614489003881 0.056572379367720464 0.062095730918499355
0 0.718801996672213 0.4178525226390686 0.04658901830282862 0.0258732212160414
0 0.7529118136439268 0.4359637774902975 0.051580698835274545 0.054333764553686936
0 0.5332778702163061 0.18305304010349288 0.051580698835274545 0.02199223803363519
0 0.31863560732113144 0.2574385510996119 0.07487520798668885 0.0517464424320828
0 0.4475873544093178 0.19404915912031048 0.06655574043261231 0.08020698576972833
