0 0.23921568627450981 0.15361744301288405 0.06797385620915032 0.13280475718533202
0 0.26405228758169935 0.28543111992071357 0.05751633986928104 0.07730426164519326
0 0.28823529411764703 0.40386521308225964 0.08758169934640522 0.15163528245787908
0 0.3176470588235294 0.5480673934588701 0.10718954248366012 0.1288404360753221
0 0.34705882352941175 0.6947472745292369 0.08758169934640522 0.14073339940535184
0 0.36666666666666664 0.8181367690782954 0.03790849673202614 0.08424182358771061
0 0.5549019607843138 0.10406342913776016 0.05359477124183006 0.05550049554013875
0 0.5477124183006536 0.06640237859266601 0.05751633986928104 0.04757185332011893
0 0.18104575163398692 0.30426164519326065 0.048366013071895426 0.07730426164519326
0 0.18104575163398692 0.41377601585728446 0.08758169934640522 0.12586719524281467
0 0.22026143790849673 0.5277502477700694 0.048366013071895426 0.06640237859266601
