0 0.3471295060080107 0.1875452570601014 0.10146862483311081 0.08834178131788559
0 0.3317757009345794 0.28566256335988416 0.04672897196261682 0.09196234612599566
0 0.3257676902536716 0.3616944243301955 0.06141522029372497 0.05141202027516292
0 0.30774365821094796 0.44858797972483705 0.1081441922563418 0.13685734974656047
0 0.28437917222963954 0.5821868211440985 0.10146862483311081 0.1216509775524982
0 0.28437917222963954 0.7045619116582187 0.08811748998664887 0.10716871832005793
0 0.27169559412550065 0.8135409123823316 0.1295060080106809 0.11803041274438812
0 0.2977303070761015 0.9174511223750905 0.10146862483311081 0.0666183924692252
0 0.8204272363150867 0.5470673425054309 0.0814419225634179 0.11803041274438812
0 0.8618157543391188 0.6705286024619841 0.1081441922563418 0.1216509775524982
0 0.8818424566088118 0.8135409123823316 0.1081441922563418 0.12527154236060825
