0 0.8300884955752212 0.13687600644122383 0.10973451327433628 0.0998389694041868
0 0.8477876106194691 0.3083735909822866 0.08849557522123894 0.16264090177133655
0 0.6849557522123894 0.15619967793880837 0.06371681415929203 0.1320450885668277
0 0.7176991150442478 0.3083735909822866 0.12212389380530973 0.08856682769726248
0 0.6929203539823009 0.47342995169082125 0.12920353982300886 0.2028985507246377
0 0.7035398230088495 0.6747181964573269 0.09734513274336283 0.1996779388083736
0 0.6982300884955752 0.8542673107890499 0.12212389380530973 0.12077294685990338
0 0.347787610619469 0.2648953301127214 0.07256637168141593 0.037037037037037035
0 0.4327433628318584 0.573268921095008 0.07256637168141593 0.0322061191626409
0 0.30796460176991153 0.5056360708534622 0.08141592920353982 0.05152979066022544
0 0.31327433628318585 0.5644122383252818 0.08495575221238938 0.08856682769726248
