0 0.6002132196162047 0.3596673596673597 0.12153518123667377 0.2203742203742204
0 0.6428571428571429 0.5977130977130977 0.12153518123667377 0.18087318087318088
0 0.4605543710021322 0.3076923076923077 0.09808102345415778 0.1995841995841996
0 0.502132196162047 0.604989604989605 0.14285714285714285 0.22453222453222454
0 0.5330490405117271 0.8139293139293139 0.08955223880597014 0.07692307692307693
0 0.3624733475479744 0.15592515592515593 0.06823027718550106 0.12474012474012475
0 0.326226012793177 0.3212058212058212 0.06823027718550106 0.1683991683991684
0 0.37100213219616207 0.5862785862785863 0.08528784648187633 0.19542619542619544
0 0.3859275053304904 0.7952182952182952 0.1023454157782516 0.15176715176715178
0 0.2505330490405117 0.5717255717255717 0.07462686567164178 0.18711018711018712
0 0.2505330490405117 0.8004158004158004 0.11300639658848614 0.16216216216216217
