0 0.21449067431850788 0.36878306878306877 0.05021520803443329 0.06666666666666667
0 0.21951219512195122 0.45555555555555555 0.06025824964131994 0.09206349206349207
0 0.2259684361549498 0.5407407407407407 0.04447632711621234 0.06984126984126984
0 0.21664275466284075 0.6317460317460317 0.054519368723098996 0.08888888888888889
0 0.21592539454806312 0.7132275132275132 0.06456241032998565 0.05925925925925926
0 0.28622668579626975 0.35978835978835977 0.06456241032998565 0.05502645502645503
0 0.29411764705882354 0.43333333333333335 0.06025824964131994 0.09206349206349207
0 0.29483500717360117 0.5264550264550265 0.05021520803443329 0.07724867724867725
0 0.28694404591104733 0.6095238095238096 0.054519368723098996 0.08888888888888889
0 0.296987087517934 0.7111111111111111 0.054519368723098996 0.06984126984126984
0 0.3672883787661406 0.35185185185185186 0.054519368723098996 0.047619047619047616
0 0.42252510760401724 0.6 0.06456241032998565 0.1291005291005291
0 0.430416068866571 0.7222222222222222 0.08034433285509325 0.07724867724867725
0 0.4397417503586801 0.8243386243386244 0.0703012912482066 0.11851851851851852
0 0.4397417503586801 0.3412698412698413 0.0703012912482066 0.06243386243386243
0 0.5172166427546628 0.5407407407407407 0.06456241032998565 0.09947089947089947
0 0.5509325681492109 0.662962962962963 0.08034433285509325 0.09206349206349207
0 0.5753228120516499 0.7407407407407407 0.08034433285509325 0.06984126984126984
0 0.5853658536585366 0.8116402116402116 0.06025824964131994 0.06984126984126984
