0 0.4364705882352941 0.29590017825311943 0.09176470588235294 0.12477718360071301
0 0.4223529411764706 0.43493761140819964 0.08235294117647059 0.12834224598930483
0 0.40941176470588236 0.535650623885918 0.05647058823529412 0.062388591800356503
0 0.42705882352941177 0.6105169340463458 0.07294117647058823 0.0481283422459893
0 0.42470588235294116 0.7023172905525846 0.08705882352941176 0.1140819964349376
0 0.4258823529411765 0.8529411764705882 0.05176470588235294 0.0873440285204991
0 0.3423529411764706 0.2887700534759358 0.07764705882352942 0.11764705882352941
0 0.34 0.464349376114082 0.08235294117647059 0.14795008912655971
0 0.3070588235294118 0.6229946524064172 0.11529411764705882 0.0873440285204991
0 0.26235294117647057 0.2887700534759358 0.08235294117647059 0.12477718360071301
0 0.2611764705882353 0.49732620320855614 0.05176470588235294 0.11764705882352941
0 0.21411764705882352 0.2638146167557932 0.05647058823529412 0.035650623885918005
0 0.5211764705882352 0.22281639928698752 0.08235294117647059 0.13903743315508021
