0 0.77735368956743 0.2003780718336484 0.07888040712468193 0.14744801512287334
0 0.7900763358778626 0.40831758034026466 0.09414758269720101 0.17013232514177692
0 0.77735368956743 0.5935727788279773 0.11959287531806616 0.09829867674858223
0 0.787531806615776 0.6928166351606805 0.089058524173028 0.0888468809073724
0 0.594147582697201 0.10964083175803403 0.0737913486005089 0.10586011342155009
0 0.6424936386768448 0.2589792060491493 0.04834605597964377 0.166351606805293
0 0.6297709923664122 0.43005671077504726 0.10432569974554708 0.0888468809073724
0 0.628498727735369 0.5633270321361059 0.13231552162849872 0.11720226843100189
0 0.6463104325699746 0.6729678638941399 0.1272264631043257 0.13610586011342155
0 0.4643765903307888 0.0945179584120983 0.058524173027989825 0.09829867674858223
0 0.4643765903307888 0.2627599243856333 0.05343511450381679 0.166351606805293
0 0.46946564885496184 0.4158790170132325 0.09923664122137404 0.1323251417769376
0 0.4669211195928753 0.5595463137996219 0.11450381679389313 0.10207939508506617
0 0.4262086513994911 0.776937618147448 0.0737913486005089 0.166351606805293
