0 0.5460652591170825 0.43902439024390244 0.07869481765834933 0.08826945412311266
0 0.5671785028790787 0.5818815331010453 0.10940499040307101 0.10685249709639953
0 0.5595009596928983 0.7177700348432056 0.09788867562380038 0.07665505226480836
0 0.5892514395393474 0.859465737514518 0.1036468330134357 0.06968641114982578
0 0.3714011516314779 0.3170731707317073 0.09788867562380038 0.04413472706155633
0 0.3838771593090211 0.44076655052264807 0.07293666026871401 0.1289198606271777
0 0.4021113243761996 0.5679442508710801 0.10940499040307101 0.09523809523809523
0 0.4145873320537428 0.7200929152148664 0.07293666026871401 0.11846689895470383
0 0.28502879078694815 0.5609756097560976 0.10940499040307101 0.08826945412311266
0 0.2677543186180422 0.7003484320557491 0.09021113243761997 0.06968641114982578
