0 0.3912442396313364 0.07666417352281227 0.035944700460829496 0.044128646222887064
0 0.4847926267281106 0.11144353029169783 0.04055299539170507 0.04038893044128646
0 0.4271889400921659 0.22662677636499626 0.04516129032258064 0.04786836200448766
0 0.4110599078341014 0.12827225130890052 0.04055299539170507 0.05160807778608826
0 0.3138248847926267 0.15071054599850411 0.04516129032258064 0.03664921465968586
0 0.21705069124423962 0.08788332086761406 0.035944700460829496 0.05160807778608826
0 0.2248847926267281 0.25467464472700074 0.03133640552995392 0.05160807778608826
0 0.18341013824884791 0.25467464472700074 0.04055299539170507 0.05160807778608826
0 0.1488479262672811 0.25205684367988035 0.026728110599078342 0.04038893044128646
0 0.32211981566820275 0.7225130890052356 0.04516129032258064 0.032909498878085267
0 0.3138248847926267 0.7804786836200449 0.035944700460829496 0.059087509349289455
0 0.3935483870967742 0.7299925205684368 0.04976958525345622 0.055347793567688854
0 0.4525345622119816 0.7427075542258789 0.05898617511520737 0.08077786088257292
0 0.4824884792626728 0.8208676140613314 0.06359447004608294 0.06656694091249066
