0 0.6729222520107239 0.25721561969439727 0.09115281501340483 0.07640067911714771
0 0.6809651474530831 0.39813242784380304 0.08579088471849866 0.15789473684210525
0 0.7332439678284183 0.5865874363327674 0.06166219839142091 0.11035653650254669
0 0.7305630026809652 0.7207130730050934 0.10991957104557641 0.10696095076400679
0 0.6260053619302949 0.5806451612903226 0.10455764075067024 0.12903225806451613
0 0.7131367292225201 0.8174872665534805 0.07506702412868632 0.07640067911714771
0 0.5978552278820375 0.6808149405772496 0.09115281501340483 0.09168081494057725
0 0.5924932975871313 0.8047538200339559 0.09115281501340483 0.09507640067911714
0 0.4772117962466488 0.5814940577249575 0.07506702412868632 0.11035653650254669
0 0.2359249329758713 0.7037351443123939 0.07506702412868632 0.14431239388794567
0 0.5737265415549598 0.8904923599320883 0.06970509383378017 0.03904923599320883
