0 0.2304 0.16248153618906944 0.112 0.07680945347119646
0 0.2224 0.25627769571639586 0.096 0.06646971935007386
0 0.232 0.39438700147710487 0.0512 0.16248153618906944
0 0.3528 0.138109305760709 0.0912 0.155096011816839
0 0.3608 0.3249630723781389 0.0752 0.1654357459379616
0 0.3632 0.45790251107828656 0.048 0.07680945347119646
0 0.36 0.603397341211226 0.0992 0.20236336779911374
0 0.5128 0.3847858197932053 0.1232 0.172821270310192
0 0.5352 0.5790251107828656 0.104 0.17725258493353027
0 0.5248 0.7725258493353028 0.0672 0.12112259970457903
0 0.668 0.3353028064992615 0.12 0.19497784342688332
0 0.6848 0.5450516986706057 0.096 0.206794682422452
0 0.688 0.723781388478582 0.064 0.11816838995568685
