0 0.7141453831041258 0.18154402895054284 0.06483300589390963 0.1218335343787696
0 0.6984282907662083 0.3088057901085645 0.0962671905697446 0.11821471652593486
0 0.7239685658153242 0.42581423401688784 0.10805500982318271 0.09891435464414958
0 0.5834970530451866 0.16827503015681544 0.047151277013752456 0.08082026537997587
0 0.5667976424361493 0.2925211097708082 0.10805500982318271 0.10735826296743065
0 0.5776031434184676 0.4234016887816647 0.0825147347740668 0.13268998793727382
0 0.587426326129666 0.5657418576598311 0.10216110019646366 0.08443908323281062
0 0.4066797642436149 0.1411338962605549 0.09037328094302555 0.06996381182147166
0 0.38605108055009824 0.27080820265379973 0.0962671905697446 0.1218335343787696
0 0.3703339882121807 0.4294330518697226 0.06483300589390963 0.16646562123039807
0 0.3664047151277014 0.594692400482509 0.11984282907662082 0.13268998793727382
0 0.3487229862475442 0.7418576598311218 0.11984282907662082 0.12545235223160434
