0 0.3684210526315789 0.3606356968215159 0.10983981693363844 0.09046454767726161
0 0.8581235697940504 0.6185819070904646 0.06864988558352403 0.13202933985330073
0 0.7128146453089245 0.41442542787286063 0.11212814645308924 0.1393643031784841
0 0.8386727688787186 0.4315403422982885 0.09839816933638444 0.14425427872860636
0 0.7151029748283753 0.628361858190709 0.16247139588100687 0.2396088019559902
0 0.6132723112128147 0.4254278728606357 0.06864988558352403 0.17603911980440098
0 0.5881006864988558 0.6320293398533008 0.10983981693363844 0.1882640586797066
0 0.49084668192219677 0.4193154034229829 0.11212814645308924 0.1882640586797066
0 0.4988558352402746 0.6430317848410758 0.06407322654462243 0.20537897310513448
0 0.3890160183066362 0.6210268948655256 0.09153318077803203 0.19070904645476772
0 0.2459954233409611 0.3863080684596577 0.13501144164759726 0.19559902200489
0 0.2528604118993135 0.5929095354523227 0.08466819221967964 0.1687041564792176
0 0.12814645308924486 0.36552567237163813 0.09153318077803203 0.1100244498777506
0 0.13043478260869565 0.5550122249388753 0.10983981693363844 0.1466992665036675
0 0.2562929061784897 0.18704156479217604 0.07780320366132723 0.15403422982885084
