0 0.7664165103189493 0.48696461824953446 0.11069418386491557 0.12104283054003724
0 0.773921200750469 0.6433891992551211 0.08067542213883677 0.10614525139664804
0 0.6538461538461539 0.4757914338919926 0.06191369606003752 0.06890130353817504
0 0.8433395872420263 0.5111731843575419 0.04690431519699812 0.11731843575418995
0 0.8639774859287055 0.6191806331471136 0.058161350844277676 0.04283054003724395
0 0.5881801125703565 0.5130353817504656 0.08818011257035648 0.14338919925512103
0 0.6651031894934334 0.5558659217877095 0.058161350844277676 0.10242085661080075
0 0.6219512195121951 0.6713221601489758 0.08067542213883677 0.16945996275605213
0 0.5225140712945591 0.5316573556797021 0.06941838649155722 0.09124767225325885
0 0.5544090056285178 0.6638733705772812 0.09568480300187618 0.12476722532588454
0 0.44934333958724204 0.5465549348230913 0.07317073170731707 0.12104283054003724
0 0.4549718574108818 0.6787709497206704 0.09193245778611632 0.13221601489757914
0 0.35553470919324576 0.5633147113594041 0.09193245778611632 0.16945996275605213
0 0.36866791744840527 0.7141527001862198 0.08067542213883677 0.12849162011173185
