0 0.6381909547738693 0.1652574942352037 0.06365159128978225 0.021521906225980016
0 0.29229480737018426 0.1652574942352037 0.07202680067001675 0.029208301306687164
0 0.6222780569514238 0.3078401229823213 0.11222780569514237 0.04073789392774789
0 0.31155778894472363 0.3039969254419677 0.10385259631490787 0.0622598001537279
0 0.6792294807370184 0.46771714066103 0.09547738693467336 0.04073789392774789
0 0.32663316582914576 0.4711760184473482 0.10385259631490787 0.04765564950038432
0 0.6792294807370184 0.6003074558032283 0.11222780569514237 0.05534204458109147
0 0.35175879396984927 0.6152959262106072 0.10385259631490787 0.0622598001537279
0 0.2989949748743719 0.7694081475787855 0.11222780569514237 0.03689469638739431
0 0.5979899497487438 0.8897002305918524 0.10385259631490787 0.04073789392774789
0 0.5820770519262981 0.7574942352036894 0.09547738693467336 0.043812451960030745
