0 0.31534772182254195 0.5249821556031407 0.1223021582733813 0.05924339757316203
0 0.46522781774580335 0.5242683797287652 0.1486810551558753 0.07351891506067094
0 0.46402877697841727 0.6020699500356888 0.09832134292565947 0.07351891506067094
0 0.31534772182254195 0.5895788722341185 0.09832134292565947 0.07708779443254818
0 0.4412470023980815 0.6563169164882227 0.1486810551558753 0.04068522483940043
0 0.434052757793765 0.7451820128479657 0.11031175059952038 0.06995003568879372
0 0.40167865707434053 0.8358315488936474 0.1223021582733813 0.04425410421127766
0 0.4088729016786571 0.9043540328336902 0.1366906474820144 0.06281227694503926
0 0.3213429256594724 0.43968593861527483 0.08633093525179857 0.08850820842255532
0 0.3273381294964029 0.33012134189864384 0.1223021582733813 0.04782298358315489
0 0.473621103117506 0.2930049964311206 0.1223021582733813 0.054960742326909354
0 0.34652278177458035 0.1766595289079229 0.1366906474820144 0.05924339757316203
0 0.5095923261390888 0.1966452533904354 0.1366906474820144 0.09207708779443255
0 0.3213429256594724 0.11384725196288366 0.11031175059952038 0.06638115631691649
0 0.4880095923261391 0.06887937187723055 0.1223021582733813 0.06638115631691649
0 0.4832134292565947 0.12098501070663811 0.1606714628297362 0.05924339757316203
