0 0.11694510739856802 0.501998001998002 0.035003977724741446 0.13286713286713286
0 0.1428003182179793 0.7147852147852148 0.06443914081145585 0.12887112887112886
0 0.21280827366746222 0.40559440559440557 0.050119331742243436 0.0959040959040959
0 0.1801909307875895 0.4785214785214785 0.050119331742243436 0.04795204795204795
0 0.17859984089101033 0.5589410589410589 0.046937151949085126 0.1068931068931069
0 0.20087509944311854 0.6523476523476524 0.050119331742243436 0.06993006993006994
0 0.21360381861575178 0.7462537462537463 0.0405727923627685 0.11788211788211789
0 0.2553699284009546 0.461038961038961 0.0588703261734288 0.1108891108891109
0 0.24383452665075578 0.538961038961039 0.046937151949085126 0.058941058941058944
0 0.24900556881463803 0.6723276723276723 0.035003977724741446 0.08791208791208792
0 0.7004773269689738 0.34115884115884115 0.0294351630867144 0.1068931068931069
0 0.6889419252187748 0.22977022977022976 0.0588703261734288 0.0919080919080919
0 0.7462211614956245 0.28771228771228774 0.05568814638027048 0.07392607392607392
0 0.8627684964200477 0.27022977022977024 0.06443914081145585 0.1068931068931069
0 0.3261734287987271 0.461038961038961 0.07000795544948289 0.1108891108891109
0 0.3854415274463007 0.4275724275724276 0.046937151949085126 0.0959040959040959
0 0.4502784407319014 0.4080919080919081 0.0588703261734288 0.08491508491508491
0 0.41328560063643593 0.7627372627372627 0.050119331742243436 0.03296703296703297
0 0.5823389021479713 0.7077922077922078 0.05250596658711217 0.06293706293706294
0 0.7816229116945107 0.5394605394605395 0.06762132060461416 0.1258741258741259
