0 0.463849765258216 0.3752 0.048826291079812206 0.1456
0 0.28169014084507044 0.548 0.03943661971830986 0.1456
0 0.2267605633802817 0.6152 0.06103286384976526 0.136
0 0.33004694835680753 0.7336 0.038497652582159626 0.0752
0 0.48169014084507045 0.5832 0.0431924882629108 0.1712
0 0.532394366197183 0.5928 0.05070422535211268 0.104
0 0.5981220657276995 0.564 0.048826291079812206 0.0816
0 0.5976525821596245 0.72 0.04788732394366197 0.1504
0 0.5431924882629108 0.724 0.04037558685446009 0.04
0 0.6577464788732394 0.4176 0.06666666666666667 0.16
0 0.5985915492957746 0.3616 0.059154929577464786 0.224
0 0.5244131455399061 0.3912 0.06103286384976526 0.1776
0 0.3492957746478873 0.6032 0.05821596244131456 0.0864
0 0.38309859154929576 0.728 0.056338028169014086 0.128
0 0.32723004694835683 0.4816 0.051643192488262914 0.1504
