0 0.2798579728857327 0.20057971014492754 0.035506778566817304 0.022028985507246378
0 0.24951581665590702 0.26521739130434785 0.039380245319561004 0.04927536231884058
0 0.3143963847643641 0.22057971014492753 0.028405422853453842 0.03188405797101449
0 0.31116849580374434 0.25072463768115943 0.03357004519044545 0.013333333333333334
0 0.28857327307940606 0.37072463768115943 0.04131697869593286 0.03188405797101449
0 0.37185280826339573 0.36492753623188406 0.029696578437701744 0.023768115942028985
0 0.36927049709489995 0.4043478260869565 0.024531956100710135 0.03188405797101449
0 0.5109748224661071 0.6426086956521739 0.039380245319561004 0.03536231884057971
0 0.5100064557779213 0.7165217391304348 0.03357004519044545 0.04057971014492753
0 0.5041962556488057 0.812463768115942 0.03357004519044545 0.028405797101449276
0 0.5054874112330536 0.8646376811594203 0.058102001291155586 0.06434782608695652
0 0.5142027114267269 0.5968115942028985 0.02646868947708199 0.03536231884057971
0 0.5122659780503551 0.463768115942029 0.02646868947708199 0.05217391304347826
0 0.5832795351839897 0.40492753623188404 0.035506778566817304 0.04579710144927536
0 0.525500322788896 0.24840579710144928 0.04906391220142027 0.042318840579710144
0 0.5090380890897354 0.3884057971014493 0.039380245319561004 0.0336231884057971
0 0.4767591994835378 0.41333333333333333 0.0316333118140736 0.022028985507246378
0 0.6630083925112976 0.20492753623188406 0.028405422853453842 0.06086956521739131
0 0.5171078114912847 0.11652173913043479 0.024531956100710135 0.0336231884057971
0 0.5587475790832795 0.11217391304347826 0.04325371207230471 0.042318840579710144
0 0.6568754034861201 0.04492753623188406 0.039380245319561004 0.023768115942028985
0 0.6636539703034215 0.08405797101449275 0.04906391220142027 0.04057971014492753
0 0.6607488702388638 0.13855072463768117 0.04325371207230471 0.03710144927536232
0 0.6910910264686895 0.42318840579710143 0.04325371207230471 0.025507246376811593
0 0.6659134925758554 0.26 0.022595222724338282 0.03884057971014493
0 0.5816655907036798 0.25681159420289856 0.024531956100710135 0.05565217391304348
0 0.5048418334409296 0.30579710144927535 0.05293737895416398 0.03884057971014493
0 0.5981278244028405 0.4736231884057971 0.04325371207230471 0.04057971014492753
0 0.6116849580374435 0.15971014492753624 0.04712717882504842 0.042318840579710144
0 0.18108457069076825 0.6281159420289855 0.08327953518398967 0.10840579710144928
