0 0.3549141965678627 0.7493074792243767 0.0483619344773791 0.14127423822714683
0 0.3533541341653666 0.6191135734072022 0.0421216848673947 0.10803324099722991
0 0.35257410296411856 0.27008310249307477 0.056162246489859596 0.13573407202216067
0 0.2574102964118565 0.23407202216066483 0.0686427457098284 0.13573407202216067
0 0.5327613104524181 0.20083102493074792 0.06396255850234009 0.13019390581717452
0 0.6209048361934477 0.18559556786703602 0.0499219968798752 0.12742382271468145
0 0.7425897035881436 0.1634349030470914 0.0436817472698908 0.07756232686980609
0 0.7277691107644306 0.667590027700831 0.07020280811232449 0.14958448753462603
0 0.718408736349454 0.4986149584487535 0.0327613104524181 0.10526315789473684
0 0.733229329173167 0.314404432132964 0.059282371294851796 0.15789473684210525
