0 0.25675675675675674 0.1287758346581876 0.10510510510510511 0.12400635930047695
0 0.4294294294294294 0.17090620031796502 0.18018018018018017 0.1987281399046105
0 0.22972972972972974 0.34181240063593005 0.07507507507507508 0.11764705882352941
0 0.3768768768768769 0.35294117647058826 0.1111111111111111 0.11764705882352941
0 0.53003003003003 0.40381558028616854 0.19519519519519518 0.16534181240063592
0 0.35435435435435436 0.4825119236883943 0.0960960960960961 0.10015898251192369
0 0.3303303303303303 0.5627980922098569 0.12612612612612611 0.05405405405405406
0 0.47897897897897895 0.5794912559618441 0.09309309309309309 0.11287758346581876
0 0.36036036036036034 0.7774244833068362 0.13213213213213212 0.14308426073131955
0 0.5045045045045045 0.7885532591414944 0.12612612612612611 0.13672496025437203
0 0.36186186186186187 0.9062003179650239 0.12912912912912913 0.08585055643879173
0 0.2072072072072072 0.46184419713831476 0.05405405405405406 0.06836248012718601
