0 0.2286652078774617 0.2119205298013245 0.09409190371991247 0.10596026490066225
0 0.2538293216630197 0.37527593818984545 0.13566739606126915 0.15894039735099338
0 0.2439824945295405 0.5264900662251656 0.07658643326039387 0.09050772626931568
0 0.2724288840262582 0.7317880794701986 0.10284463894967177 0.19646799116997793
0 0.3993435448577681 0.2240618101545254 0.10722100656455143 0.11699779249448124
0 0.43544857768052514 0.4083885209713024 0.09190371991247265 0.20309050772626933
0 0.4759299781181619 0.5816777041942605 0.09409190371991247 0.11699779249448124
0 0.4485776805251641 0.7626931567328918 0.07439824945295405 0.09492273730684327
0 0.5984682713347921 0.5838852097130243 0.12472647702407003 0.17439293598233996
0 0.7133479212253829 0.5849889624724062 0.061269146608315096 0.16335540838852097
