0 0.41728091728091726 0.4073045706962836 0.07780507780507781 0.04058094831268689
0 0.18058968058968058 0.46454506621102093 0.07452907452907453 0.05595899188381034
0 0.13472563472563473 0.5256300726185391 0.06142506142506143 0.049124305852199915
0 0.07821457821457821 0.5781717214865442 0.07780507780507781 0.0457069628363947
0 0.08968058968058969 0.6618966253737719 0.10073710073710074 0.05937633489961555
0 0.8914823914823915 0.5 0.06142506142506143 0.028620247757368645
0 0.8955773955773956 0.5469884664673217 0.07125307125307126 0.05425032037590773
0 0.88001638001638 0.46539940196497226 0.05814905814905815 0.030328919265271252
0 0.8636363636363636 0.4141392567278941 0.07125307125307126 0.05083297736010252
0 0.8194103194103194 0.17620674925245622 0.054873054873054876 0.02691157624946604
0 0.8226863226863227 0.23472874839812047 0.08763308763308764 0.08329773601025203
0 0.8308763308763308 0.2966680905595899 0.05814905814905815 0.030328919265271252
0 0.8374283374283374 0.34023921401110635 0.07125307125307126 0.032037590773173856
0 0.48034398034398035 0.26377616403246473 0.06797706797706797 0.049124305852199915
0 0.1986076986076986 0.5555318240068347 0.07125307125307126 0.07133703545493379
0 0.27559377559377557 0.4773601025202905 0.07452907452907453 0.05766766339171294
0 0.6875511875511876 0.17620674925245622 0.05814905814905815 0.05083297736010252
