0 0.32951289398280803 0.1138996138996139 0.12034383954154727 0.1402831402831403
0 0.5286532951289399 0.1402831402831403 0.23782234957020057 0.09266409266409266
0 0.5386819484240688 0.2902187902187902 0.1833810888252149 0.15572715572715573
0 0.32664756446991405 0.5572715572715573 0.17765042979942694 0.06692406692406692
0 0.34097421203438394 0.6653796653796654 0.166189111747851 0.11325611325611326
0 0.33954154727793695 0.7754182754182755 0.08882521489971347 0.07078507078507079
0 0.39255014326647564 0.8841698841698842 0.14326647564469913 0.08236808236808237
0 0.5415472779369628 0.8886743886743886 0.13753581661891118 0.08108108108108109
0 0.6934097421203438 0.8938223938223938 0.1318051575931232 0.10167310167310167
0 0.36103151862464183 0.2619047619047619 0.13753581661891118 0.10167310167310167
0 0.35673352435530087 0.39768339768339767 0.06017191977077364 0.03346203346203346
0 0.7363896848137536 0.3005148005148005 0.07449856733524356 0.032175032175032175
