0 0.36132644272179154 0.12581991651759095 0.026701119724375538 0.05247465712581992
0 0.38845822566752797 0.1282051282051282 0.029285099052540915 0.06082289803220036
0 0.4190353143841516 0.12313655336911151 0.03186907838070629 0.05426356589147287
0 0.4625322997416021 0.285629099582588 0.03617571059431524 0.05247465712581992
0 0.49224806201550386 0.2716159809183065 0.02153316106804479 0.035181872391174714
0 0.5202411714039621 0.26863446630888493 0.024117140396210164 0.042337507453786526
0 0.48751076658053405 0.1657722122838402 0.041343669250646 0.016696481812760882
0 0.3143841515934539 0.38580799045915326 0.05857019810508183 0.03220035778175313
0 0.3031869078380706 0.44633273703041143 0.07062876830318691 0.07453786523553965
0 0.3906115417743325 0.4847942754919499 0.07838070628768304 0.07990459153249851
0 0.3040482342807924 0.5128205128205128 0.053402239448751075 0.044126416219439475
0 0.28940568475452194 0.5813953488372093 0.08785529715762273 0.07990459153249851
0 0.28208440999138673 0.6574239713774598 0.07321274763135228 0.07811568276684555
0 0.28079242032730406 0.7412045319022064 0.07579672695951765 0.07990459153249851
0 0.27906976744186046 0.8264758497316637 0.08096468561584841 0.0763267740011926
0 0.3763996554694229 0.8032200357781754 0.10508182601205857 0.057245080500894455
0 0.38199827734711456 0.8801431127012522 0.08527131782945736 0.08825283243887895
0 0.39750215331610683 0.5790101371496721 0.07321274763135228 0.08467501490757305
0 0.38285960378983636 0.6425163983303518 0.07838070628768304 0.042337507453786526
0 0.3768303186907838 0.7113893858079905 0.06632213608957795 0.08109719737626714
