0 0.09631949882537197 0.23907666941467437 0.07517619420516837 0.07914262159934048
0 0.08104933437744714 0.37015663643858204 0.0822239624119029 0.1170651277823578
0 0.11628817541111981 0.5296784830997526 0.08065779169929523 0.08161582852431987
0 0.10689115113547376 0.6830173124484749 0.0822239624119029 0.09315746084089035
0 0.21769772905246673 0.5329760923330585 0.06734534064212999 0.09975267930750206
0 0.2317932654659358 0.6698268755152514 0.06421299921691465 0.09315746084089035
0 0.2364917776037588 0.7431986809563067 0.05324980422866092 0.028854080791426217
0 0.39350039154267813 0.7238252267106348 0.03837118245888802 0.018136850783182192
0 0.3065779169929522 0.6562242374278648 0.07752545027407988 0.11376751854905194
0 0.3034455755677369 0.5333882934872217 0.04463586530931871 0.07584501236603462
0 0.240407204385278 0.23495465787304204 0.07047768206734534 0.10882110469909316
0 0.341425215348473 0.359439406430338 0.07517619420516837 0.11541632316570487
0 0.4068128425998434 0.5181368507831822 0.07752545027407988 0.09315746084089035
0 0.4142521534847298 0.6549876339653751 0.056382145653876274 0.10140148392415499
0 0.4244322631166797 0.2213520197856554 0.05794831636648395 0.09150865622423743
0 0.4346123727486296 0.35737840065952187 0.05951448707909162 0.09480626545754328
0 0.7631166797180893 0.23660346248969497 0.0822239624119029 0.11541632316570487
0 0.9056382145653876 0.23206924979389942 0.08379013312451057 0.0898598516075845
0 0.76938136256852 0.37963726298433637 0.07909162098668755 0.09480626545754328
0 0.6476115896632733 0.3800494641384996 0.07047768206734534 0.10882110469909316
0 0.6002349256068912 0.494641384995878 0.03523884103367267 0.05935696619950536
0 0.5700861393891934 0.40725474031327286 0.06108065779169929 0.06595218466611706
0 0.644087705559906 0.638911788953009 0.03523884103367267 0.021434460016488046
0 0.6135473766640563 0.6257213520197856 0.04150352388410337 0.07089859851607584
0 0.5454189506656225 0.6174773289365211 0.025841816758026624 0.06100577081615829
0 0.07556773688332029 0.7555647155812036 0.03837118245888802 0.033800494641384994
0 0.19068128425998435 0.15663643858202803 0.08848864526233359 0.023083264633140973
