0 0.38716502115655854 0.1426459719142646 0.05782792665726375 0.03547671840354767
0 0.3935119887165021 0.11160384331116038 0.05077574047954866 0.025129342202512936
0 0.4823695345557123 0.15594974131559497 0.07334273624823695 0.025129342202512936
0 0.39844851904090267 0.28750923872875095 0.04090267983074753 0.013303769401330377
0 0.4012693935119887 0.3137472283813747 0.06064880112834979 0.031781226903178125
0 0.7306064880112835 0.06873614190687362 0.13540197461212977 0.08130081300813008
0 0.7376586741889986 0.13747228381374724 0.13540197461212977 0.04582409460458241
0 0.729901269393512 0.19142645971914266 0.12552891396332863 0.04878048780487805
0 0.7214386459802539 0.26570583887657057 0.09732016925246827 0.07760532150776053
0 0.8385049365303244 0.2590539541759054 0.10296191819464035 0.08499630450849963
0 0.8568406205923836 0.18255728011825573 0.11988716502115655 0.06060606060606061
0 0.8631875881523272 0.10643015521064302 0.0930888575458392 0.06947524020694752
0 0.8624823695345557 0.04360679970436068 0.10578279266572638 0.038433111603843315
0 0.3716502115655853 0.40096082779009606 0.2073342736248237 0.031781226903178125
0 0.6036671368124118 0.3754619364375462 0.022566995768688293 0.014781966001478197
0 0.6445698166431594 0.3917220990391722 0.028208744710860368 0.013303769401330377
