0 0.2474 0.5982041049030786 0.0356 0.02708095781071836
0 0.239 0.6278506271379704 0.0332 0.02194982896237172
0 0.2342 0.6500855188141391 0.0332 0.018529076396807297
0 0.2154 0.673745724059293 0.0284 0.018529076396807297
0 0.429 0.48931014823261115 0.05 0.04076396807297605
0 0.4146 0.5317844925883695 0.0452 0.033922462941847205
0 0.3622 0.5275085518814139 0.05 0.03905359179019384
0 0.3058 0.5548745724059293 0.0332 0.049315849486887116
0 0.2942 0.6016248574686431 0.038 0.03734321550741163
0 0.2762 0.6321265678449259 0.0356 0.023660205245153935
0 0.2558 0.665478905359179 0.0428 0.03563283922462942
0 0.2414 0.705387685290764 0.0476 0.03050171037628278
0 0.3202 0.6509407069555302 0.0428 0.04418472063854048
0 0.4038 0.5657069555302167 0.0428 0.02708095781071836
0 0.3942 0.6041904218928165 0.0572 0.04247434435575827
0 0.379 0.6594925883694412 0.0596 0.0476054732041049
0 0.5162 0.4146237172177879 0.0476 0.03734321550741163
0 0.5078 0.4699258836944128 0.0452 0.049315849486887116
0 0.5006 0.5047035347776511 0.0308 0.02023945267958951
0 0.5006 0.5394811858608894 0.05 0.04247434435575827
0 0.4886 0.5836659064994298 0.0596 0.04247434435575827
0 0.4862 0.6364025085518814 0.0404 0.04247434435575827
0 0.4706 0.6925598631698974 0.0356 0.04589509692132269
0 0.4634 0.7435860889395667 0.0476 0.02879133409350057
0 0.4526 0.790193842645382 0.0404 0.05074116305587229
0 0.4422 0.8396522234891676 0.0332 0.04418472063854048
0 0.5614 0.4374287343215507 0.0284 0.049315849486887116
0 0.559 0.4833238312428734 0.038 0.03563283922462942
0 0.5542 0.5206670467502851 0.038 0.02879133409350057
0 0.5446 0.5634264538198404 0.0332 0.03563283922462942
0 0.5386 0.6127423033067275 0.0476 0.049315849486887116
0 0.5374 0.6646237172177879 0.062 0.04076396807297605
0 0.5314 0.7070980615735462 0.0548 0.03050171037628278
0 0.5206 0.7512827822120867 0.0404 0.04076396807297605
0 0.5198 0.8072976054732041 0.0548 0.05758266818700114
0 0.589 0.7511402508551881 0.05 0.05074116305587229
0 0.5842 0.810005701254276 0.0404 0.049315849486887116
0 0.6078 0.4322976054732041 0.05 0.04589509692132269
0 0.6102 0.47391676168757124 0.0596 0.03050171037628278
0 0.6018 0.5285062713797035 0.0476 0.06784492588369441
0 0.5962 0.6194412770809579 0.0644 0.06271379703534778
0 0.5926 0.6924173318129989 0.0572 0.055872291904218926
0 0.541 0.16006271379703535 0.0212 0.015108323831242873
0 0.621 0.15521664766248575 0.0284 0.015108323831242873
0 0.1854 0.5420467502850627 0.0308 0.016818700114025087
0 0.4718 0.1458095781071836 0.026 0.02023945267958951
0 0.5386 0.0999144811858609 0.026 0.013397947548460661
0 0.6102 0.09392816419612315 0.0404 0.03563283922462942
0 0.3966 0.19084948688711517 0.014 0.015108323831242873
