0 0.6849255039439088 0.07916833266693322 0.044697633654688866 0.030387844862055178
0 0.7037686240140227 0.12355057976809276 0.03680981595092025 0.027189124350259896
0 0.5341805433829974 0.19672131147540983 0.04820333041191937 0.04078368652538984
0 0.5990359333917616 0.19332267093162736 0.044697633654688866 0.04758096761295482
0 0.5468886941279579 0.29788084766093564 0.05959684487291849 0.04238304678128749
0 0.6064855390008764 0.23910435825669732 0.06660823838737949 0.04078368652538984
0 0.5411919368974584 0.2552978808476609 0.04820333041191937 0.03558576569372251
0 0.6042944785276073 0.3208716513394642 0.05521472392638037 0.03398640543782487
0 0.7703768624014022 0.0349860055977609 0.06660823838737949 0.03718512594962015
0 0.7646801051709027 0.08516593362654938 0.04820333041191937 0.04238304678128749
0 0.7668711656441718 0.12774890043982406 0.05959684487291849 0.03558576569372251
0 0.4145486415425066 0.3838464614154338 0.07011393514460999 0.027189124350259896
0 0.4110429447852761 0.42043182726909234 0.06310254163014899 0.03558576569372251
0 0.36064855390008765 0.3906437425029988 0.051709027169149865 0.043982407037185124
0 0.3514460999123576 0.44322271091563376 0.06310254163014899 0.03718512594962015
0 0.3470639789658195 0.48500599760095964 0.040315512708150744 0.028788484606157537
0 0.5109553023663453 0.4084366253498601 0.040315512708150744 0.03558576569372251
0 0.7142857142857143 0.3308676529388245 0.03680981595092025 0.02039184326269492
0 0.5477651183172656 0.4348260695721711 0.040315512708150744 0.02039184326269492
0 0.528045574057844 0.5061975209916033 0.051709027169149865 0.030387844862055178
0 0.3382997370727432 0.5223910435825669 0.05959684487291849 0.03558576569372251
0 0.33654688869412797 0.568172730907637 0.040315512708150744 0.04558176729308277
0 0.28045574057843997 0.6355457816873251 0.07011393514460999 0.03718512594962015
0 0.2506573181419807 0.6889244302279088 0.06310254163014899 0.04558176729308277
0 0.21691498685363717 0.7375049980007997 0.07800175284837861 0.04758096761295482
0 0.18185801928133216 0.7852858856457418 0.08150744960560911 0.04078368652538984
0 0.20201577563540754 0.9144342263094762 0.04820333041191937 0.030387844862055178
0 0.32164767747589834 0.8574570171931227 0.06310254163014899 0.03558576569372251
0 0.39570552147239263 0.7750899640143942 0.04820333041191937 0.03398640543782487
0 0.4333917616126205 0.6879248300679728 0.05521472392638037 0.023590563774490203
