0 0.18275862068965518 0.12905500705218617 0.05379310344827586 0.10860366713681241
0 0.16482758620689655 0.6234132581100141 0.05931034482758621 0.1382228490832158
0 0.22689655172413792 0.6255289139633287 0.06206896551724138 0.10860366713681241
0 0.16413793103448276 0.7150916784203103 0.04689655172413793 0.0535966149506347
0 0.16 0.7961918194640338 0.05517241379310345 0.1001410437235543
0 0.23724137931034484 0.8053596614950634 0.05517241379310345 0.14104372355430184
0 0.3124137931034483 0.810296191819464 0.06758620689655172 0.10578279266572638
0 0.4303448275862069 0.8399153737658674 0.05517241379310345 0.08321579689703808
0 0.5696551724137932 0.8124118476727785 0.08275862068965517 0.11001410437235543
0 0.49379310344827587 0.7440056417489421 0.05517241379310345 0.07475317348377997
0 0.5048275862068966 0.8272214386459803 0.05241379310344828 0.11142454160789844
0 0.4006896551724138 0.5705218617771509 0.05103448275862069 0.1001410437235543
0 0.46413793103448275 0.5655853314527504 0.06758620689655172 0.10155148095909731
0 0.7372413793103448 0.49647390691114246 0.06482758620689655 0.10155148095909731
