0 0.1695957820738137 0.2724770642201835 0.11423550087873462 0.1743119266055046
0 0.5913884007029877 0.6963302752293578 0.07908611599297012 0.04954128440366973
0 0.6010544815465729 0.4908256880733945 0.0984182776801406 0.06422018348623854
0 0.5369068541300527 0.3385321100917431 0.08260105448154657 0.12293577981651377
0 0.29086115992970124 0.29174311926605506 0.09666080843585237 0.14311926605504588
0 0.39806678383128297 0.3155963302752294 0.061511423550087874 0.15412844036697249
0 0.3523725834797891 0.4981651376146789 0.11423550087873462 0.13027522935779817
0 0.3409490333919156 0.6137614678899083 0.0843585237258348 0.09357798165137615
0 0.4789103690685413 0.4954128440366973 0.10369068541300527 0.1798165137614679
0 0.6186291739894552 0.5944954128440367 0.08787346221441125 0.11743119266055047
0 0.15114235500878734 0.40091743119266054 0.06678383128295255 0.03853211009174312
