0 0.10797144556811422 0.22003789673140692 0.042236763831052945 0.033633349123638086
0 0.23081499107674003 0.28327806726669824 0.04878048780487805 0.05400284225485552
0 0.2914931588340274 0.33064898152534344 0.0511600237953599 0.03694931312174325
0 0.396192742415229 0.3765987683562293 0.0678167757287329 0.06442444339175746
0 0.5264723378941106 0.3436759829464709 0.0678167757287329 0.052581714827096164
0 0.5362879238548484 0.4114163903363335 0.03152885187388459 0.05921364282330649
0 0.616597263533611 0.37825675035528183 0.06365258774538965 0.04405495026054003
0 0.60261748958953 0.2967787778304121 0.04878048780487805 0.0611084793936523
0 0.6546698393813206 0.27711984841307435 0.02082093991671624 0.06631927996210327
0 0.5071386079714456 0.1707721459024159 0.042236763831052945 0.033633349123638086
0 0.7679952409280191 0.2773567029843676 0.0725758477096966 0.04216011369019422
0 0.1290898274836407 0.780909521553766 0.04640095181439619 0.052581714827096164
0 0.14455681142177276 0.5883467550923733 0.0725758477096966 0.0729512079583136
0 0.23289708506841167 0.5945049739459971 0.044616299821534804 0.04737091425864519
0 0.19898869720404522 0.792515395547134 0.044616299821534804 0.045476077688299386
0 0.6891731112433076 0.7780672666982473 0.055324211778703156 0.06774040738986263
0 0.6811421772754312 0.8488867835149219 0.057108863771564544 0.06631927996210327
0 0.5553242117787032 0.7839886309805779 0.0529446757882213 0.049265750828991
0 0.4402141582391434 0.7899099952629086 0.057108863771564544 0.050686878256750355
0 0.31558596073765616 0.5831359545239223 0.055324211778703156 0.06252960682141165
0 0.620464009518144 0.8649928943628612 0.0594883997620464 0.05779251539554713
0 0.8343248066627008 0.8138323069635244 0.06365258774538965 0.05400284225485552
0 0.825698988697204 0.7560397915679773 0.0594883997620464 0.03694931312174325
0 0.37061273051754906 0.14566556134533395 0.0380725758477097 0.04405495026054003
0 0.15942891136228435 0.0876361913784936 0.0297441998810232 0.023685457129322594
0 0.15348007138607972 0.6949313121743249 0.07852468768590125 0.04073898626243486
