0 0.2302325581395349 0.5156028368794326 0.04496124031007752 0.03829787234042553
0 0.22713178294573644 0.574468085106383 0.05116279069767442 0.07943262411347518
0 0.33798449612403103 0.575177304964539 0.07751937984496124 0.10638297872340426
0 0.3325581395348837 0.6617021276595745 0.04496124031007752 0.04964539007092199
0 0.413953488372093 0.5609929078014184 0.05271317829457364 0.07801418439716312
0 0.41472868217054265 0.6546099290780142 0.05426356589147287 0.08085106382978724
0 0.49224806201550386 0.6085106382978723 0.07906976744186046 0.10780141843971631
0 0.5868217054263566 0.5851063829787234 0.07286821705426356 0.0524822695035461
0 0.6705426356589147 0.5921985815602837 0.08527131782945736 0.06382978723404255
0 0.7627906976744186 0.5914893617021276 0.05891472868217054 0.07092198581560284
0 0.8201550387596899 0.5886524822695035 0.043410852713178294 0.07375886524822695
0 0.8286821705426357 0.7 0.05736434108527132 0.11773049645390071
0 0.7449612403100775 0.7269503546099291 0.08837209302325581 0.08368794326241134
0 0.42868217054263563 0.7581560283687944 0.04806201550387597 0.0524822695035461
0 0.33178294573643413 0.7815602836879433 0.04961240310077519 0.03971631205673759
0 0.2534883720930233 0.8049645390070922 0.05116279069767442 0.06382978723404255
0 0.32945736434108525 0.8404255319148937 0.06976744186046512 0.06950354609929078
0 0.4255813953488372 0.8382978723404255 0.04806201550387597 0.07092198581560284
0 0.4968992248062015 0.8581560283687943 0.04806201550387597 0.07092198581560284
0 0.49147286821705427 0.7886524822695036 0.05891472868217054 0.04539007092198582
0 0.5914728682170542 0.8730496453900709 0.03565891472868217 0.06950354609929078
0 0.6434108527131783 0.7978723404255319 0.06821705426356589 0.08085106382978724
0 0.6674418604651163 0.874468085106383 0.06046511627906977 0.06382978723404255
0 0.7457364341085271 0.8092198581560284 0.05891472868217054 0.05531914893617021
0 0.7418604651162791 0.8617021276595744 0.05116279069767442 0.04113475177304964
0 0.8395348837209302 0.800709219858156 0.04496124031007752 0.05531914893617021
