0 0.2779833487511563 0.33067729083665337 0.0730804810360777 0.20185922974767595
0 0.379740980573543 0.7702523240371846 0.07678075855689177 0.13545816733067728
0 0.6933395004625347 0.2350597609561753 0.0786308973172988 0.1646746347941567
0 0.7756706753006476 0.26095617529880477 0.061979648473635525 0.17928286852589642
0 0.7775208140610546 0.4754316069057105 0.0786308973172988 0.16201859229747675
0 0.7719703977798335 0.6401062416998672 0.0786308973172988 0.14342629482071714
0 0.6840888066604995 0.6401062416998672 0.06567992599444958 0.17795484727755645
0 0.6827012025901943 0.448207171314741 0.07030527289546716 0.1899070385126162
0 0.5337650323774283 0.46215139442231074 0.07030527289546716 0.1460823373173971
0 0.4690101757631822 0.4847277556440903 0.05735430157261795 0.1699867197875166
0 0.46669750231267343 0.6254980079681275 0.0730804810360777 0.13545816733067728
0 0.5444033302497687 0.6401062416998672 0.06567992599444958 0.1301460823373174
0 0.5388529139685476 0.28021248339973437 0.07493061979648474 0.16733067729083664
0 0.44634597594819614 0.26162018592297476 0.09898242368177614 0.15405046480743692
0 0.288159111933395 0.6427622841965471 0.0971322849213691 0.25232403718459495
