0 0.7361887026691496 0.38515136953387796 0.03476101800124146 0.03027390677558866
0 0.7756052141527002 0.39139836617011053 0.03041589075108628 0.032196059586737144
0 0.8448168839230292 0.5461316674675637 0.028553693358162633 0.025468524747717443
0 0.7402234636871509 0.7880826525708794 0.03910614525139665 0.040365209034118214
0 0.7467411545623837 0.8808265257087938 0.0521415270018622 0.0422873618452667
0 0.7240844196151459 0.8385391638635271 0.04158907510862818 0.035559827006247
0 0.6945996275605214 0.8798654493032196 0.03476101800124146 0.03363767419509851
0 0.6396648044692738 0.1991830850552619 0.03910614525139665 0.038923594425756845
0 0.7529484792054625 0.10019221528111485 0.045934202358783364 0.04565112926477655
0 0.7197392923649907 0.21696299855838538 0.019242706393544383 0.023546371936568958
0 0.8361266294227188 0.6845266698702547 0.037243947858473 0.04757328207592504
0 0.9118559900682806 0.5487746275828929 0.03476101800124146 0.044209514656415184
0 0.8786468032278089 0.6232580490148967 0.032898820608317815 0.03363767419509851
