0 0.22840790842872008 0.11108093427485062 0.07804370447450572 0.050516023900054316
0 0.31269510926118627 0.0977729494839761 0.07804370447450572 0.054318305268875614
0 0.4198751300728408 0.09614340032590983 0.06763787721123829 0.060836501901140684
0 0.5130072840790842 0.10184682237914178 0.07492195629552549 0.059206952743074415
0 0.6290322580645161 0.10184682237914178 0.08428720083246619 0.07984790874524715
0 0.7377731529656608 0.10429114611624117 0.08740894901144641 0.060836501901140684
0 0.23777315296566076 0.18848451928299836 0.07804370447450572 0.042368278109722976
0 0.31217481789802287 0.17789244975556762 0.07075962539021852 0.06789788158609451
0 0.41571279916753384 0.17001629549158065 0.07804370447450572 0.06626833242802825
0 0.5192507804370448 0.18115154807170017 0.07492195629552549 0.06789788158609451
0 0.6253902185223725 0.18115154807170017 0.07075962539021852 0.047256925583921784
0 0.6363163371488033 0.3267246061922868 0.09053069719042664 0.10700706137968495
0 0.7486992715920916 0.31124388919065726 0.09053069719042664 0.06626833242802825
0 0.5978147762747138 0.46061922868006516 0.061394380853277836 0.07278652906029331
0 0.6108220603537982 0.5282455187398153 0.08116545265348596 0.04073872895165671
0 0.6810613943808532 0.4744703965236285 0.07804370447450572 0.06246605105920695
0 0.3844953173777315 0.5176534492123845 0.03850156087408949 0.057577403585008145
0 0.4198751300728408 0.5219989136338946 0.03225806451612903 0.04888647474198805
0 0.4578563995837669 0.5236284627919608 0.04162330905306972 0.045627376425855515
0 0.49687825182101975 0.44215100488864745 0.061394380853277836 0.015209125475285171
0 0.48491155046826223 0.3177620858229223 0.05202913631633715 0.021727322107550243
0 0.23204994797086367 0.3120586637696904 0.04162330905306972 0.023356871265616513
0 0.4786680541103018 0.5562194459532862 0.06451612903225806 0.018468223791417708
0 0.4084287200832466 0.6385116784356328 0.061394380853277836 0.013579576317218903
0 0.43652445369406867 0.6588810429114612 0.061394380853277836 0.030418250950570342
0 0.22736732570239335 0.2574687669744704 0.06763787721123829 0.06409560021727322
0 0.3158168574401665 0.2517653449212385 0.055150884495317375 0.06246605105920695
0 0.4214360041623309 0.2498642042368278 0.08116545265348596 0.06626833242802825
0 0.5374609781477627 0.2645301466594242 0.07804370447450572 0.060836501901140684
0 0.722684703433923 0.2216186854970125 0.08428720083246619 0.08473655621944595
