0 0.7685352622061483 0.34679958027282265 0.054249547920433995 0.11857292759706191
0 0.7142857142857143 0.4774396642182581 0.05786618444846293 0.05246589716684155
0 0.6166365280289331 0.3861490031479538 0.11573236889692586 0.11542497376705142
0 0.6238698010849909 0.24449108079748164 0.13743218806509946 0.10703043022035677
0 0.8146473779385172 0.459601259181532 0.09584086799276673 0.06925498426023086
0 0.6455696202531646 0.6253934942287513 0.09041591320072333 0.06715634837355719
0 0.4620253164556962 0.8488982161594963 0.09945750452079566 0.060860440713536204
0 0.3426763110307414 0.8520461699895068 0.08499095840867993 0.0944386149003148
0 0.5180831826401446 0.727177334732424 0.081374321880651 0.023084994753410283
0 0.5216998191681737 0.7654774396642182 0.06690777576853527 0.0472193074501574
