0 0.6035294117647059 0.19658886894075403 0.09647058823529411 0.1526032315978456
0 0.7247058823529412 0.12118491921005387 0.11764705882352941 0.12746858168761221
0 0.7458823529411764 0.3007181328545781 0.1411764705882353 0.16337522441651706
0 0.5905882352941176 0.3617594254937163 0.08941176470588236 0.09515260323159784
0 0.4082352941176471 0.3644524236983842 0.13411764705882354 0.1436265709156194
0 0.42705882352941177 0.1606822262118492 0.11529411764705882 0.15978456014362658
0 0.4164705882352941 0.6947935368043088 0.13176470588235295 0.12208258527827648
0 0.5776470588235294 0.7324955116696589 0.13411764705882354 0.17235188509874327
0 0.2376470588235294 0.19120287253141832 0.15058823529411763 0.1526032315978456
0 0.6047058823529412 0.05655296229802514 0.0988235294117647 0.06283662477558348
