0 0.32390745501285345 0.05343511450381679 0.14910025706940874 0.0777238029146426
0 0.532133676092545 0.11623872310895211 0.17480719794344474 0.06453851492019431
0 0.3033419023136247 0.12803608605135322 0.2262210796915167 0.05759888965995836
0 0.3161953727506427 0.20437196391394866 0.23136246786632392 0.08813324080499653
0 0.5591259640102828 0.208882720333102 0.2133676092544987 0.09993060374739764
0 0.2352185089974293 0.32130464954892435 0.13110539845758354 0.07633587786259542
0 0.39460154241645246 0.3178348369188064 0.13624678663239073 0.07633587786259542
0 0.5784061696658098 0.30777238029146425 0.17480719794344474 0.0659264399722415
0 0.34832904884318766 0.3952116585704372 0.16195372750642673 0.06453851492019431
0 0.5655526992287918 0.39139486467730744 0.2262210796915167 0.0916030534351145
0 0.5758354755784062 0.4913254684247051 0.16966580976863754 0.06939625260235947
0 0.39203084832904883 0.4996530187369882 0.15681233933161953 0.062456627342123525
0 0.36632390745501286 0.5711311589174185 0.15681233933161953 0.062456627342123525
0 0.35475578406169667 0.6485079805690492 0.16966580976863754 0.06453851492019431
0 0.570694087403599 0.5891741845940319 0.2262210796915167 0.10825815405968078
0 0.5269922879177378 0.7335183900069396 0.2262210796915167 0.0916030534351145
0 0.2326478149100257 0.8088133240804997 0.10539845758354756 0.0520471894517696
0 0.36246786632390743 0.8487161693268563 0.17480719794344474 0.12074947952810548
0 0.5424164524421594 0.8285912560721721 0.16966580976863754 0.061068702290076333
0 0.2120822622107969 0.868147120055517 0.10025706940874037 0.06800832755031229
0 0.20822622107969152 0.9420541290770298 0.16966580976863754 0.05898681471200555
0 0.525706940874036 0.9188063844552394 0.13624678663239073 0.0777238029146426
0 0.36503856041131105 0.9375433726578765 0.11825192802056556 0.05412907702984039
