0 0.26224328593996843 0.26837606837606837 0.12322274881516587 0.15384615384615385
0 0.8293838862559242 0.14957264957264957 0.11058451816745656 0.14871794871794872
0 0.3704581358609795 0.5094017094017094 0.12164296998420221 0.19829059829059828
0 0.5063191153238547 0.6162393162393163 0.12480252764612954 0.2341880341880342
0 0.6263823064770933 0.6623931623931624 0.12164296998420221 0.23076923076923078
0 0.7606635071090048 0.6367521367521367 0.13744075829383887 0.23076923076923078
0 0.6666666666666666 0.4153846153846154 0.15165876777251186 0.22905982905982905
0 0.8033175355450237 0.3854700854700855 0.12796208530805686 0.2170940170940171
0 0.6974723538704581 0.1452991452991453 0.10900473933649289 0.20170940170940171
0 0.382306477093207 0.18461538461538463 0.08214849921011058 0.20170940170940171
0 0.5213270142180095 0.3572649572649573 0.1263823064770932 0.15384615384615385
