0 0.5437017994858612 0.14228367528991973 0.14652956298200515 0.07582515611061552
0 0.34061696658097684 0.18421052631578946 0.15167095115681234 0.054415700267618196
0 0.3393316195372751 0.08117752007136485 0.08740359897172237 0.0927743086529884
0 0.37532133676092544 0.3305084745762712 0.17994858611825193 0.11329170383586083
0 0.6079691516709511 0.32337198929527206 0.2133676092544987 0.11150758251561106
0 0.5822622107969152 0.45718108831400533 0.22879177377892032 0.11685994647636039
0 0.3393316195372751 0.455842997323818 0.16452442159383032 0.09455842997323818
0 0.37789203084832906 0.731935771632471 0.18508997429305912 0.07225691347011597
0 0.596401028277635 0.5941123996431757 0.20051413881748073 0.1302408563782337
0 0.6015424164524421 0.7613737734165923 0.16966580976863754 0.08296164139161463
0 0.4087403598971722 0.8389830508474576 0.19023136246786632 0.11329170383586083
0 0.6041131105398457 0.8795718108831401 0.15938303341902313 0.09812667261373774
