0 0.1349527665317139 0.1872146118721461 0.07827260458839407 0.1491628614916286
0 0.33535762483130904 0.17579908675799086 0.07152496626180836 0.0228310502283105
0 0.6464237516869096 0.2009132420091324 0.0620782726045884 0.045662100456621
0 0.7577597840755735 0.3036529680365297 0.07422402159244265 0.1415525114155251
0 0.16396761133603238 0.4368340943683409 0.0553306342780027 0.1278538812785388
0 0.44399460188933876 0.636986301369863 0.06477732793522267 0.0441400304414003
0 0.17273954116059378 0.7534246575342466 0.09986504723346828 0.2496194824961948
0 0.5033738191632928 0.15601217656012176 0.0620782726045884 0.0684931506849315
0 0.2739541160593792 0.8249619482496194 0.06477732793522267 0.0669710806697108
0 0.8434547908232118 0.23820395738203956 0.01349527665317139 0.0532724505327245
0 0.43792172739541163 0.16514459665144596 0.058029689608636977 0.0928462709284627
