0 0.4209354120267261 0.11208967173738991 0.16926503340757237 0.06725380304243395
0 0.6057906458797327 0.15732586068855084 0.18262806236080179 0.10648518815052041
0 0.39643652561247217 0.33386709367493994 0.1603563474387528 0.06405124099279423
0 0.5902004454342984 0.35388310648518817 0.16926503340757237 0.08486789431545236
0 0.3897550111358575 0.4247397918334668 0.155902004454343 0.07606084867894315
0 0.38084632516703787 0.5264211369095276 0.155902004454343 0.07606084867894315
0 0.3997772828507795 0.6084867894315452 0.2026726057906459 0.08326661329063251
0 0.3775055679287305 0.7177742193755005 0.1403118040089087 0.07125700560448359
0 0.5590200445434298 0.7165732586068855 0.17371937639198218 0.06405124099279423
0 0.39643652561247217 0.8266613290632506 0.10690423162583519 0.09847878302642114
0 0.5657015590200446 0.8234587670136109 0.16481069042316257 0.09847878302642114
0 0.4142538975501114 0.2465972778222578 0.1870824053452116 0.08807045636509207
