0 0.3470715835140998 0.11238938053097346 0.10412147505422993 0.08672566371681416
0 0.5130151843817787 0.12123893805309735 0.12364425162689804 0.11858407079646018
0 0.6952277657266811 0.12477876106194691 0.07592190889370933 0.08672566371681416
0 0.6843817787418656 0.22831858407079647 0.05856832971800434 0.0920353982300885
0 0.4913232104121475 0.2902654867256637 0.17136659436008678 0.17699115044247787
0 0.31778741865509763 0.2973451327433628 0.1193058568329718 0.215929203539823
0 0.3297180043383948 0.5008849557522124 0.1301518438177874 0.08849557522123894
0 0.3546637744034707 0.6610619469026549 0.08026030368763558 0.13628318584070798
0 0.34164859002169196 0.8053097345132744 0.09761388286334056 0.11327433628318584
0 0.5108459869848156 0.6522123893805309 0.08893709327548807 0.09026548672566372
0 0.49023861171366595 0.7716814159292036 0.13882863340563992 0.12389380530973451
0 0.6561822125813449 0.588495575221239 0.08459869848156182 0.10442477876106195
0 0.6420824295010846 0.4761061946902655 0.06941431670281996 0.07079646017699115
