0 0.3802992518703242 0.4397163120567376 0.13216957605985039 0.09298660362490149
0 0.5037406483790524 0.4306540583136328 0.0798004987531172 0.07801418439716312
0 0.655860349127182 0.4653270291568164 0.1596009975062344 0.10323089046493301
0 0.3827930174563591 0.5346729708431837 0.1172069825436409 0.07801418439716312
0 0.5074812967581047 0.5228526398739165 0.10723192019950124 0.10323089046493301
0 0.34413965087281795 0.6631205673758865 0.14962593516209477 0.07959022852639874
0 0.5062344139650873 0.6485421591804571 0.1396508728179551 0.04728132387706856
0 0.6970074812967582 0.6875492513790387 0.1770573566084788 0.08431836091410559
0 0.3254364089775561 0.7553191489361702 0.12219451371571072 0.08116627265563436
0 0.5236907730673317 0.7289204097714737 0.14962593516209477 0.08983451536643026
0 0.32917705735660846 0.851063829787234 0.1596009975062344 0.0677698975571316
0 0.4688279301745636 0.855397951142632 0.07481296758104738 0.08116627265563436
0 0.5798004987531172 0.855397951142632 0.10224438902743142 0.06067769897557131
0 0.341645885286783 0.9310480693459416 0.14463840399002495 0.07801418439716312
