0 0.6682847896440129 0.2794871794871795 0.13915857605177995 0.1658119658119658
0 0.47896440129449835 0.2914529914529915 0.18122977346278318 0.16923076923076924
0 0.2621359223300971 0.2914529914529915 0.20064724919093851 0.15555555555555556
0 0.3058252427184466 0.1170940170940171 0.2297734627831715 0.12478632478632479
0 0.41585760517799353 0.6341880341880342 0.21035598705501618 0.08547008547008547
0 0.6262135922330098 0.6564102564102564 0.13915857605177995 0.15042735042735042
0 0.29449838187702265 0.8769230769230769 0.16181229773462782 0.147008547008547
0 0.48058252427184467 0.8829059829059829 0.13915857605177995 0.13846153846153847
0 0.6585760517799353 0.8658119658119658 0.1650485436893204 0.15897435897435896
0 0.4110032362459547 0.45726495726495725 0.20064724919093851 0.1658119658119658
0 0.5889967637540453 0.49401709401709404 0.1553398058252427 0.18461538461538463
