0 0.28307692307692306 0.17478684531059682 0.19692307692307692 0.14007308160779536
0 0.5107692307692308 0.07490864799025579 0.13538461538461538 0.13032886723507917
0 0.536923076923077 0.1961023142509135 0.23076923076923078 0.09987819732034105
0 0.2553846153846154 0.34226552984165654 0.1476923076923077 0.1510353227771011
0 0.42153846153846153 0.33069427527405604 0.15384615384615385 0.11814859926918392
0 0.6046153846153847 0.3227771010962241 0.16923076923076924 0.1120584652862363
0 0.2630769230769231 0.4933008526187576 0.16923076923076924 0.1218026796589525
0 0.4430769230769231 0.47442143727161995 0.15384615384615385 0.12302070645554203
0 0.583076923076923 0.46041412911084045 0.13230769230769232 0.1218026796589525
0 0.24153846153846154 0.6498172959805115 0.15692307692307692 0.15956151035322777
0 0.4230769230769231 0.6266747868453106 0.14461538461538462 0.14738124238733252
0 0.6276923076923077 0.6211936662606578 0.17846153846153845 0.11693057247259439
0 0.23384615384615384 0.805115712545676 0.12307692307692308 0.11693057247259439
0 0.4123076923076923 0.781973203410475 0.13538461538461538 0.14859926918392205
0 0.6353846153846154 0.7655298416565165 0.13230769230769232 0.13763702801461633
