0 0.28271604938271605 0.3002628120893561 0.07654320987654321 0.08278580814717477
0 0.2851851851851852 0.4159001314060447 0.09135802469135802 0.1116951379763469
0 0.38395061728395063 0.31011826544021026 0.11604938271604938 0.10775295663600526
0 0.3987654320987654 0.4290407358738502 0.1259259259259259 0.09067017082785808
0 0.4222222222222222 0.5295663600525624 0.15308641975308643 0.10775295663600526
0 0.2740740740740741 0.633377135348226 0.0691358024691358 0.052562417871222074
0 0.26666666666666666 0.728646517739816 0.10864197530864197 0.07227332457293036
0 0.3950617283950617 0.7536136662286466 0.09876543209876543 0.07227332457293036
0 0.5407407407407407 0.771353482260184 0.10864197530864197 0.0735873850197109
0 0.4111111111111111 0.6517739816031537 0.1111111111111111 0.0735873850197109
0 0.571604938271605 0.6813403416557161 0.1654320987654321 0.08804204993429698
0 0.7358024691358025 0.728646517739816 0.1580246913580247 0.1116951379763469
0 0.571604938271605 0.5459921156373193 0.1259259259259259 0.15637319316688567
0 0.5530864197530864 0.3554533508541393 0.1382716049382716 0.15111695137976347
0 0.6666666666666666 0.2161629434954008 0.10864197530864197 0.06176084099868594
0 0.7864197530864198 0.22207621550591328 0.12098765432098765 0.1340341655716163
0 0.6839506172839506 0.3193166885676741 0.09382716049382717 0.10512483574244415
0 0.7962962962962963 0.3436268068331143 0.1259259259259259 0.1116951379763469
0 0.6950617283950618 0.4520367936925099 0.13580246913580246 0.1366622864651774
0 0.8209876543209876 0.4540078843626807 0.10123456790123457 0.07752956636005257
0 0.8074074074074075 0.5466491458607096 0.07901234567901234 0.09461235216819974
0 0.7197530864197531 0.5670170827858082 0.08148148148148149 0.1116951379763469
0 0.23209876543209876 0.8804204993429697 0.16790123456790124 0.07095926412614981
0 0.24691358024691357 0.7982917214191853 0.05925925925925926 0.035479632063074903
0 0.408641975308642 0.8830486202365309 0.056790123456790124 0.04204993429697766
