0 0.19932885906040268 0.18150087260034903 0.05771812080536913 0.19895287958115182
0 0.2778523489932886 0.2931937172774869 0.0697986577181208 0.17801047120418848
0 0.39932885906040266 0.23036649214659685 0.09261744966442953 0.06631762652705062
0 0.525503355704698 0.2006980802792321 0.06577181208053691 0.09773123909249563
0 0.5557046979865772 0.34642233856893545 0.06442953020134229 0.14834205933682373
0 0.6342281879194631 0.3682373472949389 0.0953020134228188 0.15357766143106458
0 0.7610738255033557 0.4677137870855148 0.07785234899328859 0.1012216404886562
0 0.2731543624161074 0.5968586387434555 0.05771812080536913 0.13612565445026178
0 0.28389261744966443 0.46160558464223383 0.07114093959731543 0.06457242582897033
0 0.18926174496644296 0.5349040139616056 0.07248322147651007 0.18324607329842932
0 0.19463087248322147 0.7408376963350786 0.05906040268456376 0.16230366492146597
0 0.4812080536912752 0.7225130890052356 0.04161073825503356 0.13263525305410123
0 0.4966442953020134 0.6352530541012217 0.05906040268456376 0.041884816753926704
0 0.18523489932885906 0.33595113438045376 0.040268456375838924 0.08551483420593368
0 0.30604026845637583 0.11954624781849912 0.056375838926174496 0.10296684118673648
0 0.3906040268456376 0.14397905759162305 0.040268456375838924 0.06457242582897033
