0 0.40987654320987654 0.1809872029250457 0.19753086419753085 0.07434491163924437
0 0.6333333333333333 0.11639244363193176 0.20493827160493827 0.043875685557586835
0 0.6407407407407407 0.18525289457647776 0.20493827160493827 0.08653260207190737
0 0.2740740740740741 0.6913467397928093 0.17777777777777778 0.06764168190127971
0 0.4419753086419753 0.680073126142596 0.12345679012345678 0.04875076173065204
0 0.5888888888888889 0.6946983546617916 0.17037037037037037 0.07434491163924437
0 0.4160493827160494 0.7550274223034735 0.10123456790123457 0.08653260207190737
0 0.5790123456790124 0.7629494210847044 0.20493827160493827 0.04753199268738574
0 0.28271604938271605 0.8372943327239488 0.1506172839506173 0.05728214503351615
0 0.6296296296296297 0.8403412553321146 0.1580246913580247 0.056063375990249846
0 0.6296296296296297 0.9061547836684948 0.1580246913580247 0.05240706886045095
0 0.4679012345679012 0.8903107861060329 0.13580246913580246 0.05728214503351615
