0 0.16811909949164852 0.2737642585551331 0.06753812636165578 0.10646387832699619
0 0.14270152505446623 0.41698352344740175 0.058823529411764705 0.17743979721166034
0 0.11147421931735657 0.6349809885931559 0.06318082788671024 0.1444866920152091
0 0.22476397966594044 0.49302915082382764 0.06899055918663761 0.2458808618504436
0 0.3148148148148148 0.4423320659062104 0.09803921568627451 0.16476552598225602
0 0.2915758896151053 0.5697084917617237 0.08641975308641975 0.15082382762991128
0 0.42919389978213507 0.270595690747782 0.07697893972403776 0.23954372623574144
0 0.2643427741466957 0.23510773130544993 0.09005083514887437 0.21926489226869456
0 0.33623819898329704 0.24651457541191382 0.06100217864923747 0.22433460076045628
0 0.4179375453885258 0.6755386565272496 0.053013798111837325 0.1394169835234474
0 0.5377632534495279 0.8022813688212928 0.04429920116194626 0.13181242078580482
0 0.5374001452432825 0.641318124207858 0.04357298474945534 0.11660329531051965
0 0.4782135076252723 0.6717363751584284 0.03994190268700073 0.12167300380228137
0 0.6350762527233116 0.3428390367553866 0.06608569353667393 0.20659062103929024
0 0.7258533042846769 0.35107731305449935 0.07770515613652869 0.2864385297845374
0 0.8246187363834423 0.37959442332065907 0.06463326071169208 0.20405576679340937
0 0.8954248366013072 0.4467680608365019 0.06390704429920116 0.1229404309252218
0 0.8297022512708787 0.5602027883396705 0.058823529411764705 0.13434727503168567
0 0.7549019607843137 0.6185044359949303 0.05156136528685548 0.16476552598225602
0 0.6608569353667393 0.526615969581749 0.05228758169934641 0.0697084917617237
0 0.6677559912854031 0.6318124207858048 0.04720406681190995 0.12040557667934093
0 0.4803921568627451 0.8282636248415716 0.05010893246187364 0.17110266159695817
0 0.4048656499636892 0.8079847908745247 0.04429920116194626 0.09505703422053231
