0 0.35194805194805195 0.06394849785407725 0.14285714285714285 0.045493562231759654
0 0.45064935064935063 0.14291845493562233 0.12727272727272726 0.07467811158798283
0 0.4064935064935065 0.21330472103004292 0.14805194805194805 0.045493562231759654
0 0.6324675324675325 0.15836909871244637 0.11688311688311688 0.07467811158798283
0 0.6142857142857143 0.23390557939914164 0.14285714285714285 0.0592274678111588
0 0.3077922077922078 0.3141630901287554 0.16883116883116883 0.09957081545064378
0 0.4766233766233766 0.30686695278969955 0.14805194805194805 0.08497854077253218
0 0.6272727272727273 0.315450643776824 0.12727272727272726 0.08841201716738198
0 0.6064935064935065 0.4004291845493562 0.13766233766233765 0.07811158798283262
0 0.43246753246753245 0.3866952789699571 0.14805194805194805 0.06437768240343347
0 0.3233766233766234 0.4592274678111588 0.21038961038961038 0.10128755364806867
0 0.34935064935064936 0.5592274678111588 0.12727272727272726 0.07296137339055794
0 0.5311688311688312 0.5489270386266094 0.17402597402597403 0.06952789699570816
0 0.6064935064935065 0.48025751072961376 0.13766233766233765 0.0815450643776824
0 0.2974025974025974 0.6476394849785407 0.13766233766233765 0.07639484978540773
0 0.5155844155844156 0.6390557939914163 0.19480519480519481 0.07982832618025751
0 0.2688311688311688 0.7240343347639485 0.13246753246753246 0.048927038626609444
0 0.37272727272727274 0.8004291845493562 0.12207792207792208 0.08326180257510729
0 0.5181818181818182 0.8021459227467811 0.11688311688311688 0.06952789699570816
0 0.35194805194805195 0.876824034334764 0.14285714285714285 0.06266094420600858
0 0.4896103896103896 0.8793991416309013 0.11168831168831168 0.06094420600858369
0 0.4974025974025974 0.7248927038626609 0.11688311688311688 0.06781115879828326
