0 0.3840909090909091 0.23727693324520818 0.06363636363636363 0.04758757435558493
0 0.36875 0.5786516853932584 0.06931818181818182 0.0403172504957039
0 0.29602272727272727 0.8165895571711831 0.0875 0.05750165234633179
0 0.3715909090909091 0.8010575016523463 0.075 0.06609385327164574
0 0.38579545454545455 0.8651685393258427 0.08977272727272727 0.05551883674818242
0 0.647159090909091 0.6394580304031725 0.05795454545454545 0.06939854593522803
0 0.647159090909091 0.5208195637805684 0.0875 0.0713813615333774
0 0.8511363636363637 0.5608063450099141 0.10227272727272728 0.08658294778585592
0 0.8386363636363636 0.6579643093192333 0.09545454545454546 0.08658294778585592
0 0.8289772727272727 0.7352941176470589 0.0875 0.050892267019167214
0 0.6869318181818181 0.7828816920026438 0.048863636363636366 0.06411103767349637
0 0.44943181818181815 0.8060145406477197 0.048863636363636366 0.06278916060806344
0 0.4744318181818182 0.8694646397884996 0.06931818181818182 0.06411103767349637
0 0.5261363636363636 0.7918043621943159 0.08409090909090909 0.04758757435558493
0 0.5204545454545455 0.6120290812954395 0.08409090909090909 0.07931262392597488
0 0.7954545454545454 0.8056840713813616 0.11363636363636363 0.07270323859881031
