0 0.7349472377405338 0.35677352637021714 0.0856610800744879 0.047569803516028956
0 0.7523277467411545 0.3941744226128921 0.05462445685909373 0.023784901758014478
0 0.750155183116077 0.42692175112030334 0.04283054003724395 0.03205791106514995
0 0.7607076350093109 0.479662185453292 0.06393544382371198 0.03205791106514995
0 0.2631905648665425 0.48173043778007585 0.05462445685909373 0.04584625991037573
0 0.39013035381750466 0.47742157876594277 0.05772811918063315 0.03722854188210962
0 0.12725015518311608 0.5622199241640814 0.045934202358783364 0.03722854188210962
0 0.16045934202358783 0.8941744226128922 0.05772811918063315 0.0510168907273354
0 0.21446306641837368 0.8964150293002413 0.04283054003724395 0.04239917269906929
0 0.3932340161390441 0.5954843157531886 0.06393544382371198 0.04929334712168218
0 0.2756052141527002 0.5461909686315064 0.06083178150217256 0.04239917269906929
0 0.3963376784605835 0.5334367459496725 0.08255741775294848 0.05756635642881765
0 0.5279329608938548 0.5120648052395725 0.05772811918063315 0.03895208548776284
0 0.5220360024829298 0.5429162357807652 0.03972687771570453 0.01861427094105481
0 0.13004345127250155 0.5086177180282662 0.05772811918063315 0.035504998276456395
0 0.122284295468653 0.43467769734574285 0.05462445685909373 0.040675629093416064
0 0.526691495965239 0.583419510513616 0.04283054003724395 0.03205791106514995
0 0.5279329608938548 0.6320234401930369 0.06393544382371198 0.05756635642881765
0 0.3947858472998138 0.6516718372974837 0.05462445685909373 0.04239917269906929
