0 0.06942675159235669 0.10078578749572942 0.06624203821656051 0.05603006491288008
0 0.05509554140127389 0.16706525452681928 0.056687898089171976 0.04236419542193372
0 0.05987261146496815 0.22480355312606765 0.06624203821656051 0.04578066279467031
0 0.1627388535031847 0.09617355654253502 0.08853503184713375 0.026990092244619065
0 0.1356687898089172 0.1932012299282542 0.034394904458598725 0.030406559617355656
0 0.09426751592356689 0.3471130850700376 0.04076433121019108 0.03553126067646054
0 0.10063694267515924 0.3923812777587974 0.04713375796178344 0.037239494362828834
0 0.18662420382165604 0.3325930987359071 0.034394904458598725 0.03382302699009224
0 0.2464968152866242 0.12435941236761189 0.04713375796178344 0.06969593440382645
0 0.1770700636942675 0.47830543218312266 0.04076433121019108 0.04236419542193372
0 0.21687898089171975 0.46463956269217627 0.0375796178343949 0.03211479330372395
0 0.2640127388535032 0.4578066279467031 0.0375796178343949 0.02186539118551418
0 0.2621019108280255 0.4976084728390844 0.05031847133757962 0.044072429108302016
0 0.22006369426751593 0.5095661086436625 0.0375796178343949 0.030406559617355656
0 0.4894904458598726 0.5843867441065937 0.056687898089171976 0.03382302699009224
0 0.4926751592356688 0.6176973009907756 0.04394904458598726 0.02528185855825077
0 0.49904458598726115 0.6515203279808678 0.056687898089171976 0.03553126067646054
0 0.5101910828025478 0.6950802869832593 0.04076433121019108 0.037239494362828834
0 0.5181528662420383 0.7459856508370345 0.06942675159235669 0.044072429108302016
0 0.6210191082802548 0.7921079603689785 0.04713375796178344 0.04748889648103861
0 0.6496815286624203 0.8370345063204646 0.0535031847133758 0.04578066279467031
0 0.6729299363057325 0.8717116501537411 0.04394904458598726 0.026990092244619065
0 0.7 0.9041680901947386 0.04713375796178344 0.03382302699009224
0 0.7429936305732484 0.9383327639221045 0.056687898089171976 0.04748889648103861
0 0.7828025477707007 0.8828151691151349 0.02802547770700637 0.03894772804919713
0 0.4464968152866242 0.14144174923129485 0.034394904458598725 0.02528185855825077
0 0.7764331210191083 0.32097710966860266 0.034394904458598725 0.03382302699009224
0 0.8777070063694268 0.3795695251110352 0.04076433121019108 0.03553126067646054
0 0.8347133757961783 0.1846600614964127 0.031210191082802548 0.030406559617355656
0 0.5652866242038217 0.5741373419883841 0.04394904458598726 0.03382302699009224
0 0.5907643312101911 0.6310215237444482 0.031210191082802548 0.018448923812777587
0 0.6162420382165605 0.5766996925179364 0.0375796178343949 0.018448923812777587
0 0.8506369426751592 0.6498120942944995 0.04394904458598726 0.011615989067304407
0 0.5796178343949044 0.13119234711308508 0.0535031847133758 0.018448923812777587
0 0.7429936305732484 0.41424666894431156 0.056687898089171976 0.020157157499145883
0 0.8633757961783439 0.30987359070720877 0.04394904458598726 0.03553126067646054
0 0.25286624203821656 0.31926887598223436 0.04713375796178344 0.03382302699009224
0 0.8729299363057325 0.8652203621455415 0.05031847133757962 0.037239494362828834
