0 0.3333333333333333 0.13763806287170774 0.16806722689075632 0.056074766355140186
0 0.35014005602240894 0.205607476635514 0.1568627450980392 0.06966864910790145
0 0.3697478991596639 0.2650807136788445 0.15126050420168066 0.03908241291418862
0 0.4061624649859944 0.3211554800339847 0.10084033613445378 0.06627017841971113
0 0.4061624649859944 0.3959218351741716 0.14565826330532214 0.06627017841971113
0 0.45098039215686275 0.4876805437553101 0.14565826330532214 0.09345794392523364
0 0.3333333333333333 0.5522514868309261 0.11204481792717087 0.045879354290569246
0 0.4565826330532213 0.5819881053525914 0.13445378151260504 0.07476635514018691
0 0.6330532212885154 0.566694987255735 0.1400560224089636 0.10535259133389975
0 0.6218487394957983 0.48088360237892946 0.12885154061624648 0.07986406117247238
0 0.5658263305322129 0.20135938827527614 0.15126050420168066 0.06796941376380629
0 0.5966386554621849 0.2616822429906542 0.14565826330532214 0.052676295666949875
0 0.5966386554621849 0.31520815632965166 0.16806722689075632 0.05097706032285471
0 0.4369747899159664 0.7153780798640612 0.17366946778711484 0.052676295666949875
0 0.6190476190476191 0.7102803738317757 0.16806722689075632 0.09685641461342395
0 0.4649859943977591 0.8453695836873407 0.12885154061624648 0.05777400169923534
0 0.3445378151260504 0.8445199660152931 0.11204481792717087 0.056074766355140186
0 0.6218487394957983 0.8742565845369583 0.16246498599439776 0.09175870858113849
0 0.5882352941176471 0.3857264231096007 0.16246498599439776 0.03908241291418862
