0 0.6144508670520231 0.8438061041292639 0.06589595375722543 0.18312387791741472
0 0.5364161849710982 0.5484739676840216 0.06705202312138728 0.2244165170556553
0 0.43872832369942194 0.4793536804308797 0.08208092485549133 0.17594254937163376
0 0.43583815028901735 0.236983842010772 0.07630057803468208 0.17594254937163376
0 0.5277456647398844 0.19030520646319568 0.07745664739884393 0.11131059245960502
0 0.8803468208092485 0.5017953321364452 0.07052023121387284 0.1526032315978456
0 0.6375722543352601 0.3940754039497307 0.08670520231213873 0.13464991023339318
0 0.35664739884393065 0.32944344703770195 0.10057803468208093 0.1526032315978456
0 0.6369942196531792 0.1947935368043088 0.09710982658959537 0.13464991023339318
0 0.7982658959537572 0.20107719928186715 0.08439306358381503 0.12208258527827648
0 0.6208092485549133 0.6597845601436265 0.03930635838150289 0.12746858168761221
0 0.3491329479768786 0.5089766606822262 0.11329479768786127 0.0843806104129264
0 0.7728323699421965 0.4326750448833034 0.07052023121387284 0.19389587073608616
