0 0.2290249433106576 0.4752530933633296 0.12244897959183673 0.09336332958380203
0 0.2199546485260771 0.5995500562429696 0.09070294784580499 0.10798650168728909
0 0.5124716553287982 0.593363329583802 0.12244897959183673 0.06186726659167604
0 0.6598639455782312 0.5545556805399325 0.16326530612244897 0.05174353205849269
0 0.481859410430839 0.46400449943757033 0.1292517006802721 0.12485939257592801
0 0.3854875283446712 0.6001124859392576 0.11791383219954649 0.11811023622047244
0 0.36167800453514737 0.46962879640044997 0.10204081632653061 0.11361079865016872
0 0.3310657596371882 0.22890888638920134 0.16326530612244897 0.09111361079865017
0 0.32653061224489793 0.11642294713160854 0.07709750566893424 0.11136107986501688
0 0.5328798185941043 0.09336332958380203 0.16326530612244897 0.11473565804274466
0 0.6349206349206349 0.43082114735658045 0.16780045351473924 0.12373453318335208
