0 0.6496815286624203 0.36045002163565554 0.12314225053078556 0.035482475118996104
0 0.7632696390658175 0.359584595413241 0.09978768577494693 0.03375162267416703
0 0.7547770700636943 0.39723063608827347 0.08280254777070063 0.026828212894850715
0 0.6719745222929936 0.4203807875378624 0.11677282377919321 0.02206836867157075
0 0.6592356687898089 0.3954997836434444 0.07430997876857749 0.026828212894850715
0 0.445859872611465 0.4517524881003894 0.14861995753715498 0.037213327563825185
0 0.5934182590233545 0.45261791432280396 0.10828025477707007 0.03894418000865426
0 0.7229299363057324 0.45607961921246215 0.11677282377919321 0.035482475118996104
0 0.6178343949044586 0.4958892254435309 0.12314225053078556 0.037213327563825185
0 0.7462845010615711 0.49156209433145825 0.08280254777070063 0.035482475118996104
0 0.6422505307855626 0.5266118563392471 0.10828025477707007 0.026828212894850715
0 0.559447983014862 0.5683686715707486 0.09129511677282377 0.018606663781912593
0 0.6634819532908705 0.5709649502379922 0.09978768577494693 0.02033751622674167
0 0.3471337579617834 0.6140199048031155 0.09978768577494693 0.028559065339679793
0 0.6592356687898089 0.6789268714842059 0.10828025477707007 0.04586758978797058
0 0.6549893842887473 0.595413241021203 0.08280254777070063 0.028559065339679793
0 0.6666666666666666 0.6228905235828646 0.12314225053078556 0.02206836867157075
0 0.6592356687898089 0.6488533102553007 0.10828025477707007 0.02033751622674167
