0 0.8700147710487445 0.5167883211678832 0.047267355982274745 0.061313868613138686
0 0.8190546528803545 0.5131386861313869 0.033973412112259974 0.06861313868613139
0 0.7754800590841949 0.5021897810218978 0.047267355982274745 0.0905109489051095
0 0.689807976366322 0.44963503649635034 0.07385524372230429 0.10510948905109489
0 0.3412112259970458 0.24087591240875914 0.0915805022156573 0.040875912408759124
0 0.34268833087149186 0.3043795620437956 0.053175775480059084 0.08029197080291971
0 0.3700147710487445 0.4554744525547445 0.06646971935007386 0.09635036496350365
0 0.5760709010339734 0.5744525547445255 0.047267355982274745 0.07445255474452554
0 0.465288035450517 0.464963503649635 0.050221565731166914 0.08613138686131387
0 0.3810930576070901 0.5956204379562043 0.059084194977843424 0.07883211678832117
0 0.47193500738552435 0.5927007299270073 0.04874446085672083 0.07883211678832117
0 0.5140324963072378 0.589051094890511 0.0413589364844904 0.07153284671532846
0 0.5236336779911374 0.3437956204379562 0.04579025110782865 0.024817518248175182
0 0.5398818316100443 0.48905109489051096 0.07533234859675036 0.07007299270072993
