0 0.7373022481265612 0.338893409275834 0.06411323896752706 0.07241659886086249
0 0.7722731057452124 0.44629780309194467 0.07743547044129892 0.13425549227013833
0 0.7855953372189842 0.5606183889340928 0.0507910074937552 0.07160292921074043
0 0.7818484596169858 0.677379983726607 0.07327227310574522 0.16354759967453214
0 0.7776852622814321 0.8132628152969894 0.06994171523730225 0.11960943856794141
0 0.8501248959200666 0.8673718470301057 0.041631973355537054 0.03905614320585842
0 0.670691090757702 0.32017900732302684 0.04746044962531224 0.17493897477624085
0 0.7102414654454621 0.6399511798209927 0.08492922564529559 0.13262815296989422
0 0.593255620316403 0.22701383238405207 0.09075770191507078 0.13995117982099267
0 0.6049125728559533 0.38161106590724164 0.07743547044129892 0.11065907241659886
0 0.6094920899250624 0.5142392188771359 0.08492922564529559 0.1383238405207486
0 0.6094920899250624 0.6371033360455655 0.08492922564529559 0.08299430431244914
0 0.6074104912572856 0.7034174125305126 0.04746044962531224 0.01708706265256306
0 0.49375520399666945 0.20382424735557364 0.09492089925062448 0.0919446704637917
0 0.5024979184013322 0.32465419039869814 0.07743547044129892 0.10740439381611067
0 0.5120732722731057 0.4532139951179821 0.08159866777685262 0.12530512611879577
0 0.4904246461282265 0.6110659072416599 0.1298917568692756 0.14320585842148087
0 0.4150707743547044 0.2526444263628967 0.06078268109908409 0.14727420667209112
0 0.3892589508742714 0.46541903986981287 0.07743547044129892 0.15785191212367777
0 0.3859283930058285 0.6025223759153784 0.10741049125728559 0.10170870626525631
0 0.31099084096586177 0.4178193653376729 0.07743547044129892 0.10170870626525631
0 0.2960033305578684 0.565500406834825 0.0791007493755204 0.15134255492270138
0 0.22814321398834306 0.4084621643612693 0.06661115736885928 0.12855980471928397
0 0.21981681931723562 0.532139951179821 0.07327227310574522 0.09601301871440195
0 0.20524562864279766 0.6371033360455655 0.07410491257285595 0.07160292921074043
0 0.21565362198168192 0.6985353946297803 0.07160699417152373 0.03173311635475997
0 0.12822647793505412 0.5471928397070789 0.04329725228975854 0.14727420667209112
0 0.34221482098251454 0.25142392188771356 0.058284762697751874 0.12530512611879577
