0 0.2521079258010118 0.14027538726333907 0.11298482293423272 0.1153184165232358
0 0.2630691399662732 0.31669535283993117 0.11129848229342328 0.13080895008605853
0 0.26559865092748736 0.44922547332185886 0.05564924114671164 0.12736660929432014
0 0.28920741989881954 0.6110154905335629 0.09612141652613827 0.12736660929432014
0 0.36930860033726814 0.6996557659208261 0.08431703204047218 0.022375215146299483
0 0.23861720067453626 0.7650602409638554 0.05564924114671164 0.039586919104991396
0 0.3718381112984823 0.14371772805507746 0.12310286677908938 0.1944922547332186
0 0.3946037099494098 0.49139414802065406 0.06745362563237774 0.23924268502581755
0 0.5801011804384486 0.6265060240963856 0.1281618887015177 0.26506024096385544
0 0.56070826306914 0.35972461273666095 0.10286677908937605 0.1686746987951807
0 0.7234401349072512 0.45438898450946646 0.17537942664418213 0.2719449225473322
0 0.8617200674536256 0.48881239242685026 0.08431703204047218 0.3029259896729776
0 0.7925801011804384 0.6755593803786575 0.10792580101180438 0.05679862306368331
