0 0.3698752228163993 0.7610619469026548 0.15508021390374332 0.2513274336283186
0 0.22549019607843138 0.4823008849557522 0.1443850267379679 0.18230088495575222
0 0.22459893048128343 0.7433628318584071 0.11051693404634581 0.19469026548672566
0 0.5392156862745098 0.8097345132743363 0.15151515151515152 0.13982300884955753
0 0.5481283422459893 0.6185840707964602 0.1443850267379679 0.1504424778761062
0 0.37254901960784315 0.4300884955752212 0.1497326203208556 0.21946902654867256
0 0.7254901960784313 0.36283185840707965 0.16042780748663102 0.2513274336283186
0 0.5739750445632799 0.12389380530973451 0.1319073083778966 0.1592920353982301
0 0.7272727272727273 0.13274336283185842 0.1319073083778966 0.1415929203539823
0 0.5659536541889483 0.3566371681415929 0.1265597147950089 0.17876106194690267
0 0.5508021390374331 0.44778761061946903 0.12834224598930483 0.12743362831858407
