0 0.22359396433470508 0.3315988647114475 0.10150891632373114 0.12204351939451277
0 0.20027434842249658 0.48770104068117315 0.14814814814814814 0.15610217596972564
0 0.21193415637860083 0.6177861873226111 0.11385459533607682 0.08136234626300852
0 0.2242798353909465 0.750236518448439 0.16049382716049382 0.08136234626300852
0 0.3278463648834019 0.37890255439924314 0.10973936899862825 0.15042573320719016
0 0.35665294924554186 0.5539262062440871 0.12071330589849108 0.16367076631977295
0 0.4554183813443073 0.5170293282876064 0.13443072702331962 0.282876064333018
0 0.5843621399176955 0.4474929044465468 0.10150891632373114 0.19110690633869443
0 0.6131687242798354 0.6135288552507095 0.16186556927297668 0.09555345316934721
0 0.2880658436213992 0.8519394512771996 0.07956104252400549 0.11636707663197729
