0 0.35333333333333333 0.6359447004608295 0.10476190476190476 0.07004608294930875
0 0.36666666666666664 0.7576036866359447 0.12 0.09032258064516129
0 0.4942857142857143 0.6285714285714286 0.10857142857142857 0.0847926267281106
0 0.5095238095238095 0.7589861751152074 0.12 0.07096774193548387
0 0.6419047619047619 0.6387096774193548 0.18285714285714286 0.11059907834101383
0 0.6514285714285715 0.7686635944700461 0.08761904761904762 0.07741935483870968
0 0.38095238095238093 0.2566820276497696 0.1676190476190476 0.09493087557603687
0 0.518095238095238 0.2654377880184332 0.0838095238095238 0.09769585253456221
0 0.6285714285714286 0.2847926267281106 0.13714285714285715 0.10506912442396313
0 0.5980952380952381 0.13870967741935483 0.11428571428571428 0.08755760368663594
