0 0.6166134185303515 0.4192399049881235 0.11501597444089456 0.2161520190023753
0 0.7651757188498403 0.7114014251781473 0.10543130990415335 0.15914489311163896
0 0.48083067092651754 0.3847980997624703 0.14376996805111822 0.26128266033254155
0 0.5591054313099042 0.6520190023752969 0.16613418530351437 0.23040380047505937
0 0.597444089456869 0.8491686460807601 0.14057507987220447 0.09263657957244656
0 0.3146964856230032 0.2826603325415677 0.15654952076677317 0.15201900237529692
0 0.3929712460063898 0.5190023752969121 0.15335463258785942 0.17339667458432304
0 0.4233226837060703 0.7185273159144893 0.1501597444089457 0.19239904988123516
0 0.46645367412140576 0.8657957244655582 0.09584664536741214 0.06413301662707839
0 0.1757188498402556 0.29572446555819476 0.12779552715654952 0.17814726840855108
0 0.23003194888178913 0.5570071258907363 0.12140575079872204 0.2161520190023753
