0 0.3378119001919386 0.41297676457693994 0.0690978886756238 0.02893467777290662
0 0.345489443378119 0.46120122753178433 0.0690978886756238 0.035072336694432264
0 0.48272552783109407 0.4254712845243314 0.06333973128598848 0.05392371766768961
0 0.4894433781190019 0.47873739587900044 0.07677543186180422 0.035072336694432264
0 0.4952015355086372 0.5019728189390618 0.08829174664107485 0.011398509425690487
0 0.4952015355086372 0.5387987724682157 0.08829174664107485 0.03770276194651469
0 0.3934740882917466 0.5927224901359053 0.03838771593090211 0.02893467777290662
0 0.3771593090211132 0.6199035510740903 0.08253358925143954 0.024550635686102586
0 0.390595009596929 0.6584831214379658 0.08253358925143954 0.02893467777290662
0 0.41938579654510555 0.7016659359929855 0.1017274472168906 0.03638754932047348
0 0.5143953934740882 0.569487067075844 0.07677543186180422 0.017536168347216132
0 0.527831094049904 0.5944761069706269 0.04990403071017274 0.0263042525208242
0 0.5239923224568138 0.6190267426567295 0.0690978886756238 0.011398509425690487
0 0.5374280230326296 0.6549758877685226 0.09596928982725528 0.048224462954844366
0 0.5719769673704415 0.7150372643577378 0.08829174664107485 0.033318719859710653
0 0.33877159309021115 0.29592284085927223 0.08253358925143954 0.017536168347216132
0 0.3378119001919386 0.34721613327487943 0.0690978886756238 0.02893467777290662
0 0.3742802303262956 0.05918456817185445 0.04990403071017274 0.03770276194651469
0 0.3512476007677543 0.11398509425690487 0.09596928982725528 0.030688294607628234
0 0.33589251439539347 0.15146865409907936 0.08829174664107485 0.01446733888645331
0 0.30422264875239924 0.20078912757562473 0.1017274472168906 0.03770276194651469
0 0.31381957773512476 0.24484875054800526 0.08253358925143954 0.023235423060061378
0 0.47696737044145876 0.11332748794388427 0.1017274472168906 0.04077159140727751
0 0.43761996161228406 0.1985971065322227 0.04990403071017274 0.033318719859710653
0 0.5412667946257198 0.19947391494958353 0.07677543186180422 0.03770276194651469
0 0.527831094049904 0.23257343270495398 0.07677543186180422 0.018851380973257344
0 0.41554702495201534 0.2610697062691802 0.08253358925143954 0.032003507233669445
0 0.5201535508637236 0.2661113546690048 0.08829174664107485 0.0394563787812363
