0 0.5446841294298922 0.8066453162530024 0.07858243451463791 0.06645316253002402
0 0.5362095531587057 0.8803042433947158 0.04930662557781202 0.055244195356285025
0 0.6402157164869029 0.8230584467574059 0.07858243451463791 0.09287429943955164
0 0.3089368258859784 0.7281825460368294 0.07858243451463791 0.020016012810248198
0 0.47919876733436056 0.34467574059247397 0.08320493066255778 0.07125700560448359
0 0.4953775038520801 0.4499599679743795 0.07550077041602465 0.09287429943955164
0 0.5939907550077042 0.34787830264211367 0.10015408320493066 0.10168134507606084
0 0.6818181818181818 0.33466773418734985 0.04776579352850539 0.06405124099279423
0 0.600924499229584 0.4591673338670937 0.08936825885978428 0.07285828662930344
0 0.5061633281972265 0.6609287429943955 0.07858243451463791 0.07285828662930344
0 0.615562403697997 0.7025620496397118 0.06933744221879815 0.10648518815052041
0 0.7357473035439137 0.6040832666132906 0.06933744221879815 0.08726981585268215
0 0.734206471494607 0.7654123298638911 0.07550077041602465 0.08006405124099279
0 0.734206471494607 0.6893514811849479 0.0970724191063174 0.04483586869495596
0 0.5 0.567253803042434 0.07858243451463791 0.07285828662930344
0 0.6926040061633282 0.4431545236188951 0.04160246533127889 0.06965572457966374
0 0.6471494607087828 0.6016813450760609 0.09244992295839753 0.06805444355484387
