0 0.4866666666666667 0.896644697423607 0.12 0.06411024565608149
0 0.6352380952380953 0.8807669263031755 0.12 0.05512282804074296
0 0.6685714285714286 0.9349910125823847 0.11047619047619048 0.023367285799880167
0 0.7409523809523809 0.8921509886159377 0.11047619047619048 0.07549430796884361
0 0.5057142857142857 0.9445775913720791 0.12 0.025763930497303775
0 0.34285714285714286 0.7567405632115038 0.09142857142857143 0.06231276213301378
0 0.47523809523809524 0.7591372079089275 0.05904761904761905 0.046734571599760334
0 0.3476190476190476 0.8235470341521869 0.12 0.05811863391252247
0 0.5 0.8196524865188736 0.07428571428571429 0.0683043738765728
0 0.37523809523809526 0.5757938885560215 0.11047619047619048 0.05392450569203116
0 0.518095238095238 0.5838825644098262 0.11047619047619048 0.06411024565608149
0 0.64 0.5886758538046735 0.1295238095238095 0.07729179149191133
0 0.38857142857142857 0.6641701617735171 0.14857142857142858 0.09047333732774117
0 0.54 0.6614739364889155 0.10095238095238095 0.06111443978430198
0 0.3171428571428571 0.4358897543439185 0.07809523809523809 0.05212702216896345
0 0.43142857142857144 0.44008388256440983 0.10095238095238095 0.056920311563810666
0 0.5333333333333333 0.43798681845416415 0.049523809523809526 0.046734571599760334
0 0.32476190476190475 0.4946075494307969 0.05523809523809524 0.04373876572798083
0 0.4276190476190476 0.5053924505692031 0.07809523809523809 0.050928699820251645
0 0.5323809523809524 0.5086878370281606 0.08190476190476191 0.0683043738765728
0 0.29333333333333333 0.13031755542240864 0.08761904761904762 0.05212702216896345
0 0.27714285714285714 0.18933493109646496 0.03619047619047619 0.04074295985620132
0 0.4866666666666667 0.2121030557219892 0.03619047619047619 0.0347513481126423
0 0.379047619047619 0.16027561414020372 0.09142857142857143 0.050928699820251645
0 0.5038095238095238 0.14859197124026363 0.11619047619047619 0.06231276213301378
0 0.6 0.16267225883762731 0.09142857142857143 0.0701018573996405
