0 0.633692458374143 0.15422276621787026 0.07835455435847209 0.09547123623011015
0 0.6312438785504407 0.3353733170134639 0.034280117531831536 0.17135862913096694
0 0.6214495592556317 0.49020807833537333 0.02840352595494613 0.07221542227662178
0 0.6145935357492655 0.6028151774785802 0.08129285014691479 0.10648714810281518
0 0.5205680705190989 0.200734394124847 0.06953966699314397 0.1909424724602203
0 0.5161606268364348 0.38922888616891066 0.07639569049951028 0.11015911872705018
0 0.5083251714005876 0.5232558139534884 0.07443682664054849 0.10893512851897184
0 0.3952007835455436 0.2552019583843329 0.10479921645445642 0.24112607099143207
0 0.7502448579823702 0.16156670746634028 0.058765915768854066 0.10281517747858017
0 0.7291870714985309 0.6358629130966952 0.08129285014691479 0.11627906976744186
0 0.8501469147894222 0.189718482252142 0.08227228207639568 0.1762545899632803
0 0.816356513222331 0.42533659730722156 0.06366307541625857 0.17503059975520197
0 0.821743388834476 0.5966952264381885 0.06464250734573947 0.11627906976744186
