0 0.5562189054726369 0.5281870595771941 0.051741293532338306 0.01729660474055093
0 0.4462686567164179 0.5365150544522742 0.04079601990049751 0.048046124279308135
0 0.43980099502487563 0.6057014734144779 0.03781094527363184 0.04932735426008968
0 0.4373134328358209 0.6527866752081999 0.046766169154228855 0.032030749519538756
0 0.4298507462686567 0.6934657270980141 0.03582089552238806 0.04035874439461883
0 0.454726368159204 0.7475976937860346 0.03582089552238806 0.05253042921204356
0 0.4646766169154229 0.7978859705317104 0.03383084577114428 0.039077514413837285
0 0.445771144278607 0.8532991672005125 0.03582089552238806 0.021780909673286355
0 0.6114427860696517 0.655349135169763 0.04079601990049751 0.014093529788597053
0 0.5676616915422885 0.6729660474055092 0.04477611940298507 0.04932735426008968
0 0.5517412935323384 0.712363869314542 0.030845771144278607 0.011531069827033953
0 0.3855721393034826 0.5406790518898142 0.046766169154228855 0.07687379884689302
0 0.38159203980099504 0.6434977578475336 0.04477611940298507 0.0903267136450993
0 0.33681592039800995 0.6117873158231902 0.04477611940298507 0.04356181934657271
0 0.3238805970149254 0.680973734785394 0.06069651741293532 0.08584240871236387
0 0.25472636815920396 0.5948110185778347 0.05373134328358209 0.039077514413837285
0 0.245273631840796 0.6873798846893018 0.04477611940298507 0.10762331838565023
0 0.18756218905472638 0.8119795003203075 0.046766169154228855 0.04676489429852659
0 0.1746268656716418 0.8619474695707879 0.056716417910447764 0.039077514413837285
0 0.16865671641791044 0.9256886611146701 0.04477611940298507 0.07559256886611147
0 0.24776119402985075 0.846252402306214 0.06766169154228856 0.07431133888532991
0 0.24129353233830847 0.9128763613068546 0.04477611940298507 0.032030749519538756
0 0.3044776119402985 0.846252402306214 0.04975124378109453 0.06278026905829596
0 0.3611940298507463 0.8526585522101218 0.06766169154228856 0.06406149903907751
0 0.33482587064676617 0.9250480461242793 0.046766169154228855 0.04484304932735426
0 0.627363184079602 0.48782831518257525 0.07263681592039802 0.08904548366431775
0 0.6845771144278607 0.4554772581678411 0.03781094527363184 0.033311979500320305
0 0.6791044776119403 0.5108904548366432 0.030845771144278607 0.05060858424087124
0 0.6422885572139303 0.3936579115951313 0.042786069651741296 0.028827674567584883
0 0.6835820895522388 0.4080717488789238 0.03582089552238806 0.03459320948110186
0 0.5606965174129354 0.21268417680973734 0.030845771144278607 0.05253042921204356
0 0.5850746268656717 0.30269058295964124 0.03781094527363184 0.08135810377962845
0 0.6422885572139303 0.3110185778347213 0.042786069651741296 0.048046124279308135
0 0.8452736318407961 0.11402946828955797 0.07263681592039802 0.06662395900064061
0 0.7522388059701492 0.1057014734144779 0.06766169154228856 0.10762331838565023
0 0.6333333333333333 0.2114029468289558 0.042786069651741296 0.10634208840486867
0 0.6592039800995025 0.09064702114029469 0.07661691542288557 0.08904548366431775
0 0.5751243781094527 0.1284433055733504 0.04975124378109453 0.07110826393337603
0 0.7333333333333333 0.21973094170403587 0.08358208955223881 0.08456117873158232
0 0.8328358208955224 0.2158872517616912 0.09751243781094528 0.09481101857783472
