0 0.3983957219251337 0.13982521847690388 0.11586452762923351 0.149812734082397
0 0.25133689839572193 0.14544319600499375 0.0855614973262032 0.10362047440699126
0 0.12032085561497326 0.25031210986267166 0.0766488413547237 0.08364544319600499
0 0.5445632798573975 0.6154806491885143 0.09090909090909091 0.052434456928838954
0 0.6622103386809269 0.5961298377028714 0.09090909090909091 0.046192259675405745
0 0.5561497326203209 0.7172284644194756 0.08199643493761141 0.12609238451935081
0 0.6524064171122995 0.6885143570536829 0.09982174688057041 0.10112359550561797
0 0.7522281639928698 0.5124843945068664 0.0570409982174688 0.12109862671660425
0 0.7477718360071302 0.6348314606741573 0.0873440285204991 0.0986267166042447
0 0.8288770053475936 0.6660424469413233 0.08912655971479501 0.0686641697877653
0 0.6452762923351159 0.7727840199750312 0.08912655971479501 0.049937578027465665
0 0.7450980392156863 0.7590511860174781 0.0748663101604278 0.12484394506866417
0 0.820855614973262 0.7534332084893882 0.058823529411764705 0.09612983770287141
