0 0.6294117647058823 0.14534567229178008 0.10588235294117647 0.03483941208492107
0 0.6329411764705882 0.17011431682090364 0.11294117647058824 0.011431682090364725
0 0.6223529411764706 0.20985302123026675 0.1388235294117647 0.058247142079477406
0 0.5811764705882353 0.22999455634186172 0.09411764705882353 0.02885138813282526
0 0.6282352941176471 0.26973326075122483 0.11294117647058824 0.032117583015786606
0 0.831764705882353 0.23053892215568864 0.10588235294117647 0.007076755579749592
0 0.4505882352941176 0.1401741970604246 0.04941176470588235 0.024496461622210124
0 0.4470588235294118 0.19760479041916168 0.09411764705882353 0.0522591181273816
0 0.18235294117647058 0.15459989112683722 0.10588235294117647 0.018508437670114317
0 0.3058823529411765 0.1638541099618944 0.11294117647058824 0.06859009254218836
0 0.32588235294117646 0.2256396298312466 0.10588235294117647 0.03756124115405553
0 0.22705882352941176 0.21475231355470875 0.10588235294117647 0.05389221556886228
0 0.27294117647058824 0.26238432226456176 0.0988235294117647 0.017419706042460535
0 0.4764705882352941 0.28116494284158955 0.12470588235294118 0.03756124115405553
0 0.46 0.33886771910724006 0.10588235294117647 0.045182362547632006
0 0.6152941176470588 0.3301578660860098 0.04941176470588235 0.041916167664670656
0 0.5635294117647058 0.39439303211758303 0.08705882352941176 0.03320631464344039
0 0.5552941176470588 0.4531845400108873 0.05647058823529412 0.05389221556886228
0 0.34352941176470586 0.5288513881328253 0.11294117647058824 0.041916167664670656
0 0.4752941176470588 0.5291235710397387 0.0988235294117647 0.0391943385955362
0 0.6258823529411764 0.5277626565051715 0.09411764705882353 0.03647250952640174
0 0.44941176470588234 0.5759390310288514 0.0988235294117647 0.018508437670114317
0 0.5776470588235294 0.5838323353293413 0.04941176470588235 0.04082743603701688
0 0.2564705882352941 0.5617855198693522 0.07529411764705882 0.014153511159499184
0 0.25529411764705884 0.6279259662493195 0.08705882352941176 0.011431682090364725
0 0.38823529411764707 0.6415351115949919 0.07529411764705882 0.041916167664670656
0 0.28705882352941176 0.6573217201959717 0.07529411764705882 0.04082743603701688
0 0.5529411764705883 0.6469787697332607 0.11294117647058824 0.032117583015786606
0 0.5411764705882353 0.7000544365813827 0.08 0.05117038649972782
0 0.26705882352941174 0.6924333151878062 0.08705882352941176 0.018508437670114317
0 0.2788235294117647 0.7253674469243332 0.08705882352941176 0.03756124115405553
0 0.39647058823529413 0.6818181818181818 0.06823529411764706 0.02885138813282526
0 0.3847058823529412 0.7125748502994012 0.10588235294117647 0.03483941208492107
0 0.5105882352941177 0.7950462710941752 0.08 0.03647250952640174
0 0.3941176470588235 0.8998366902558519 0.1388235294117647 0.06423516603157321
0 0.5164705882352941 0.8938486663037561 0.06823529411764706 0.03483941208492107
0 0.3247058823529412 0.9681545998911268 0.0611764705882353 0.03756124115405553
0 0.4823529411764706 0.9398475775721284 0.0611764705882353 0.027762656505171474
