0 0.2306930693069307 0.24564796905222436 0.053465346534653464 0.18181818181818182
0 0.24158415841584158 0.43520309477756286 0.055445544554455446 0.17408123791102514
0 0.24653465346534653 0.6073500967117988 0.07326732673267326 0.09284332688588008
0 0.2871287128712871 0.7649903288201161 0.10297029702970296 0.1102514506769826
0 0.3722772277227723 0.2330754352030948 0.1188118811881188 0.14893617021276595
0 0.3584158415841584 0.3742746615087041 0.09108910891089109 0.05222437137330754
0 0.43564356435643564 0.562862669245648 0.1900990099009901 0.2978723404255319
0 0.46534653465346537 0.7659574468085106 0.09108910891089109 0.0735009671179884
0 0.49207920792079207 0.26305609284332687 0.04950495049504951 0.10058027079303675
0 0.5683168316831683 0.37620889748549324 0.09900990099009901 0.14893617021276595
0 0.6039603960396039 0.6005802707930368 0.12277227722772277 0.19922630560928434
0 0.7108910891089109 0.4835589941972921 0.10297029702970296 0.16634429400386846
0 0.7544554455445545 0.6586073500967118 0.08316831683168317 0.06769825918762089
