0 0.4024390243902439 0.5902383654937571 0.028142589118198873 0.08399545970488081
0 0.4052532833020638 0.6901248581157775 0.0600375234521576 0.08172531214528944
0 0.40431519699812385 0.7695800227014756 0.043151969981238276 0.05221339387060159
0 0.3799249530956848 0.8558456299659478 0.06191369606003752 0.07491486946651532
0 0.3724202626641651 0.9262202043132803 0.06941838649155722 0.03178206583427923
0 0.2673545966228893 0.5022701475595914 0.07692307692307693 0.08286038592508513
0 0.3048780487804878 0.6140749148694665 0.11444652908067542 0.11804767309875142
0 0.3030018761726079 0.7162315550510783 0.05065666041275797 0.07264472190692395
0 0.29080675422138835 0.8087400681044268 0.08630393996247655 0.08967082860385925
0 0.2861163227016886 0.8916004540295119 0.07317073170731707 0.03745743473325766
0 0.2851782363977486 0.1515323496027242 0.0375234521575985 0.07150964812712826
0 0.28424015009380865 0.2275822928490352 0.06191369606003752 0.06696935300794551
0 0.2851782363977486 0.2973893303064699 0.0375234521575985 0.04767309875141884
0 0.29080675422138835 0.3887627695800227 0.09380863039399624 0.0851305334846765
0 0.3902439024390244 0.14982973893303064 0.1200750469043152 0.08172531214528944
0 0.3874296435272045 0.2213393870601589 0.09568480300187618 0.036322360953461974
0 0.3902439024390244 0.2973893303064699 0.10131332082551595 0.07264472190692395
0 0.3949343339587242 0.38989784335981836 0.04690431519699812 0.06923950056753689
0 0.5056285178236398 0.1441543700340522 0.08442776735459662 0.08172531214528944
0 0.5075046904315197 0.26276958002270145 0.08442776735459662 0.11464245175936436
0 0.5300187617260788 0.3688989784335982 0.08067542213883677 0.07491486946651532
0 0.6772983114446529 0.21112372304199772 0.1050656660412758 0.06356413166855845
0 0.8255159474671669 0.25198637911464244 0.10131332082551595 0.06356413166855845
