0 0.7022809123649459 0.29872712808273666 0.03841536614645858 0.042163882259347654
0 0.6908763505402161 0.3894192521877486 0.056422569027611044 0.09626093874303898
0 0.7929171668667467 0.35043754972155927 0.09483793517406963 0.1026252983293556
0 0.8889555822328932 0.36833731105807477 0.06842737094837935 0.08432776451869531
0 0.7701080432172869 0.45544948289578363 0.04921968787515006 0.010342084327764518
0 0.5324129651860744 0.4451073985680191 0.058823529411764705 0.007159904534606206
0 0.5156062424969988 0.6571201272871917 0.061224489795918366 0.01909307875894988
0 0.24369747899159663 0.6241050119331742 0.0936374549819928 0.03579952267303103
0 0.33133253301320525 0.6503579952267303 0.08643457382953182 0.06443914081145585
0 0.3115246098439376 0.7319013524264121 0.06602641056422569 0.0477326968973747
0 0.4207683073229292 0.8663484486873508 0.06362545018007203 0.02545743834526651
0 0.5114045618247299 0.8178202068416865 0.026410564225690276 0.049323786793953855
0 0.5498199279711885 0.822593476531424 0.04321728691476591 0.05409705648369133
