0 0.25126475548060706 0.5890173410404624 0.050590219224283306 0.058959537572254334
0 0.2571669477234401 0.6705202312138728 0.021922428330522766 0.027745664739884393
0 0.2765598650927487 0.7566473988439306 0.06745362563237774 0.10751445086705202
0 0.28499156829679595 0.861849710982659 0.08431703204047218 0.07745664739884393
0 0.34317032040472173 0.5913294797687861 0.06239460370994941 0.13988439306358383
0 0.6644182124789207 0.7439306358381503 0.06745362563237774 0.15144508670520232
0 0.7731871838111298 0.7086705202312139 0.06913996627318718 0.08554913294797688
0 0.5876897133220911 0.8271676300578035 0.0657672849915683 0.07283236994219654
0 0.545531197301855 0.5971098265895953 0.09274873524451939 0.08670520231213873
0 0.4806070826306914 0.7971098265895954 0.08094435075885328 0.08670520231213873
0 0.38785834738617203 0.7456647398843931 0.10118043844856661 0.07861271676300578
0 0.4612141652613828 0.6861271676300578 0.04215851602023609 0.08670520231213873
0 0.6905564924114671 0.33641618497109826 0.07588532883642496 0.06705202312138728
0 0.47386172006745364 0.3190751445086705 0.06745362563237774 0.057803468208092484
0 0.47217537942664417 0.22369942196531792 0.07419898819561552 0.07745664739884393
0 0.3760539629005059 0.28901734104046245 0.07082630691399663 0.13641618497109825
0 0.5750421585160203 0.31676300578034683 0.0775716694772344 0.12254335260115606
0 0.7074198988195616 0.2491329479768786 0.09274873524451939 0.10057803468208093
0 0.781618887015177 0.20520231213872833 0.08263069139966273 0.028901734104046242
0 0.4671163575042159 0.11734104046242774 0.09780775716694773 0.07052023121387284
0 0.3920741989881956 0.14450867052023122 0.021922428330522766 0.06936416184971098
0 0.5396290050590219 0.146242774566474 0.06070826306913996 0.09826589595375723
0 0.6661045531197302 0.12080924855491329 0.10792580101180438 0.06358381502890173
0 0.2917369308600337 0.3132947976878613 0.08094435075885328 0.08092485549132948
0 0.6500843170320405 0.5901734104046242 0.045531197301854974 0.047398843930635835
0 0.7824620573355818 0.26242774566473986 0.03035413153456998 0.06705202312138728
