0 0.5365671641791044 0.8969230769230769 0.0880597014925373 0.03472527472527472
0 0.6432835820895523 0.8951648351648351 0.08358208955223881 0.04351648351648352
0 0.7626865671641792 0.9010989010989011 0.11343283582089553 0.055384615384615386
0 0.5164179104477612 0.7947252747252748 0.06865671641791045 0.04659340659340659
0 0.5395522388059701 0.8428571428571429 0.06417910447761194 0.04351648351648352
0 0.458955223880597 0.489010989010989 0.09402985074626866 0.04351648351648352
0 0.45671641791044776 0.5415384615384615 0.09850746268656717 0.055384615384615386
0 0.585820895522388 0.5158241758241758 0.12388059701492538 0.0654945054945055
0 0.4664179104477612 0.3956043956043956 0.0791044776119403 0.037802197802197804
0 0.4664179104477612 0.4391208791208791 0.10895522388059702 0.037802197802197804
0 0.5626865671641791 0.4147252747252747 0.08358208955223881 0.05846153846153846
0 0.47388059701492535 0.3457142857142857 0.09402985074626866 0.025934065934065935
0 0.5738805970149253 0.3463736263736264 0.10895522388059702 0.0421978021978022
0 0.5828358208955224 0.30021978021978024 0.07313432835820896 0.029010989010989013
0 0.4835820895522388 0.3112087912087912 0.08358208955223881 0.024615384615384615
