0 0.6316187594553706 0.3590664272890485 0.09228441754916793 0.15080789946140036
0 0.6255673222390318 0.5466786355475763 0.04084720121028744 0.1992818671454219
0 0.6187594553706506 0.7100538599640933 0.05143721633888049 0.0807899461400359
0 0.5310136157337367 0.3976660682226212 0.07261724659606657 0.1561938958707361
0 0.5158850226928896 0.5745062836624776 0.08169440242057488 0.13644524236983843
0 0.3940998487140696 0.3617594254937163 0.08623298033282904 0.1561938958707361
0 0.3978819969742814 0.5350089766606823 0.08774583963691376 0.10412926391382406
0 0.28517397881996975 0.2459605026929982 0.09833585476550681 0.118491921005386
0 0.29954614220877457 0.3868940754039497 0.09984871406959153 0.07360861759425494
0 0.2723146747352496 0.5215439856373429 0.039334341906202726 0.1310592459605027
