0 0.20024570024570024 0.28084252758274825 0.049959049959049956 0.08425275827482448
0 0.1773136773136773 0.38515546639919757 0.018837018837018837 0.08425275827482448
0 0.15724815724815724 0.49498495486459376 0.029484029484029485 0.08124373119358075
0 0.1375921375921376 0.6369107321965898 0.06552006552006552 0.13841524573721165
0 0.22645372645372647 0.7437311935807422 0.04504504504504504 0.029087261785356068
0 0.23669123669123668 0.4593781344032096 0.03767403767403767 0.01805416248746239
0 0.3001638001638002 0.17903711133400202 0.03521703521703522 0.011033099297893681
0 0.47706797706797704 0.26529588766298895 0.04013104013104013 0.02708124373119358
0 0.6101556101556102 0.119358074222668 0.03931203931203931 0.0160481444332999
0 0.7027027027027027 0.19157472417251756 0.03276003276003276 0.058174523570712136
0 0.6986076986076986 0.4152457372116349 0.042588042588042586 0.0320962888665998
0 0.7678132678132679 0.34353059177532597 0.030303030303030304 0.09327983951855567
0 0.7911547911547911 0.45035105315947843 0.03931203931203931 0.06820461384152457
0 0.8026208026208026 0.5927783350050151 0.0475020475020475 0.18254764292878636
0 0.7215397215397216 0.7021063189568706 0.042588042588042586 0.0320962888665998
0 0.8230958230958231 0.7678034102306921 0.06388206388206388 0.12337011033099297
0 0.8042588042588042 0.8906720160481444 0.01638001638001638 0.0641925777331996
0 0.22686322686322685 0.9167502507522568 0.027846027846027847 0.058174523570712136
0 0.26535626535626533 0.9092276830491475 0.027846027846027847 0.05315947843530592
0 0.3063063063063063 0.9047141424272819 0.03276003276003276 0.04613841524573721
