0 0.6862745098039216 0.19390787518573552 0.10338680926916222 0.14710252600297177
0 0.6889483065953654 0.40416047548291234 0.10160427807486631 0.14561664190193166
0 0.6675579322638147 0.6225854383358098 0.11229946524064172 0.1812778603268945
0 0.6336898395721925 0.7860326894502229 0.0944741532976827 0.10401188707280833
0 0.5222816399286988 0.1485884101040119 0.09982174688057041 0.09212481426448738
0 0.5320855614973262 0.3187221396731055 0.11942959001782531 0.1589895988112927
0 0.5401069518716578 0.5141158989598811 0.0748663101604278 0.1426448736998514
0 0.5303030303030303 0.7028231797919762 0.0338680926916221 0.1337295690936107
0 0.5017825311942959 0.8343239227340268 0.0481283422459893 0.06983655274888559
0 0.8226381461675579 0.8016344725111442 0.0374331550802139 0.0638930163447251
