0 0.08662420382165605 0.4155844155844156 0.02802547770700637 0.10909090909090909
0 0.08089171974522293 0.5792207792207792 0.02165605095541401 0.13506493506493505
0 0.11082802547770701 0.4675324675324675 0.025477707006369428 0.11948051948051948
0 0.15222929936305732 0.4935064935064935 0.05732484076433121 0.17662337662337663
0 0.15605095541401273 0.6493506493506493 0.034394904458598725 0.0987012987012987
0 0.1 0.8168831168831169 0.03949044585987261 0.10649350649350649
0 0.1554140127388535 0.787012987012987 0.035668789808917196 0.14025974025974025
0 0.2050955414012739 0.787012987012987 0.045859872611464965 0.12467532467532468
0 0.2700636942675159 0.7363636363636363 0.030573248407643312 0.023376623376623377
0 0.3687898089171974 0.2883116883116883 0.02165605095541401 0.14025974025974025
0 0.3662420382165605 0.43506493506493504 0.02165605095541401 0.08571428571428572
0 0.41273885350318473 0.3168831168831169 0.045859872611464965 0.0987012987012987
0 0.3974522292993631 0.42987012987012985 0.02802547770700637 0.09090909090909091
0 0.4318471337579618 0.44285714285714284 0.0535031847133758 0.14805194805194805
0 0.44522292993630574 0.6116883116883117 0.062420382165605096 0.22077922077922077
0 0.4859872611464968 0.4116883116883117 0.03184713375796178 0.12727272727272726
0 0.589171974522293 0.6610389610389611 0.03694267515923567 0.15844155844155844
0 0.6471337579617834 0.6363636363636364 0.045859872611464965 0.11948051948051948
0 0.6560509554140127 0.42337662337662335 0.017834394904458598 0.11428571428571428
0 0.7025477707006369 0.4064935064935065 0.044585987261146494 0.12727272727272726
0 0.759235668789809 0.37012987012987014 0.045859872611464965 0.11688311688311688
0 0.8273885350318472 0.36493506493506495 0.04203821656050955 0.16363636363636364
0 0.770063694267516 0.5831168831168831 0.03694267515923567 0.023376623376623377
0 0.39490445859872614 0.6194805194805195 0.04331210191082802 0.16363636363636364
