0 0.3615686274509804 0.11642156862745098 0.0196078431372549 0.011554621848739496
0 0.6282352941176471 0.12307422969187676 0.0196078431372549 0.012955182072829132
0 0.5513725490196079 0.10819327731092437 0.022745098039215685 0.0070028011204481795
0 0.6258823529411764 0.20710784313725492 0.027450980392156862 0.029061624649859945
0 0.6996078431372549 0.16876750700280113 0.027450980392156862 0.023109243697478993
0 0.7184313725490196 0.20413165266106442 0.02588235294117647 0.0350140056022409
0 0.66 0.23109243697478993 0.027450980392156862 0.05392156862745098
0 0.5531372549019608 0.22741596638655462 0.012941176470588235 0.011554621848739496
0 0.3843137254901961 0.21638655462184875 0.022745098039215685 0.036414565826330535
0 0.40980392156862744 0.22443977591036415 0.027450980392156862 0.052521008403361345
0 0.3023529411764706 0.17489495798319327 0.042352941176470586 0.04656862745098039
0 0.27705882352941175 0.2186624649859944 0.030980392156862744 0.029061624649859945
0 0.26313725490196077 0.26418067226890757 0.0196078431372549 0.026260504201680673
0 0.24823529411764705 0.31442577030812324 0.02588235294117647 0.05112044817927171
0 0.19117647058823528 0.3438375350140056 0.029411764705882353 0.018907563025210083
0 0.1635294117647059 0.34593837535014005 0.0196078431372549 0.02030812324929972
0 0.18137254901960784 0.4833683473389356 0.029411764705882353 0.014355742296918767
0 0.12705882352941175 0.37219887955182074 0.022745098039215685 0.04061624649859944
0 0.2690196078431373 0.33771008403361347 0.021176470588235293 0.015756302521008403
0 0.11745098039215686 0.509453781512605 0.032549019607843135 0.037815126050420166
0 0.11745098039215686 0.5572478991596639 0.032549019607843135 0.045168067226890755
0 0.13862745098039217 0.6411064425770309 0.01607843137254902 0.02030812324929972
0 0.8225490196078431 0.42927170868347336 0.014509803921568627 0.01750700280112045
0 0.8258823529411765 0.3599439775910364 0.021176470588235293 0.018907563025210083
0 0.7550980392156863 0.32528011204481794 0.030980392156862744 0.04061624649859944
0 0.6941176470588235 0.21638655462184875 0.0196078431372549 0.024509803921568627
0 0.716078431372549 0.26260504201680673 0.021176470588235293 0.0350140056022409
0 0.6447058823529411 0.34681372549019607 0.0196078431372549 0.01015406162464986
0 0.5627450980392157 0.36099439775910364 0.0196078431372549 0.0070028011204481795
0 0.5252941176470588 0.3240546218487395 0.032549019607843135 0.029061624649859945
0 0.8250980392156863 0.49142156862745096 0.0196078431372549 0.012955182072829132
0 0.7462745098039215 0.6493347338935574 0.0196078431372549 0.012955182072829132
0 0.6609803921568628 0.6192226890756303 0.032549019607843135 0.011554621848739496
0 0.6545098039215687 0.7186624649859944 0.02588235294117647 0.011554621848739496
0 0.754313725490196 0.7844887955182073 0.01607843137254902 0.014355742296918767
0 0.7798039215686274 0.8123249299719888 0.01764705882352941 0.023109243697478993
0 0.783921568627451 0.8473389355742297 0.022745098039215685 0.023109243697478993
0 0.7831372549019607 0.8919817927170869 0.02431372549019608 0.04236694677871149
0 0.6250980392156863 0.8553921568627451 0.0196078431372549 0.021708683473389355
0 0.7282352941176471 0.9320728291316527 0.022745098039215685 0.01750700280112045
0 0.5990196078431372 0.40861344537815125 0.012941176470588235 0.023109243697478993
0 0.6390196078431373 0.4262955182072829 0.014509803921568627 0.011554621848739496
0 0.2698039215686274 0.40861344537815125 0.0196078431372549 0.023109243697478993
0 0.2443137254901961 0.5696778711484594 0.021176470588235293 0.023109243697478993
0 0.17058823529411765 0.7244397759103641 0.021176470588235293 0.023109243697478993
0 0.6954901960784313 0.4065126050420168 0.029411764705882353 0.0392156862745098
0 0.5866666666666667 0.33560924369747897 0.02431372549019608 0.029061624649859945
