0 0.617039586919105 0.7059620596205962 0.022375215146299483 0.15447154471544716
0 0.39328743545611017 0.2682926829268293 0.0774526678141136 0.15718157181571815
0 0.6230636833046471 0.2140921409214092 0.06196213425129088 0.11924119241192412
0 0.6557659208261618 0.3807588075880759 0.058519793459552494 0.18699186991869918
0 0.6919104991394148 0.5745257452574526 0.06540447504302926 0.08130081300813008
0 0.7005163511187608 0.18699186991869918 0.04819277108433735 0.06504065040650407
0 0.7719449225473322 0.5474254742547425 0.06368330464716007 0.27100271002710025
0 0.7891566265060241 0.2222222222222222 0.05335628227194492 0.16260162601626016
0 0.8442340791738382 0.47696476964769646 0.05679862306368331 0.13008130081300814
0 0.729776247848537 0.3062330623306233 0.06540447504302926 0.12466124661246612
