0 0.3148599269183922 0.20563230605738575 0.03288672350791717 0.028692879914984058
0 0.3081607795371498 0.24760892667375134 0.0535931790499391 0.06376195536663125
0 0.31242387332521315 0.6588735387885228 0.06699147381242387 0.04675876726886291
0 0.5365408038976858 0.43092454835281613 0.03288672350791717 0.12858660998937302
0 0.5091352009744214 0.6195536663124336 0.08038976857490865 0.1487778958554729
0 0.6467722289890377 0.44686503719447396 0.0535931790499391 0.13708820403825717
0 0.643727161997564 0.6328374070138151 0.11327649208282582 0.13496280552603612
0 0.451278928136419 0.7646121147715197 0.049939098660170524 0.07120085015940489
0 0.7216808769792935 0.27098831030818277 0.06942752740560293 0.12114771519659936
0 0.7911084043848965 0.4436769394261424 0.05968331303288672 0.1030818278427205
0 0.7856272838002436 0.6450584484590861 0.1120584652862363 0.09989373007438895
0 0.610231425091352 0.7603613177470776 0.0730816077953715 0.07970244420828905
