0 0.7763440860215054 0.32819383259911894 0.18064516129032257 0.11013215859030837
0 0.7634408602150538 0.47723935389133626 0.06451612903225806 0.13803230543318648
0 0.7559139784946236 0.6483113069016153 0.08817204301075268 0.13656387665198239
0 0.578494623655914 0.3869309838472834 0.15913978494623657 0.23348017621145375
0 0.5795698924731183 0.6527165932452276 0.14408602150537633 0.19823788546255505
0 0.4344086021505376 0.33480176211453744 0.09462365591397849 0.15859030837004406
0 0.4204301075268817 0.5102790014684288 0.11827956989247312 0.18355359765051396
0 0.4258064516129032 0.7099853157121879 0.12903225806451613 0.14537444933920704
0 0.2838709677419355 0.33259911894273125 0.17204301075268819 0.13656387665198239
0 0.2967741935483871 0.5058737151248165 0.14193548387096774 0.16299559471365638
0 0.11505376344086021 0.3274596182085169 0.1053763440860215 0.09397944199706314
0 0.5301075268817205 0.8333333333333334 0.12688172043010754 0.033773861967694566
0 0.11720430107526882 0.5301027900146843 0.09247311827956989 0.17327459618208516
