0 0.32105263157894737 0.08623298033282904 0.02857142857142857 0.05446293494704992
0 0.10902255639097744 0.4886535552193646 0.055639097744360905 0.0453857791225416
0 0.10300751879699248 0.5794251134644478 0.04360902255639098 0.06354009077155824
0 0.11278195488721804 0.7987897125567323 0.042105263157894736 0.057488653555219364
0 0.29097744360902256 0.726928895612708 0.058646616541353384 0.025718608169440244
0 0.40827067669172934 0.7322239031770046 0.055639097744360905 0.04236006051437216
0 0.42105263157894735 0.7881996974281392 0.02706766917293233 0.0453857791225416
0 0.49774436090225566 0.7337367624810892 0.06616541353383458 0.08169440242057488
0 0.49849624060150377 0.819213313161876 0.061654135338345864 0.028744326777609682
0 0.5812030075187969 0.7322239031770046 0.04360902255639098 0.09682299546142209
0 0.6714285714285714 0.6898638426626323 0.03759398496240601 0.05143721633888049
0 0.6766917293233082 0.7632375189107413 0.06616541353383458 0.04084720121028744
0 0.681203007518797 0.829803328290469 0.06315789473684211 0.04387291981845688
0 0.8278195488721805 0.8328290468986385 0.0406015037593985 0.11346444780635401
0 0.8172932330827067 0.7201210287443268 0.09473684210526316 0.06354009077155824
