0 0.12560386473429952 0.5217391304347826 0.0966183574879227 0.2151029748283753
0 0.14814814814814814 0.7322654462242563 0.04830917874396135 0.11899313501144165
0 0.3083735909822866 0.18077803203661327 0.09822866344605476 0.19221967963386727
0 0.3357487922705314 0.47139588100686497 0.16908212560386474 0.2700228832951945
0 0.4782608695652174 0.2791762013729977 0.10628019323671498 0.20137299771167047
0 0.6344605475040258 0.19679633867276888 0.10628019323671498 0.21052631578947367
0 0.6827697262479872 0.38558352402745993 0.07729468599033816 0.07551487414187644
0 0.7270531400966184 0.534324942791762 0.0853462157809984 0.2219679633867277
0 0.7681159420289855 0.19679633867276888 0.08695652173913043 0.13729977116704806
0 0.4428341384863124 0.6967963386727689 0.09339774557165861 0.038901601830663615
