0 0.391358024691358 0.7107180020811654 0.1308641975308642 0.062434963579604576
0 0.5876543209876544 0.7174817898022893 0.16296296296296298 0.06971904266389178
0 0.37530864197530867 0.8142559833506764 0.13333333333333333 0.09885535900104059
0 0.582716049382716 0.8397502601456815 0.1925925925925926 0.08116545265348596
0 0.3 0.6331945889698231 0.04691358024691358 0.053069719042663895
0 0.3197530864197531 0.48126951092611864 0.08641975308641975 0.030176899063475548
0 0.30864197530864196 0.5353798126951093 0.11358024691358025 0.061394380853277836
0 0.2740740740740741 0.09209157127991675 0.1037037037037037 0.06347554630593132
0 0.391358024691358 0.07440166493236212 0.08148148148148149 0.09261186264308012
0 0.508641975308642 0.09001040582726327 0.1037037037037037 0.09053069719042664
0 0.24074074074074073 0.19771071800208118 0.10617283950617284 0.047866805411030174
0 0.4283950617283951 0.19094693028095733 0.1654320987654321 0.05098855359001041
0 0.21975308641975308 0.2882414151925078 0.05432098765432099 0.08740894901144641
0 0.40370370370370373 0.26222684703433924 0.1259259259259259 0.05619146722164412
0 0.18024691358024691 0.39125910509885536 0.05432098765432099 0.05827263267429761
0 0.18395061728395062 0.4458896982310094 0.08641975308641975 0.011446409989594173
0 0.3506172839506173 0.3709677419354839 0.14814814814814814 0.10718002081165452
