0 0.3752620545073375 0.2578947368421053 0.06289308176100629 0.18596491228070175
0 0.3867924528301887 0.49298245614035086 0.0649895178197065 0.15087719298245614
0 0.38155136268343814 0.7192982456140351 0.033542976939203356 0.14035087719298245
0 0.3888888888888889 0.8614035087719298 0.027253668763102725 0.0456140350877193
0 0.4612159329140461 0.2929824561403509 0.09224318658280922 0.18596491228070175
0 0.5482180293501048 0.47192982456140353 0.0649895178197065 0.02456140350877193
0 0.5639412997903563 0.30350877192982456 0.06708595387840671 0.17192982456140352
0 0.6729559748427673 0.32280701754385965 0.09224318658280922 0.26666666666666666
0 0.790356394129979 0.2807017543859649 0.08385744234800839 0.2736842105263158
0 0.8039832285115304 0.5421052631578948 0.05241090146750524 0.1368421052631579
0 0.2809224318658281 0.21578947368421053 0.05450733752620545 0.1649122807017544
0 0.279874213836478 0.43157894736842106 0.07337526205450734 0.20350877192982456
0 0.16666666666666666 0.4245614035087719 0.07337526205450734 0.2596491228070175
