0 0.19470404984423675 0.18637532133676094 0.0778816199376947 0.13110539845758354
0 0.2383177570093458 0.41259640102827766 0.0778816199376947 0.15681233933161953
0 0.37383177570093457 0.41002570694087404 0.12461059190031153 0.15167095115681234
0 0.4968847352024922 0.4241645244215938 0.07165109034267912 0.12339331619537275
0 0.5981308411214953 0.4652956298200514 0.11214953271028037 0.17480719794344474
0 0.721183800623053 0.43444730077120824 0.07165109034267912 0.08226221079691516
0 0.7289719626168224 0.5694087403598972 0.04361370716510903 0.07969151670951156
0 0.3052959501557632 0.6131105398457584 0.09968847352024922 0.12082262210796915
0 0.4470404984423676 0.6439588688946015 0.08411214953271028 0.1928020565552699
0 0.5747663551401869 0.6722365038560412 0.07165109034267912 0.16709511568123395
0 0.6838006230529595 0.718508997429306 0.0778816199376947 0.15681233933161953
