0 0.2245817245817246 0.6984126984126984 0.029601029601029602 0.06060606060606061
0 0.23938223938223938 0.8174603174603174 0.028314028314028315 0.0707070707070707
0 0.2335907335907336 0.8658008658008658 0.019305019305019305 0.017316017316017316
0 0.287001287001287 0.6955266955266955 0.06692406692406692 0.09812409812409813
0 0.37966537966537967 0.575036075036075 0.03346203346203346 0.03896103896103896
0 0.36036036036036034 0.4393939393939394 0.02574002574002574 0.1111111111111111
0 0.4272844272844273 0.5317460317460317 0.043758043758043756 0.12842712842712842
0 0.5186615186615187 0.5541125541125541 0.0489060489060489 0.10678210678210678
0 0.5701415701415702 0.7337662337662337 0.03861003861003861 0.04184704184704185
0 0.6891891891891891 0.696969696969697 0.019305019305019305 0.10101010101010101
0 0.7374517374517374 0.6688311688311688 0.028314028314028315 0.05339105339105339
0 0.6808236808236808 0.5021645021645021 0.07207207207207207 0.05772005772005772
0 0.7593307593307593 0.7878787878787878 0.04118404118404118 0.08946608946608947
0 0.4948519948519948 0.6832611832611832 0.039897039897039896 0.05627705627705628
