0 0.7273730684326711 0.7126751980499695 0.15673289183222958 0.07007921998781232
0 0.5441501103752759 0.7181596587446679 0.13024282560706402 0.07007921998781232
0 0.5562913907284768 0.803473491773309 0.11037527593818984 0.08592321755027423
0 0.5055187637969095 0.5463132236441195 0.1368653421633554 0.0627666057282145
0 0.49448123620309054 0.629189518586228 0.1368653421633554 0.055453991468616695
0 0.48233995584988965 0.4463741620962828 0.17439293598233996 0.08714198659354053
0 0.4613686534216336 0.3659354052407069 0.16335540838852097 0.0725167580743449
0 0.4260485651214128 0.2696526508226691 0.08388520971302428 0.07861060329067641
0 0.6114790286975718 0.27544180377818406 0.16777041942604856 0.06703229737964655
0 0.4271523178807947 0.1145642900670323 0.1479028697571744 0.06093845216331505
0 0.4139072847682119 0.1846435100548446 0.09933774834437085 0.05240706886045095
