0 0.3312078019504876 0.2503410641200546 0.05026256564141035 0.0723055934515689
0 0.2614403600900225 0.22100954979536153 0.07426856714178545 0.11186903137789904
0 0.16654163540885222 0.1869031377899045 0.05401350337584396 0.06548431105047749
0 0.10877719429857464 0.4843110504774898 0.04801200300075019 0.16916780354706684
0 0.16504126031507876 0.504774897680764 0.033008252063015754 0.0927694406548431
0 0.11927981995498875 0.737380627557981 0.046511627906976744 0.12414733969986358
0 0.18042010502625658 0.7748976807639836 0.04276069017254314 0.03819918144611187
0 0.4519879969992498 0.7503410641200545 0.05776444111027757 0.18281036834924966
0 0.5255063765941486 0.7564802182810368 0.04576144036009002 0.08049113233287858
0 0.445986496624156 0.4733969986357435 0.03825956489122281 0.13915416098226466
0 0.5990247561890473 0.23465211459754434 0.04576144036009002 0.10641200545702592
0 0.45723930982745686 0.22237380627557982 0.051762940735183796 0.12551159618008187
0 0.5153788447111778 0.19577080491132332 0.033008252063015754 0.06957708049113233
