0 0.3222811671087533 0.17333333333333334 0.0610079575596817 0.08
0 0.3196286472148541 0.3495238095238095 0.1246684350132626 0.2571428571428571
0 0.38461538461538464 0.580952380952381 0.11140583554376658 0.13714285714285715
0 0.40450928381962864 0.7228571428571429 0.10875331564986737 0.12761904761904763
0 0.25862068965517243 0.5838095238095238 0.05570291777188329 0.14285714285714285
0 0.2625994694960212 0.7685714285714286 0.10079575596816977 0.17333333333333334
0 0.47214854111405835 0.41904761904761906 0.18037135278514588 0.21714285714285714
0 0.5755968169761273 0.6685714285714286 0.16976127320954906 0.259047619047619
0 0.7639257294429708 0.7847619047619048 0.06896551724137931 0.16
0 0.6684350132625995 0.3980952380952381 0.16976127320954906 0.24
