0 0.23366834170854273 0.17927382753403934 0.09882747068676717 0.13767019667170954
0 0.17001675041876047 0.2927382753403933 0.09547738693467336 0.1437216338880484
0 0.3249581239530988 0.2102874432677761 0.07705192629815745 0.16036308623298035
0 0.3458961474036851 0.3668683812405446 0.06867671691792294 0.06202723146747353
0 0.34003350083752093 0.4742813918305598 0.06700167504187604 0.12859304084720122
0 0.35845896147403683 0.6346444780635401 0.08040201005025126 0.10741301059001512
0 0.4556113902847571 0.6754916792738276 0.09380234505862646 0.10741301059001512
0 0.45142378559463986 0.5484114977307111 0.09212730318257957 0.11043872919818457
0 0.43132328308207707 0.3895612708018154 0.09882747068676717 0.1437216338880484
0 0.5862646566164154 0.37594553706505296 0.11725293132328309 0.1437216338880484
0 0.5845896147403685 0.5544629349470499 0.07370184254606366 0.11043872919818457
0 0.6038525963149078 0.716338880484115 0.11222780569514237 0.17095310136157338
0 0.7311557788944724 0.40771558245083206 0.09547738693467336 0.19213313161875945
