0 0.6306306306306306 0.19406867845993755 0.15015015015015015 0.1113423517169615
0 0.4519519519519519 0.19406867845993755 0.16516516516516516 0.07596253902185224
0 0.44894894894894893 0.07492195629552549 0.15915915915915915 0.07908428720083246
0 0.26426426426426425 0.06971904266389178 0.15615615615615616 0.09157127991675339
0 0.27177177177177175 0.19510926118626432 0.15915915915915915 0.0967741935483871
0 0.5765765765765766 0.3600416233090531 0.12012012012012012 0.08324661810613944
0 0.5870870870870871 0.4927159209157128 0.16516516516516516 0.09469302809573361
0 0.3738738738738739 0.5104058272632674 0.22522522522522523 0.12174817898022892
0 0.6096096096096096 0.6711758584807492 0.15015015015015015 0.08949011446409989
0 0.3888888888888889 0.690426638917794 0.15915915915915915 0.07804370447450572
0 0.4069069069069069 0.803850156087409 0.11711711711711711 0.08636836628511967
0 0.5885885885885885 0.8106139438085328 0.18618618618618618 0.12486992715920915
0 0.4024024024024024 0.8886576482830385 0.12012012012012012 0.062434963579604576
0 0.33183183183183185 0.35327783558792925 0.16516516516516516 0.08636836628511967
