0 0.4903339191564148 0.3522267206477733 0.07381370826010544 0.12685560053981107
0 0.5035149384885764 0.5452091767881242 0.11072056239015818 0.1214574898785425
0 0.492091388400703 0.7847503373819164 0.05272407732864675 0.17139001349527666
0 0.3532513181019332 0.3697705802968961 0.15114235500878734 0.08636977058029689
0 0.3453427065026362 0.5539811066126855 0.10720562390158173 0.1524966261808367
0 0.2047451669595782 0.7051282051282052 0.10017574692442882 0.06072874493927125
0 0.18717047451669597 0.8130904183535762 0.13884007029876977 0.11201079622132254
0 0.18717047451669597 0.4251012145748988 0.10017574692442882 0.13765182186234817
0 0.18980667838312829 0.5748987854251012 0.12302284710017575 0.17813765182186234
0 0.20035149384885764 0.2793522267206478 0.11599297012302284 0.15114709851551958
0 0.4270650263620387 0.23346828609986506 0.11599297012302284 0.07557354925775979
