0 0.3805309734513274 0.2840764331210191 0.058997050147492625 0.08917197452229299
0 0.13372664700098327 0.3796178343949045 0.06293018682399214 0.13503184713375796
0 0.2079646017699115 0.31719745222929935 0.06784660766961652 0.07388535031847134
0 0.1568338249754179 0.2573248407643312 0.02064896755162242 0.05605095541401274
0 0.1592920353982301 0.18089171974522292 0.025565388397246803 0.048407643312101914
0 0.11701081612586037 0.5929936305732484 0.058997050147492625 0.07770700636942675
0 0.5511307767944936 0.6834394904458598 0.06784660766961652 0.1286624203821656
0 0.6160275319567355 0.5961783439490446 0.0599803343166175 0.14267515923566879
0 0.6106194690265486 0.35286624203821654 0.04523107177974434 0.06624203821656051
0 0.7684365781710915 0.3273885350318471 0.08357915437561456 0.1732484076433121
0 0.8131760078662733 0.5184713375796178 0.051130776794493606 0.1197452229299363
