0 0.3342245989304813 0.2777777777777778 0.06951871657754011 0.030595813204508857
0 0.6452762923351159 0.2809983896940419 0.06417112299465241 0.040257648953301126
0 0.5053475935828877 0.5314009661835749 0.09803921568627451 0.12560386473429952
0 0.3493761140819964 0.5547504025764896 0.06060606060606061 0.05314009661835749
0 0.5329768270944741 0.8285024154589372 0.08199643493761141 0.10789049919484701
0 0.803030303030303 0.8776167471819646 0.05525846702317291 0.08051529790660225
0 0.8065953654188949 0.7898550724637681 0.058823529411764705 0.040257648953301126
0 0.8315508021390374 0.7230273752012882 0.062388591800356503 0.12560386473429952
0 0.7754010695187166 0.3148148148148148 0.0855614973262032 0.13043478260869565
0 0.7941176470588235 0.5410628019323671 0.12299465240641712 0.1706924315619968
