0 0.5273833671399595 0.30145278450363194 0.060851926977687626 0.05084745762711865
0 0.5202839756592292 0.40556900726392253 0.04259634888438134 0.14769975786924938
0 0.4178498985801217 0.39951573849878935 0.0486815415821501 0.12106537530266344
0 0.41379310344827586 0.585956416464891 0.08113590263691683 0.1694915254237288
0 0.3174442190669371 0.7639225181598063 0.04665314401622718 0.11864406779661017
0 0.19371196754563894 0.7276029055690073 0.04259634888438134 0.06537530266343826
0 0.31643002028397565 0.6004842615012107 0.10141987829614604 0.1016949152542373
0 0.3204868154158215 0.4406779661016949 0.10953346855983773 0.1937046004842615
0 0.21095334685598377 0.4213075060532688 0.08519269776876268 0.1549636803874092
0 0.20081135902636918 0.585956416464891 0.06490872210953347 0.13075060532687652
