0 0.7284069097888676 0.40484739676840215 0.10556621880998081 0.1490125673249551
0 0.7063339731285988 0.599640933572711 0.08061420345489444 0.1400359066427289
0 0.6813819577735125 0.7450628366247756 0.04222648752399232 0.07540394973070018
0 0.6861804222648752 0.8608617594254937 0.07485604606525911 0.1059245960502693
0 0.6142034548944337 0.4138240574506284 0.061420345489443376 0.18850987432675045
0 0.5978886756238004 0.6166965888689407 0.12476007677543186 0.11669658886894076
0 0.572936660268714 0.7495511669658886 0.1017274472168906 0.10951526032315978
0 0.5499040307101728 0.8922800718132855 0.08253358925143954 0.09694793536804308
0 0.42034548944337813 0.7692998204667864 0.11900191938579655 0.18491921005385997
0 0.45873320537428025 0.5816876122082585 0.11900191938579655 0.10412926391382406
0 0.472168905950096 0.4129263913824057 0.11900191938579655 0.1651705565529623
0 0.33013435700575816 0.28545780969479356 0.13051823416506717 0.03590664272890485
