0 0.2523961661341853 0.2833698030634573 0.12779552715654952 0.12472647702407003
0 0.2523961661341853 0.42560175054704596 0.07028753993610223 0.09846827133479212
0 0.24281150159744408 0.5776805251641138 0.10223642172523961 0.14442013129102846
0 0.2380191693290735 0.7549234135667396 0.054313099041533544 0.1400437636761488
0 0.41214057507987223 0.5809628008752735 0.1597444089456869 0.17286652078774617
0 0.41214057507987223 0.412472647702407 0.08945686900958466 0.09846827133479212
0 0.41533546325878595 0.29431072210065645 0.134185303514377 0.12910284463894967
0 0.2268370607028754 0.14113785557986872 0.10223642172523961 0.08971553610503283
0 0.5399361022364217 0.3687089715536105 0.07667731629392971 0.13347921225382933
0 0.6421725239616614 0.3730853391684901 0.12140575079872204 0.12035010940919037
0 0.5814696485623003 0.5678336980306345 0.11501597444089456 0.15098468271334792
0 0.707667731629393 0.5798687089715536 0.09904153354632587 0.0262582056892779
