0 0.5801960784313726 0.15949258836944127 0.03490196078431373 0.03734321550741163
0 0.625686274509804 0.29974344355758265 0.023137254901960783 0.02879133409350057
0 0.5413725490196079 0.15179589509692132 0.02784313725490196 0.025370581527936146
0 0.5135294117647059 0.15436145952109465 0.02784313725490196 0.03050171037628278
0 0.4747058823529412 0.15607183580387685 0.025490196078431372 0.03050171037628278
0 0.4723529411764706 0.18657354618015964 0.025490196078431372 0.02708095781071836
0 0.605686274509804 0.3379418472063854 0.020784313725490194 0.02708095781071836
0 0.6033333333333334 0.2988882554161916 0.025490196078431372 0.016818700114025087
0 0.5390196078431373 0.23588939566704675 0.01843137254901961 0.02023945267958951
0 0.546078431372549 0.2555587229190422 0.01843137254901961 0.011687571265678449
0 0.5088235294117647 0.2427309007981756 0.023137254901960783 0.02708095781071836
0 0.4758823529411765 0.23845496009122008 0.02784313725490196 0.025370581527936146
0 0.47941176470588237 0.26040478905359177 0.025490196078431372 0.015108323831242873
0 0.4045098039215686 0.2646807297605473 0.020784313725490194 0.016818700114025087
0 0.4080392156862745 0.1677594070695553 0.023137254901960783 0.033922462941847205
0 0.43745098039215685 0.15692702394526795 0.025490196078431372 0.025370581527936146
0 0.442156862745098 0.18913911060433294 0.03019607843137255 0.02194982896237172
0 0.3719607843137255 0.23588939566704675 0.03490196078431373 0.016818700114025087
0 0.3750980392156863 0.2564139110604333 0.01843137254901961 0.016818700114025087
0 0.3903921568627451 0.2130843785632839 0.011372549019607842 0.02879133409350057
0 0.5472549019607843 0.18571835803876852 0.03019607843137255 0.02879133409350057
0 0.5190196078431373 0.18828392246294184 0.03019607843137255 0.03050171037628278
0 0.38450980392156864 0.1805872291904219 0.023137254901960783 0.03221208665906499
0 0.413921568627451 0.20453249714937285 0.0396078431372549 0.03563283922462942
0 0.6386274509803922 0.4186145952109464 0.025490196078431372 0.025370581527936146
0 0.6162745098039216 0.4322976054732041 0.023137254901960783 0.015108323831242873
0 0.6150980392156863 0.4103477765108324 0.020784313725490194 0.02194982896237172
0 0.5868627450980393 0.3701539338654504 0.020784313725490194 0.02023945267958951
0 0.3519607843137255 0.32938996579247437 0.01843137254901961 0.02708095781071836
0 0.3719607843137255 0.32938996579247437 0.020784313725490194 0.016818700114025087
0 0.4456862745098039 0.21793044469783351 0.02784313725490196 0.03563283922462942
0 0.4711764705882353 0.213654503990878 0.01843137254901961 0.02023945267958951
0 0.5029411764705882 0.3216932725199544 0.025490196078431372 0.025370581527936146
0 0.6268627450980392 0.6458095781071835 0.025490196078431372 0.023660205245153935
0 0.6221568627450981 0.624429874572406 0.020784313725490194 0.02194982896237172
0 0.6362745098039215 0.689994298745724 0.03019607843137255 0.023660205245153935
0 0.6735294117647059 0.7341790193842646 0.03019607843137255 0.02023945267958951
0 0.6523529411764706 0.7358893956670467 0.01607843137254902 0.02708095781071836
0 0.7076470588235294 0.8559007981755986 0.023137254901960783 0.018529076396807297
0 0.6817647058823529 0.8122862029646523 0.023137254901960783 0.02023945267958951
