0 0.6276923076923077 0.37436332767402375 0.08 0.1035653650254669
0 0.3892307692307692 0.11544991511035653 0.07692307692307693 0.07809847198641766
0 0.32461538461538464 0.40152801358234297 0.18769230769230769 0.18845500848896435
0 0.48923076923076925 0.4151103565365025 0.10461538461538461 0.16808149405772496
0 0.6015384615384616 0.5568760611205433 0.12615384615384614 0.1460101867572156
0 0.4276923076923077 0.6247877758913413 0.18461538461538463 0.12563667232597622
0 0.2692307692307692 0.6171477079796265 0.12615384615384614 0.14431239388794567
0 0.29846153846153844 0.8149405772495756 0.11076923076923077 0.09507640067911714
0 0.45384615384615384 0.7699490662139219 0.09538461538461539 0.06621392190152801
0 0.46923076923076923 0.8404074702886248 0.08923076923076922 0.057724957555178265
0 0.6153846153846154 0.8225806451612904 0.06769230769230769 0.0865874363327674
0 0.62 0.7258064516129032 0.13230769230769232 0.06621392190152801
