0 0.7100840336134454 0.6844349680170576 0.058823529411764705 0.14925373134328357
0 0.5714285714285714 0.509594882729211 0.11204481792717087 0.13646055437100213
0 0.6008403361344538 0.6748400852878464 0.08683473389355742 0.12153518123667377
0 0.5602240896358543 0.3805970149253731 0.11764705882352941 0.11727078891257996
0 0.4635854341736695 0.591684434968017 0.058823529411764705 0.14712153518123666
0 0.36834733893557425 0.6289978678038379 0.06442577030812324 0.14925373134328357
0 0.35154061624649857 0.5170575692963753 0.08683473389355742 0.07036247334754797
0 0.33473389355742295 0.38699360341151384 0.12044817927170869 0.14285714285714285
0 0.6624649859943977 0.3699360341151386 0.058823529411764705 0.07462686567164178
0 0.6722689075630253 0.5053304904051172 0.056022408963585436 0.15778251599147122
0 0.5532212885154062 0.27398720682302774 0.09243697478991597 0.07889125799573561
0 0.453781512605042 0.40191897654584224 0.06162464985994398 0.1513859275053305
0 0.5364145658263305 0.11300639658848614 0.14285714285714285 0.07249466950959488
