0 0.5080906148867314 0.3688639551192146 0.16181229773462782 0.1093969144460028
0 0.5161812297734628 0.4894810659186536 0.09385113268608414 0.04207573632538569
0 0.4935275080906149 0.5897615708274895 0.11974110032362459 0.12482468443197756
0 0.5307443365695793 0.7356241234221599 0.10355987055016182 0.11360448807854137
0 0.5501618122977346 0.8835904628330996 0.1941747572815534 0.09817671809256662
0 0.36245954692556637 0.8190743338008415 0.1423948220064725 0.056100981767180924
0 0.35436893203883496 0.8948106591865358 0.0744336569579288 0.10098176718092566
0 0.24110032362459546 0.8478260869565217 0.0744336569579288 0.06030855539971949
0 0.2297734627831715 0.9137447405329593 0.08414239482200647 0.03506311360448808
0 0.3786407766990291 0.7300140252454418 0.12297734627831715 0.10799438990182328
0 0.3155339805825243 0.5364656381486677 0.11974110032362459 0.13604488078541374
0 0.3187702265372168 0.3702664796633941 0.1779935275080906 0.1093969144460028
0 0.24433656957928804 0.6725105189340813 0.11974110032362459 0.06591865357643759
0 0.24110032362459546 0.7538569424964937 0.09385113268608414 0.091164095371669
