0 0.6558073654390935 0.3945233265720081 0.11048158640226628 0.1643002028397566
0 0.49008498583569404 0.3843813387423935 0.18696883852691218 0.15212981744421908
0 0.330028328611898 0.35496957403651114 0.11048158640226628 0.08519269776876268
0 0.358356940509915 0.5192697768762677 0.1501416430594901 0.19066937119675456
0 0.49008498583569404 0.5294117647058824 0.0906515580736544 0.09330628803245436
0 0.5028328611898017 0.6926977687626775 0.08781869688385269 0.11561866125760649
0 0.623229461756374 0.704868154158215 0.10198300283286119 0.09127789046653144
0 0.358356940509915 0.6926977687626775 0.08781869688385269 0.0872210953346856
0 0.4065155807365439 0.8002028397565923 0.1388101983002833 0.11561866125760649
0 0.5198300283286119 0.8164300202839757 0.1048158640226629 0.10344827586206896
0 0.6147308781869688 0.8204868154158215 0.056657223796033995 0.09939148073022312
