0 0.2167381974248927 0.3442776735459662 0.11587982832618025 0.12570356472795496
0 0.21030042918454936 0.4643527204502814 0.08583690987124463 0.10694183864915573
0 0.19527896995708155 0.5909943714821764 0.16738197424892703 0.1125703564727955
0 0.3111587982832618 0.7786116322701688 0.14163090128755365 0.1125703564727955
0 0.45493562231759654 0.7692307692307693 0.15450643776824036 0.1275797373358349
0 0.4957081545064378 0.8949343339587242 0.13304721030042918 0.08630393996247655
0 0.4055793991416309 0.5938086303939962 0.16738197424892703 0.08067542213883677
0 0.575107296137339 0.6050656660412758 0.10300429184549356 0.06941838649155722
0 0.5708154506437768 0.47373358348968103 0.1459227467811159 0.11069418386491557
0 0.4034334763948498 0.46716697936210133 0.12875536480686695 0.10131332082551595
0 0.3905579399141631 0.33583489681050654 0.1630901287553648 0.1350844277673546
0 0.3669527896995708 0.15666041275797374 0.2446351931330472 0.08067542213883677
0 0.5686695278969958 0.14071294559099437 0.0815450643776824 0.0675422138836773
