0 0.33408071748878926 0.5679245283018868 0.07922272047832586 0.2981132075471698
0 0.42675635276532137 0.5207547169811321 0.07922272047832586 0.25660377358490566
0 0.4200298953662182 0.7981132075471699 0.07772795216741404 0.16981132075471697
0 0.5261584454409567 0.5169811320754717 0.029895366218236172 0.2490566037735849
0 0.49850523168908817 0.8339622641509434 0.05530642750373692 0.19622641509433963
0 0.24514200298953662 0.5377358490566038 0.05082212257100149 0.06415094339622641
0 0.6494768310911808 0.6396226415094339 0.07025411061285501 0.13962264150943396
0 0.8460388639760837 0.8981132075471698 0.03886397608370702 0.12830188679245283
0 0.773542600896861 0.6018867924528302 0.11509715994020926 0.39622641509433965
0 0.8647234678624813 0.590566037735849 0.07025411061285501 0.32075471698113206
