0 0.2668428005284016 0.1078984485190409 0.05019815059445178 0.09732016925246827
0 0.24570673712021135 0.6043723554301833 0.071334214002642 0.10860366713681241
0 0.19088507265521795 0.6015514809590973 0.05151915455746367 0.10860366713681241
0 0.1644649933949802 0.6904090267983075 0.03302509907529723 0.04372355430183357
0 0.15191545574636725 0.7736248236953456 0.04491413474240423 0.10578279266572638
0 0.23183619550858653 0.7954866008462623 0.05680317040951123 0.12693935119887165
0 0.42800528401585203 0.5902679830747531 0.04227212681638045 0.09167842031029619
0 0.4907529722589168 0.5923836389280677 0.062087186261558784 0.08744710860366714
0 0.4379128137384412 0.7221438645980254 0.059445178335535004 0.12129760225669958
0 0.4319682959048877 0.7863187588152327 0.026420079260237782 0.0380818053596615
0 0.42602377807133424 0.8730606488011283 0.05680317040951123 0.09590973201692525
0 0.7708058124174373 0.5620592383638928 0.05151915455746367 0.09449929478138223
0 0.49735799207397624 0.7834978843441467 0.05151915455746367 0.07475317348377997
0 0.4960369881109643 0.8653032440056417 0.043593130779392336 0.08885754583921016
0 0.5614266842800528 0.8568406205923836 0.06605019815059446 0.1001410437235543
