0 0.5779036827195467 0.14587737843551796 0.11898016997167139 0.1226215644820296
0 0.46742209631728043 0.14693446088794926 0.0906515580736544 0.12896405919661733
0 0.5552407932011332 0.3023255813953488 0.07365439093484419 0.09302325581395349
0 0.6827195467422096 0.16173361522198731 0.05099150141643059 0.12896405919661733
0 0.71671388101983 0.6194503171247357 0.0679886685552408 0.11416490486257928
0 0.7677053824362606 0.7727272727272727 0.0453257790368272 0.09090909090909091
0 0.6444759206798867 0.8076109936575053 0.09915014164305949 0.05919661733615222
0 0.5297450424929179 0.8150105708245243 0.07932011331444759 0.052854122621564484
0 0.6402266288951841 0.6300211416490487 0.1643059490084986 0.22410147991543342
0 0.47592067988668557 0.6046511627906976 0.09631728045325778 0.13530655391120508
0 0.28328611898017 0.6807610993657506 0.0679886685552408 0.1649048625792812
