0 0.4567901234567901 0.3825396825396825 0.11358024691358025 0.07724867724867725
0 0.3358024691358025 0.42275132275132277 0.05432098765432099 0.05185185185185185
0 0.3567901234567901 0.3566137566137566 0.08641975308641975 0.06772486772486773
0 0.39382716049382716 0.25132275132275134 0.1111111111111111 0.08994708994708994
0 0.5444444444444444 0.19153439153439153 0.20493827160493827 0.12063492063492064
0 0.6641975308641975 0.16984126984126985 0.07407407407407407 0.06455026455026455
0 0.4654320987654321 0.4973544973544973 0.1111111111111111 0.04867724867724868
0 0.35555555555555557 0.5074074074074074 0.09382716049382717 0.07936507936507936
0 0.37037037037037035 0.6121693121693121 0.09876543209876543 0.07089947089947089
0 0.47901234567901235 0.5888888888888889 0.09382716049382717 0.08571428571428572
0 0.49382716049382713 0.6825396825396826 0.07407407407407407 0.04867724867724868
0 0.3617283950617284 0.7026455026455026 0.04691358024691358 0.04021164021164021
0 0.36419753086419754 0.7708994708994709 0.08641975308641975 0.056084656084656084
0 0.5296296296296297 0.7814814814814814 0.10617283950617284 0.08571428571428572
