0 0.6377049180327868 0.1937669376693767 0.08852459016393442 0.14363143631436315
0 0.6131147540983607 0.3428184281842818 0.06557377049180328 0.08401084010840108
0 0.5868852459016394 0.6043360433604336 0.09836065573770492 0.0975609756097561
0 0.42295081967213116 0.2953929539295393 0.13114754098360656 0.10840108401084012
0 0.40327868852459015 0.3997289972899729 0.1180327868852459 0.08401084010840108
0 0.28524590163934427 0.7899728997289973 0.05901639344262295 0.1002710027100271
0 0.3016393442622951 0.8739837398373984 0.05901639344262295 0.07317073170731707
0 0.16885245901639345 0.7981029810298103 0.06229508196721312 0.07859078590785908
0 0.19836065573770492 0.8929539295392954 0.06229508196721312 0.051490514905149054
0 0.43934426229508194 0.7981029810298103 0.12459016393442623 0.14363143631436315
0 0.6098360655737705 0.7682926829268293 0.09836065573770492 0.0948509485094851
