0 0.6005665722379604 0.20947176684881602 0.16997167138810199 0.12386156648451731
0 0.36827195467422097 0.17941712204007285 0.16997167138810199 0.19854280510018216
0 0.32011331444759206 0.5710382513661202 0.1529745042492918 0.2058287795992714
0 0.35127478753541075 0.8160291438979964 0.11331444759206799 0.1930783242258652
0 0.5169971671388102 0.761384335154827 0.14447592067988668 0.20765027322404372
0 0.6671388101983002 0.7786885245901639 0.1388101983002833 0.1912568306010929
0 0.6303116147308782 0.5619307832422586 0.1558073654390935 0.15846994535519127
0 0.4773371104815864 0.5528233151183971 0.09915014164305949 0.122040072859745
0 0.8101983002832861 0.7777777777777778 0.14730878186968838 0.13479052823315119
0 0.78328611898017 0.569216757741348 0.11048158640226628 0.14754098360655737
