0 0.390549662487946 0.20815632965165676 0.05400192864030858 0.10195412064570943
0 0.3982642237222758 0.29906542056074764 0.04243008678881389 0.06966864910790145
0 0.3944069431051109 0.37553101104502973 0.02700096432015429 0.056074766355140186
0 0.5371263259402121 0.6618521665250637 0.03857280617164899 0.016992353440951572
0 0.3712632594021215 0.4485981308411215 0.03857280617164899 0.015293118096856415
0 0.266152362584378 0.39847068819031434 0.052073288331726135 0.06457094307561598
0 0.26036644165863065 0.31265930331350894 0.06750241080038573 0.08666100254885302
0 0.32594021215043395 0.2982158028887001 0.06364513018322084 0.07816482582837724
0 0.343297974927676 0.3772302463891249 0.05978784956605593 0.07986406117247238
0 0.32979749276759884 0.21155480033984708 0.040501446480231434 0.0951571792693288
0 0.25458052073288334 0.2183517417162277 0.048216007714561235 0.09175870858113849
0 0.313404050144648 0.6397621070518267 0.03471552555448409 0.05097706032285471
0 0.2767598842815815 0.6448598130841121 0.03471552555448409 0.0475785896346644
0 0.21986499517839922 0.6525063721325404 0.044358727097396335 0.07306711979609176
0 0.1562198649951784 0.637213254035684 0.044358727097396335 0.07306711979609176
0 0.16875602700096431 0.7187765505522515 0.03471552555448409 0.06287170773152082
0 0.2256509161041466 0.7510620220900595 0.048216007714561235 0.04927782497875956
0 0.2796528447444552 0.7655055225148684 0.02507232401157184 0.0475785896346644
0 0.38862102217936356 0.784197111299915 0.03857280617164899 0.06117247238742566
0 0.24493731918997108 0.8725573491928632 0.03664416586306654 0.06117247238742566
0 0.32690453230472516 0.7638062871707731 0.02700096432015429 0.033984706881903144
0 0.12439729990356799 0.8394222599830077 0.03857280617164899 0.07646559048428207
0 0.171648987463838 0.7867459643160578 0.017357762777242044 0.03908241291418862
0 0.17743490838958534 0.848768054375531 0.052073288331726135 0.08836023789294817
0 0.2391513982642237 0.8173322005097706 0.03664416586306654 0.059473237043330504
0 0.171648987463838 0.9303313508920985 0.05978784956605593 0.027187765505522515
0 0.11861137897782063 0.9243840271877655 0.04243008678881389 0.06627017841971113
