0 0.8157894736842105 0.31098696461824954 0.07992202729044834 0.1564245810055866
0 0.8430799220272904 0.707635009310987 0.06042884990253411 0.1452513966480447
0 0.8654970760233918 0.8696461824953445 0.05847953216374269 0.074487895716946
0 0.7261208576998051 0.702048417132216 0.06042884990253411 0.0931098696461825
0 0.6345029239766082 0.7029795158286778 0.04093567251461988 0.06890130353817504
0 0.5526315789473685 0.7085661080074488 0.07602339181286549 0.10614525139664804
0 0.652046783625731 0.2569832402234637 0.0682261208576998 0.12290502793296089
0 0.5721247563352827 0.2718808193668529 0.06432748538011696 0.16759776536312848
0 0.4902534113060429 0.23649906890130354 0.06042884990253411 0.14152700186219738
0 0.3031189083820663 0.3361266294227188 0.07602339181286549 0.10986964618249534
0 0.2212475633528265 0.3165735567970205 0.04483430799220273 0.074487895716946
0 0.14912280701754385 0.3258845437616387 0.06432748538011696 0.1266294227188082
0 0.19395711500974658 0.6340782122905028 0.07212475633528265 0.12476722532588454
0 0.27582846003898637 0.6527001862197392 0.05263157894736842 0.11731843575418995
0 0.34405458089668617 0.6582867783985102 0.07212475633528265 0.11359404096834265
0 0.29922027290448344 0.7858472998137802 0.04093567251461988 0.08193668528864059
0 0.3508771929824561 0.792364990689013 0.05847953216374269 0.07635009310986965
0 0.22709551656920077 0.770949720670391 0.07212475633528265 0.1042830540037244
