0 0.7390924956369983 0.15529622980251345 0.06806282722513089 0.13464991023339318
0 0.6335078534031413 0.14093357271095153 0.09424083769633508 0.1490125673249551
0 0.5410122164048866 0.12208258527827648 0.08027923211169284 0.10412926391382406
0 0.4572425828970332 0.1400359066427289 0.08726003490401396 0.03231597845601436
0 0.34554973821989526 0.12477558348294435 0.06980802792321117 0.03411131059245961
0 0.2940663176265271 0.17235188509874327 0.04013961605584642 0.07540394973070018
0 0.13787085514834205 0.17504488330341114 0.06631762652705062 0.11669658886894076
0 0.14397905759162305 0.3213644524236984 0.05410122164048865 0.15439856373429084
0 0.23647469458987783 0.4228007181328546 0.07853403141361257 0.12387791741472172
0 0.22251308900523561 0.31956912028725315 0.06108202443280977 0.07540394973070018
0 0.2111692844677138 0.20287253141831238 0.07678883071553229 0.118491921005386
