0 0.8198757763975155 0.19766206163655686 0.0546583850931677 0.06801275239107332
0 0.7136645962732919 0.13230605738575982 0.05341614906832298 0.07120085015940489
0 0.6472049689440994 0.22157279489904358 0.0546583850931677 0.09670563230605739
0 0.6739130434782609 0.33475026567481403 0.040993788819875775 0.07438894792773645
0 0.6807453416149069 0.41073326248671627 0.0546583850931677 0.06269925611052073
0 0.7248447204968944 0.42295430393198724 0.02111801242236025 0.02975557917109458
0 0.3167701863354037 0.8900106269925611 0.03975155279503106 0.052072263549415514
0 0.37267080745341613 0.885759829968119 0.0546583850931677 0.04357066950053135
0 0.8024844720496894 0.30499468650371947 0.03975155279503106 0.08501594048884166
0 0.7776397515527951 0.3480340063761955 0.02732919254658385 0.06057385759829968
0 0.7322981366459628 0.3177470775770457 0.043478260869565216 0.08501594048884166
0 0.7347826086956522 0.23007438894792773 0.07080745341614907 0.07120085015940489
