0 0.23385300668151449 0.28414442700156983 0.044543429844097995 0.07535321821036106
0 0.5022271714922049 0.3092621664050236 0.0645879732739421 0.08163265306122448
0 0.40979955456570155 0.29513343799058084 0.062360801781737196 0.08791208791208792
0 0.2984409799554566 0.38461538461538464 0.05790645879732739 0.06279434850863422
0 0.3106904231625835 0.27237048665620095 0.08240534521158129 0.11459968602825746
0 0.22160356347438753 0.3877551020408163 0.0645879732739421 0.07849293563579278
0 0.22717149220489977 0.4858712715855573 0.053452115812917596 0.08634222919937205
0 0.2951002227171492 0.5266875981161695 0.042316258351893093 0.058084772370486655
0 0.30178173719376394 0.6248037676609105 0.07349665924276169 0.08791208791208792
0 0.41870824053452116 0.6122448979591837 0.05790645879732739 0.07535321821036106
0 0.36414253897550114 0.7700156985871272 0.08685968819599109 0.10832025117739404
0 0.43429844097995546 0.8014128728414442 0.031180400890868598 0.07692307692307693
0 0.2873051224944321 0.8783359497645212 0.07126948775055679 0.11145996860282574
0 0.3507795100222717 0.8861852433281004 0.060133630289532294 0.0706436420722135
0 0.41759465478841873 0.9065934065934066 0.07349665924276169 0.061224489795918366
0 0.29398663697104677 0.7590266875981162 0.062360801781737196 0.09262166405023547
