0 0.6746543778801843 0.12527964205816555 0.04976958525345622 0.06263982102908278
0 0.5880184331797235 0.14392244593586875 0.060829493087557605 0.028337061894108874
0 0.5004608294930876 0.09545115585384041 0.0663594470046083 0.07755406413124534
0 0.4930875576036866 0.14615958240119314 0.035023041474654376 0.014914243102162566
0 0.5064516129032258 0.18046234153616703 0.02488479262672811 0.037285607755406416
0 0.42811059907834104 0.09060402684563758 0.05622119815668203 0.08128262490678598
0 0.3654377880184332 0.0831469052945563 0.05806451612903226 0.05592841163310962
0 0.3640552995391705 0.15324384787472037 0.04608294930875576 0.07084265473527218
0 0.4414746543778802 0.17524235645041014 0.04608294930875576 0.07755406413124534
0 0.363594470046083 0.21737509321401938 0.02488479262672811 0.035048471290082026
0 0.3709677419354839 0.2953020134228188 0.04331797235023042 0.09992542878448919
0 0.4290322580645161 0.29828486204325133 0.03778801843317972 0.07457121551081283
0 0.5631336405529954 0.37360178970917224 0.04976958525345622 0.028337061894108874
0 0.4926267281105991 0.3933631618195377 0.054377880184331796 0.07084265473527218
0 0.6622119815668203 0.3639075316927666 0.02488479262672811 0.049217002237136466
0 0.684331797235023 0.5439970171513796 0.04331797235023042 0.09321401938851603
0 0.6870967741935484 0.4716629381058911 0.02304147465437788 0.030574198359433258
0 0.6820276497695853 0.4388516032811335 0.03133640552995392 0.023117076808351976
0 0.5004608294930876 0.5141685309470544 0.04608294930875576 0.030574198359433258
0 0.5059907834101383 0.5570469798657718 0.035023041474654376 0.061148396718866516
0 0.43870967741935485 0.465324384787472 0.035023041474654376 0.06263982102908278
0 0.28433179723502305 0.31133482475764357 0.041474654377880185 0.08128262490678598
0 0.22534562211981568 0.28859060402684567 0.041474654377880185 0.06263982102908278
0 0.2359447004608295 0.3422818791946309 0.03317972350230415 0.05070842654735272
0 0.13317972350230414 0.4000745712155108 0.04331797235023042 0.020134228187919462
0 0.18064516129032257 0.41312453392990306 0.03317972350230415 0.07606263982102908
0 0.2400921658986175 0.41834451901565994 0.054377880184331796 0.08650260999254288
0 0.30184331797235026 0.3959731543624161 0.052534562211981564 0.07606263982102908
0 0.3161290322580645 0.47054436987322895 0.04608294930875576 0.06263982102908278
0 0.38940092165898615 0.38926174496644295 0.041474654377880185 0.049217002237136466
0 0.4308755760368664 0.39224459358687547 0.041474654377880185 0.05219985085756898
0 0.39262672811059907 0.4601043997017151 0.047926267281105994 0.07606263982102908
0 0.38387096774193546 0.5160328113348247 0.026728110599078342 0.026845637583892617
0 0.39308755760368663 0.5719612229679344 0.041474654377880185 0.08501118568232663
0 0.4414746543778802 0.5458612975391499 0.03317972350230415 0.06263982102908278
0 0.4599078341013825 0.6592095451155854 0.047926267281105994 0.07606263982102908
0 0.5267281105990783 0.6603281133482476 0.06912442396313365 0.06785980611483967
0 0.6064516129032258 0.6528709917971663 0.060829493087557605 0.03206562266964952
0 0.7377880184331798 0.5331841909023117 0.041474654377880185 0.08501118568232663
0 0.7857142857142857 0.5428784489187174 0.05622119815668203 0.061148396718866516
0 0.8433179723502304 0.5171513795674869 0.03317972350230415 0.03355704697986577
0 0.8447004608294931 0.5577926920208799 0.03963133640552995 0.049217002237136466
0 0.8529953917050691 0.6267710663683818 0.05622119815668203 0.035048471290082026
0 0.7930875576036867 0.6364653243847874 0.03778801843317972 0.06785980611483967
0 0.747926267281106 0.6349739000745712 0.052534562211981564 0.07084265473527218
0 0.6857142857142857 0.6346010439970171 0.04976958525345622 0.05070842654735272
0 0.687557603686636 0.6894108873974646 0.04608294930875576 0.05741983594332588
0 0.6788018433179723 0.7367636092468307 0.02488479262672811 0.040268456375838924
0 0.4594470046082949 0.7449664429530202 0.052534562211981564 0.08799403430275914
0 0.691705069124424 0.8049962714392245 0.054377880184331796 0.10514541387024609
0 0.7511520737327189 0.8005219985085756 0.04608294930875576 0.08277404921700224
0 0.7995391705069125 0.8046234153616704 0.054377880184331796 0.061148396718866516
0 0.8456221198156681 0.7703206562266965 0.041474654377880185 0.02535421327367636
0 0.8483870967741935 0.8061148396718867 0.026728110599078342 0.049217002237136466
0 0.8433179723502304 0.843400447427293 0.04976958525345622 0.02535421327367636
0 0.5267281105990783 0.77889634601044 0.04331797235023042 0.03206562266964952
0 0.5368663594470046 0.8240119313944817 0.04331797235023042 0.061148396718866516
0 0.6036866359447005 0.8769574944071589 0.06267281105990784 0.02535421327367636
0 0.5387096774193548 0.895227442207308 0.041474654377880185 0.06785980611483967
0 0.4769585253456221 0.8228933631618195 0.07096774193548387 0.05891126025354213
0 0.40506912442396314 0.7360178970917226 0.03963133640552995 0.07307979120059657
0 0.41059907834101383 0.7882177479492916 0.03778801843317972 0.028337061894108874
0 0.419815668202765 0.8407904548844146 0.052534562211981564 0.07084265473527218
0 0.43732718894009215 0.8956002982848621 0.054377880184331796 0.05219985085756898
0 0.4926267281105991 0.8926174496644296 0.04331797235023042 0.06263982102908278
