0 0.2651646447140381 0.314404432132964 0.07625649913344887 0.2077562326869806
0 0.23310225303292895 0.5332409972299169 0.04679376083188908 0.14681440443213298
0 0.34055459272097055 0.14958448753462603 0.025996533795493933 0.10526315789473684
0 0.3925476603119584 0.31163434903047094 0.09185441941074524 0.15789473684210525
0 0.39774696707105717 0.5069252077562327 0.043327556325823226 0.14958448753462603
0 0.4731369150779896 0.5470914127423823 0.07972270363951472 0.024930747922437674
0 0.49393414211438474 0.3684210526315789 0.10745233968804159 0.20498614958448755
0 0.6126516464471404 0.46537396121883656 0.08492201039861352 0.24930747922437674
0 0.7209705372616985 0.4155124653739612 0.06239168110918544 0.14958448753462603
0 0.7339688041594454 0.6204986149584487 0.08838821490467938 0.1994459833795014
0 0.8188908145580589 0.6191135734072022 0.07105719237435008 0.036011080332409975
