0 0.4172813487881981 0.369284876905041 0.04636459430979979 0.1336459554513482
0 0.4172813487881981 0.19050410316529895 0.07586933614330875 0.1746776084407972
0 0.4062170706006322 0.48300117233294254 0.03898840885142255 0.0914419695193435
0 0.2555321390937829 0.7995310668229777 0.05584826132771338 0.08909730363423213
0 0.19336143308746048 0.7848769050410317 0.04952581664910432 0.09261430246189918
0 0.14857744994731295 0.7895662368112544 0.044257112750263436 0.10668229777256741
0 0.14805057955742887 0.5468933177022274 0.045310853530031614 0.09964830011723329
0 0.13962065331928344 0.46131301289566234 0.07692307692307693 0.06916764361078546
0 0.2476290832455216 0.42907385697538103 0.06322444678609063 0.13833528722157093
0 0.3361433087460485 0.4671746776084408 0.06954689146469968 0.11137162954279015
0 0.32824025289778713 0.3440797186400938 0.0684931506849315 0.13716295427901523
