0 0.6814814814814815 0.12702078521939955 0.08395061728395062 0.10623556581986143
0 0.737037037037037 0.2979214780600462 0.1308641975308642 0.21709006928406466
0 0.8308641975308642 0.4815242494226328 0.06666666666666667 0.06697459584295612
0 0.7851851851851852 0.581986143187067 0.14320987654320988 0.15704387990762125
0 0.6407407407407407 0.5773672055427251 0.06172839506172839 0.11547344110854503
0 0.5888888888888889 0.31986143187066973 0.08641975308641975 0.10392609699769054
0 0.562962962962963 0.1766743648960739 0.10864197530864197 0.15473441108545036
0 0.42345679012345677 0.18937644341801385 0.08641975308641975 0.12933025404157045
0 0.4666666666666667 0.5542725173210161 0.19753086419753085 0.21247113163972287
0 0.4666666666666667 0.7090069284064665 0.07901234567901234 0.09699769053117784
0 0.4962962962962963 0.7979214780600462 0.06419753086419754 0.06235565819861432
0 0.32469135802469135 0.4838337182448037 0.1506172839506173 0.03002309468822171
