0 0.36015325670498083 0.5521628498727735 0.06130268199233716 0.13740458015267176
0 0.3333333333333333 0.6997455470737913 0.11494252873563218 0.1272264631043257
0 0.4846743295019157 0.6895674300254453 0.13409961685823754 0.11195928753180662
0 0.5344827586206896 0.5597964376590331 0.10344827586206896 0.10178117048346055
0 0.5134099616858238 0.4211195928753181 0.1532567049808429 0.13994910941475827
0 0.3563218390804598 0.3384223918575064 0.13026819923371646 0.15776081424936386
0 0.3486590038314176 0.15521628498727735 0.13026819923371646 0.13231552162849872
0 0.4885057471264368 0.1692111959287532 0.12643678160919541 0.13486005089058525
0 0.6839080459770115 0.5241730279898219 0.12643678160919541 0.1475826972010178
0 0.7950191570881227 0.6259541984732825 0.08045977011494253 0.04071246819338423
