0 0.5680933852140078 0.31727574750830567 0.08560311284046693 0.16279069767441862
0 0.642023346303502 0.36710963455149503 0.054474708171206226 0.10299003322259136
0 0.7062256809338522 0.3272425249169435 0.06614785992217899 0.19601328903654486
0 0.6848249027237354 0.6644518272425249 0.10894941634241245 0.07308970099667775
0 0.5642023346303502 0.5299003322259136 0.10894941634241245 0.14285714285714285
0 0.41050583657587547 0.32059800664451826 0.12062256809338522 0.1893687707641196
0 0.21206225680933852 0.29900332225913623 0.06614785992217899 0.09966777408637874
0 0.23735408560311283 0.4867109634551495 0.11673151750972763 0.18272425249169436
0 0.2529182879377432 0.7009966777408638 0.08560311284046693 0.19269102990033224
0 0.3404669260700389 0.5614617940199336 0.058365758754863814 0.25249169435215946
0 0.44357976653696496 0.5116279069767442 0.07003891050583658 0.17275747508305647
