0 0.6518624641833811 0.08771929824561403 0.19197707736389685 0.11145510835913312
0 0.6031518624641834 0.2884416924664603 0.2722063037249284 0.25077399380804954
0 0.7163323782234957 0.5232198142414861 0.1318051575931232 0.10113519091847266
0 0.7063037249283668 0.6382868937048504 0.14613180515759314 0.10629514963880289
0 0.6848137535816619 0.7187822497420021 0.10315186246418338 0.048503611971104234
0 0.5515759312320917 0.5515995872033024 0.18624641833810887 0.15789473684210525
0 0.505730659025788 0.6904024767801857 0.16905444126074498 0.10526315789473684
0 0.29083094555873923 0.6945304437564499 0.16905444126074498 0.10319917440660474
0 0.5816618911174785 0.8070175438596491 0.20057306590257878 0.10319917440660474
0 0.2808022922636103 0.5959752321981424 0.1489971346704871 0.08978328173374613
0 0.29512893982808025 0.49432404540763675 0.1489971346704871 0.09287925696594428
0 0.34097421203438394 0.3632610939112487 0.15472779369627507 0.13003095975232198
0 0.2922636103151863 0.20227038183694532 0.2349570200573066 0.15273477812177502
