0 0.2863741339491917 0.10512129380053908 0.12933025404157045 0.08086253369272237
0 0.40877598152424943 0.09523809523809523 0.12933025404157045 0.08086253369272237
0 0.5785219399538106 0.1778975741239892 0.10392609699769054 0.04851752021563342
0 0.4168591224018476 0.18778077268643306 0.10392609699769054 0.08984725965858041
0 0.6893764434180139 0.2592093441150045 0.10392609699769054 0.06918238993710692
0 0.5727482678983834 0.2574123989218329 0.07390300230946882 0.047619047619047616
0 0.7009237875288684 0.34097035040431267 0.10392609699769054 0.06558849955076371
0 0.5900692840646651 0.34276729559748426 0.10854503464203233 0.09973045822102426
0 0.45381062355658197 0.3450134770889488 0.10854503464203233 0.050314465408805034
0 0.4515011547344111 0.2672955974842767 0.10392609699769054 0.0673854447439353
0 0.3302540415704388 0.2619047619047619 0.07852193995381063 0.0637915543575921
0 0.31986143187066973 0.3504043126684636 0.11778290993071594 0.061096136567834684
0 0.33371824480369516 0.4636118598382749 0.08545034642032333 0.05929919137466307
0 0.4515011547344111 0.46765498652291104 0.11316397228637413 0.0673854447439353
0 0.5842956120092379 0.4532794249775382 0.06928406466512702 0.042228212039532795
0 0.6986143187066974 0.45417789757412397 0.09006928406466513 0.0673854447439353
0 0.6755196304849884 0.5305480682839173 0.08545034642032333 0.0673854447439353
0 0.5577367205542725 0.5251572327044025 0.12240184757505773 0.07637017070979335
0 0.4376443418013857 0.5381850853548967 0.10854503464203233 0.05929919137466307
0 0.31524249422632794 0.5453728661275831 0.11778290993071594 0.06289308176100629
0 0.3903002309468822 0.6352201257861635 0.14780600461893764 0.07906558849955077
0 0.31755196304849886 0.6846361185983828 0.09468822170900693 0.07906558849955077
0 0.5542725173210161 0.633423180592992 0.12471131639722864 0.09344115004492363
0 0.684757505773672 0.6419586702605571 0.09006928406466513 0.07277628032345014
0 0.6824480369515011 0.7210242587601078 0.09006928406466513 0.07457322551662174
0 0.5669745958429562 0.72911051212938 0.08083140877598152 0.06918238993710692
0 0.4491916859122402 0.7187780772686433 0.08083140877598152 0.07906558849955077
0 0.5785219399538106 0.8414195867026055 0.09468822170900693 0.0637915543575921
0 0.6789838337182448 0.7852650494159928 0.06928406466512702 0.04851752021563342
0 0.7009237875288684 0.8495058400718778 0.09468822170900693 0.06918238993710692
0 0.32909930715935337 0.8468104222821204 0.11316397228637413 0.0673854447439353
0 0.33371824480369516 0.9339622641509434 0.08545034642032333 0.047619047619047616
