0 0.28615384615384615 0.12548764629388817 0.20923076923076922 0.09232769830949285
0 0.5015384615384615 0.11573472041612484 0.16 0.0754226267880364
0 0.31846153846153846 0.247074122236671 0.13846153846153847 0.13003901170351106
0 0.3230769230769231 0.35955786736020806 0.08 0.06631989596879063
0 0.3553846153846154 0.4460338101430429 0.13846153846153847 0.0858257477243173
0 0.49538461538461537 0.20611183355006502 0.07384615384615385 0.05851755526657997
0 0.5107692307692308 0.3127438231469441 0.13538461538461538 0.13914174252275682
0 0.6923076923076923 0.15669700910273082 0.09846153846153846 0.09232769830949285
0 0.6076923076923076 0.4317295188556567 0.11384615384615385 0.06241872561768531
0 0.5723076923076923 0.570221066319896 0.12307692307692308 0.09232769830949285
0 0.7723076923076924 0.6007802340702211 0.12307692307692308 0.09622886866059818
0 0.7646153846153846 0.7522756827048115 0.09538461538461539 0.10273081924577374
0 0.5923076923076923 0.7555266579973993 0.12 0.1352405721716515
0 0.5753846153846154 0.6560468140442133 0.09846153846153846 0.05071521456436931
0 0.38769230769230767 0.5578673602080624 0.1723076923076923 0.0858257477243173
0 0.3830769230769231 0.7522756827048115 0.07076923076923076 0.05851755526657997
0 0.3953846153846154 0.6794538361508452 0.15692307692307692 0.10013003901170352
0 0.4169230769230769 0.8563068920676203 0.2123076923076923 0.10533159947984395
