0 0.6860095389507154 0.45663956639566394 0.0397456279809221 0.12737127371273713
0 0.5985691573926868 0.4349593495934959 0.08426073131955485 0.17615176151761516
0 0.5286168521462639 0.7046070460704607 0.04292527821939587 0.11924119241192412
0 0.5206677265500795 0.5121951219512195 0.046104928457869634 0.15718157181571815
0 0.3998410174880763 0.44986449864498645 0.07472178060413355 0.0921409214092141
0 0.22575516693163752 0.28319783197831977 0.0794912559618442 0.21951219512195122
0 0.3235294117647059 0.43902439024390244 0.0397456279809221 0.21138211382113822
0 0.26073131955484896 0.4959349593495935 0.04451510333863275 0.21680216802168023
0 0.212241653418124 0.575880758807588 0.058823529411764705 0.17615176151761516
0 0.18124006359300476 0.4051490514905149 0.04451510333863275 0.12737127371273713
0 0.2917329093799682 0.3008130081300813 0.0397456279809221 0.15176151761517614
