0 0.8462157809983897 0.2619047619047619 0.05958132045088567 0.08225108225108226
0 0.8317230273752013 0.11471861471861472 0.07568438003220612 0.10822510822510822
0 0.7552334943639292 0.13203463203463203 0.05475040257648953 0.10822510822510822
0 0.6851851851851852 0.14574314574314573 0.05314009661835749 0.0836940836940837
0 0.8518518518518519 0.3686868686868687 0.04508856682769726 0.0735930735930736
0 0.6030595813204509 0.15079365079365079 0.06602254428341385 0.08802308802308802
0 0.5434782608695652 0.14646464646464646 0.04669887278582931 0.05339105339105339
0 0.4822866344605475 0.18686868686868688 0.05958132045088567 0.09090909090909091
0 0.47987117552334946 0.2763347763347763 0.057971014492753624 0.08802308802308802
0 0.41304347826086957 0.21212121212121213 0.05958132045088567 0.12987012987012986
0 0.41626409017713367 0.3852813852813853 0.07890499194847021 0.11544011544011544
0 0.3462157809983897 0.40764790764790765 0.04508856682769726 0.0735930735930736
0 0.4855072463768116 0.4062049062049062 0.033816425120772944 0.09090909090909091
0 0.4758454106280193 0.45815295815295815 0.004830917874396135 0.001443001443001443
0 0.5120772946859904 0.48268398268398266 0.07729468599033816 0.047619047619047616
0 0.3832528180354267 0.5245310245310245 0.0644122383252818 0.09090909090909091
0 0.7785829307568438 0.3874458874458874 0.07246376811594203 0.09956709956709957
0 0.5982286634460547 0.45670995670995673 0.033816425120772944 0.06493506493506493
0 0.37359098228663445 0.6298701298701299 0.04830917874396135 0.09090909090909091
0 0.3140096618357488 0.6168831168831169 0.05475040257648953 0.10822510822510822
0 0.26247987117552335 0.6464646464646465 0.03542673107890499 0.049062049062049064
0 0.3276972624798712 0.5043290043290043 0.037037037037037035 0.05339105339105339
0 0.2721417069243156 0.4704184704184704 0.04508856682769726 0.06349206349206349
0 0.42028985507246375 0.7936507936507936 0.061191626409017714 0.05483405483405483
0 0.5032206119162641 0.8008658008658008 0.07246376811594203 0.09235209235209235
0 0.19887278582930756 0.7344877344877345 0.037037037037037035 0.05194805194805195
0 0.14251207729468598 0.7352092352092352 0.06924315619967794 0.04184704184704185
0 0.20531400966183574 0.683982683982684 0.040257648953301126 0.031746031746031744
0 0.24154589371980675 0.7323232323232324 0.05475040257648953 0.0707070707070707
0 0.30917874396135264 0.7373737373737373 0.07085346215780998 0.09523809523809523
0 0.573268921095008 0.7972582972582972 0.08695652173913043 0.08802308802308802
0 0.6392914653784219 0.5072150072150072 0.0644122383252818 0.0735930735930736
0 0.7045088566827697 0.4184704184704185 0.05958132045088567 0.07792207792207792
0 0.7681159420289855 0.512987012987013 0.04508856682769726 0.06204906204906205
0 0.7198067632850241 0.5165945165945166 0.04508856682769726 0.07215007215007214
0 0.8397745571658615 0.5894660894660895 0.0499194847020934 0.047619047619047616
0 0.7640901771336553 0.5909090909090909 0.06924315619967794 0.07647907647907648
0 0.7190016103059581 0.613997113997114 0.04669887278582931 0.08225108225108226
0 0.7415458937198067 0.7077922077922078 0.09822866344605476 0.13997113997113997
0 0.6553945249597424 0.7886002886002886 0.061191626409017714 0.09956709956709957
0 0.6344605475040258 0.6673881673881674 0.05475040257648953 0.07647907647907648
