0 0.5746268656716418 0.6658506731946144 0.09594882729211088 0.11505507955936352
0 0.6044776119402985 0.8011015911872705 0.15565031982942432 0.11627906976744186
0 0.43710021321961623 0.8396572827417381 0.12366737739872068 0.10771113831089352
0 0.2931769722814499 0.7931456548347613 0.1300639658848614 0.10281517747858017
0 0.2697228144989339 0.8916768665850673 0.06609808102345416 0.04528763769889841
0 0.4349680170575693 0.6768665850673194 0.1023454157782516 0.193390452876377
0 0.2921108742004264 0.6481028151774786 0.10660980810234541 0.13586291309669524
0 0.39019189765458423 0.5312117503059975 0.10660980810234541 0.08567931456548347
0 0.2921108742004264 0.52203182374541 0.07249466950959488 0.07711138310893513
0 0.36353944562899787 0.4449204406364749 0.07036247334754797 0.07711138310893513
0 0.27398720682302774 0.423500611995104 0.057569296375266525 0.08078335373317014
0 0.3752665245202559 0.31517747858017137 0.07249466950959488 0.13341493268053856
0 0.26332622601279315 0.3078335373317013 0.09594882729211088 0.11872705018359853
0 0.22921108742004265 0.15850673194614442 0.10874200426439233 0.12362301101591187
0 0.3347547974413646 0.14871481028151776 0.10660980810234541 0.11383108935128519
