0 0.6750358680057389 0.5714285714285714 0.05308464849354376 0.07415485278080698
0 0.7137733142037302 0.6652126499454744 0.06169296987087518 0.07415485278080698
0 0.7381635581061693 0.7415485278080698 0.03299856527977044 0.04143947655398037
0 0.6205164992826399 0.7464558342420938 0.04447632711621234 0.07742639040348964
0 0.6133428981348638 0.6581243184296619 0.06169296987087518 0.06870229007633588
0 0.5954088952654233 0.5588876772082879 0.06599713055954089 0.07960741548527808
0 0.5279770444763271 0.5708833151581243 0.06886657101865136 0.0861504907306434
0 0.37374461979913914 0.6619411123227917 0.06169296987087518 0.05888767720828789
0 0.3651362984218077 0.7470010905125409 0.03012912482065997 0.06543075245365322
0 0.27546628407460544 0.7568157033805889 0.05738880918220947 0.06543075245365322
0 0.21736011477761835 0.7699018538713195 0.06169296987087518 0.07415485278080698
0 0.28622668579626975 0.589422028353326 0.06456241032998565 0.07088331515812432
0 0.3601147776183644 0.5916030534351145 0.054519368723098996 0.07742639040348964
0 0.30416068866571017 0.5130861504907307 0.03443328550932568 0.04907306434023991
0 0.2116212338593974 0.48582333696837515 0.04160688665710186 0.07306434023991276
0 0.3113342898134864 0.44656488549618323 0.04878048780487805 0.07742639040348964
0 0.29913916786226685 0.3555070883315158 0.05021520803443329 0.07415485278080698
0 0.22812051649928264 0.3446019629225736 0.06025824964131994 0.07415485278080698
