0 0.6632047477744807 0.554639175257732 0.10979228486646884 0.14432989690721648
0 0.701780415430267 0.6958762886597938 0.06824925816023739 0.12164948453608247
0 0.5370919881305638 0.7597938144329897 0.0771513353115727 0.12577319587628866
0 0.516320474777448 0.6164948453608248 0.10682492581602374 0.12783505154639174
0 0.5074183976261127 0.4536082474226804 0.11275964391691394 0.1360824742268041
0 0.3724035608308605 0.49690721649484537 0.07418397626112759 0.10721649484536082
0 0.37091988130563797 0.6278350515463917 0.09495548961424333 0.13814432989690723
0 0.38724035608308605 0.7639175257731958 0.08011869436201781 0.11752577319587629
0 0.36053412462908013 0.3185567010309278 0.1632047477744807 0.18762886597938144
0 0.35014836795252224 0.1268041237113402 0.13649851632047477 0.12577319587628866
0 0.5311572700296736 0.1268041237113402 0.1661721068249258 0.10515463917525773
0 0.5741839762611276 0.27835051546391754 0.08605341246290801 0.1402061855670103
0 0.6632047477744807 0.411340206185567 0.08605341246290801 0.13814432989690723
