0 0.6983914209115282 0.41644562334217505 0.08310991957104558 0.11140583554376658
0 0.6957104557640751 0.48938992042440316 0.05093833780160858 0.10344827586206896
0 0.707774798927614 0.5954907161803713 0.10187667560321716 0.08222811671087533
0 0.6072386058981233 0.5994694960212201 0.06166219839142091 0.11671087533156499
0 0.5924932975871313 0.4204244031830239 0.1126005361930295 0.1830238726790451
0 0.4691689008042895 0.3819628647214854 0.07506702412868632 0.17506631299734748
0 0.5026809651474531 0.6021220159151194 0.0777479892761394 0.15915119363395225
0 0.3780160857908847 0.6140583554376657 0.09115281501340483 0.19363395225464192
0 0.3203753351206434 0.4509283819628647 0.06166219839142091 0.10610079575596817
0 0.30831099195710454 0.28514588859416445 0.08042895442359249 0.13527851458885942
