0 0.40942698706099817 0.13612565445026178 0.10166358595194085 0.1012216404886562
0 0.4824399260628466 0.1256544502617801 0.04436229205175601 0.09424083769633508
0 0.5628465804066544 0.13176265270506107 0.08317929759704251 0.12041884816753927
0 0.6497227356746765 0.09773123909249563 0.07208872458410351 0.06282722513089005
0 0.6561922365988909 0.262652705061082 0.08502772643253234 0.1762652705061082
0 0.5767097966728281 0.29668411867364747 0.08502772643253234 0.12216404886561955
0 0.4195933456561922 0.5218150087260035 0.10720887245841035 0.11518324607329843
0 0.49815157116451014 0.5017452006980803 0.05730129390018484 0.0924956369982548
0 0.4390018484288355 0.3228621291448517 0.07208872458410351 0.11169284467713787
0 0.36229205175600737 0.34467713787085513 0.06284658040665435 0.08202443280977312
0 0.6885397412199631 0.4214659685863874 0.09426987060998152 0.13787085514834205
0 0.6987060998151571 0.7321116928446771 0.12199630314232902 0.13787085514834205
0 0.5850277264325323 0.699825479930192 0.09426987060998152 0.11518324607329843
0 0.6146025878003697 0.8106457242582897 0.06469500924214418 0.08900523560209424
0 0.42051756007393715 0.8438045375218151 0.053604436229205174 0.07853403141361257
0 0.4824399260628466 0.7356020942408377 0.06284658040665435 0.1169284467713787
0 0.5951940850277264 0.512216404886562 0.1256931608133087 0.16579406631762653
