0 0.426179604261796 0.2964705882352941 0.0821917808219178 0.20705882352941177
0 0.3097412480974125 0.28 0.0837138508371385 0.21176470588235294
0 0.3089802130898021 0.5552941176470588 0.0700152207001522 0.22588235294117648
0 0.20928462709284626 0.6152941176470588 0.0624048706240487 0.058823529411764705
0 0.423896499238965 0.6776470588235294 0.0532724505327245 0.22588235294117648
0 0.5350076103500762 0.6576470588235294 0.0380517503805175 0.08235294117647059
0 0.5593607305936074 0.4776470588235294 0.0837138508371385 0.2023529411764706
0 0.5487062404870624 0.2376470588235294 0.0654490106544901 0.21176470588235294
0 0.6263318112633182 0.2447058823529412 0.0624048706240487 0.18352941176470589
0 0.6362252663622526 0.48 0.0700152207001522 0.1976470588235294
0 0.7168949771689498 0.36941176470588233 0.076103500761035 0.19294117647058823
0 0.7054794520547946 0.5941176470588235 0.0624048706240487 0.07294117647058823
0 0.8432267884322678 0.6341176470588236 0.0334855403348554 0.15294117647058825
0 0.8797564687975646 0.6388235294117647 0.0395738203957382 0.14352941176470588
