0 0.6872635561160151 0.04889228418640183 0.03026481715006305 0.03514132925897632
0 0.6847414880201765 0.11382734912146678 0.058007566204287514 0.08097784568372804
0 0.6298865069356873 0.07792207792207792 0.06683480453972257 0.04583651642475172
0 0.6185372005044136 0.14323911382734913 0.03909205548549811 0.054239877769289534
0 0.544766708701135 0.11229946524064172 0.0832282471626734 0.08097784568372804
0 0.3379571248423707 0.08938120702826585 0.05548549810844893 0.06569900687547746
0 0.3865069356872636 0.08479755538579067 0.0416141235813367 0.03514132925897632
0 0.39281210592686 0.14705882352941177 0.06935687263556116 0.07257448433919023
0 0.33102143757881464 0.16042780748663102 0.06431273644388398 0.05042016806722689
0 0.2604035308953342 0.1489686783804431 0.04665825977301387 0.04583651642475172
0 0.8902900378310215 0.2902979373567609 0.05548549810844893 0.06569900687547746
0 0.8146279949558638 0.19327731092436976 0.03278688524590164 0.03514132925897632
0 0.8373266078184111 0.31970970206264326 0.05044136191677175 0.057295645530939646
0 0.7736443883984867 0.3093964858670741 0.04665825977301387 0.04889228418640183
0 0.7868852459016393 0.35637891520244463 0.05044136191677175 0.04201680672268908
0 0.691046658259773 0.31970970206264326 0.05548549810844893 0.012987012987012988
0 0.5517023959646911 0.30061115355233003 0.09709962168978563 0.07257448433919023
0 0.48612862547288777 0.3235294117647059 0.06683480453972257 0.10160427807486631
0 0.4218158890290038 0.30786860198624905 0.03909205548549811 0.06417112299465241
0 0.43883984867591425 0.3624904507257448 0.0605296343001261 0.054239877769289534
0 0.5699873896595208 0.38388082505729565 0.0605296343001261 0.06951871657754011
0 0.594577553593947 0.45569136745607336 0.04665825977301387 0.052711993888464474
0 0.5189155107187894 0.4247517188693659 0.06431273644388398 0.06569900687547746
0 0.42938209331651955 0.47288006111535524 0.0416141235813367 0.04736440030557677
0 0.5226986128625473 0.49541634835752485 0.06683480453972257 0.057295645530939646
0 0.510718789407314 0.606951871657754 0.05296343001261034 0.08326967150496563
0 0.5208070617906684 0.6883116883116883 0.05548549810844893 0.06264323911382735
0 0.5340479192938209 0.7521008403361344 0.03909205548549811 0.054239877769289534
0 0.542875157629256 0.8521772345301757 0.03909205548549811 0.07104660045836517
0 0.4798234552332913 0.8712757830404889 0.04665825977301387 0.07104660045836517
0 0.5491803278688525 0.9194041252864782 0.03909205548549811 0.02826585179526356
0 0.4407313997477932 0.7299465240641712 0.06935687263556116 0.08479755538579067
0 0.4306431273644388 0.6233766233766234 0.07187894073139975 0.10542398777692895
0 0.42686002522068095 0.5393430099312452 0.0416141235813367 0.04736440030557677
0 0.3530895334174023 0.5993124522536287 0.058007566204287514 0.07104660045836517
0 0.2540983606557377 0.6103896103896104 0.08953341740226986 0.07639419404125286
0 0.33921815889029006 0.6898395721925134 0.05296343001261034 0.06569900687547746
0 0.2578814627994956 0.7131398013750955 0.09205548549810845 0.10160427807486631
