0 0.5949367088607594 0.48753462603878117 0.08318264014466546 0.18282548476454294
0 0.6962025316455697 0.518005540166205 0.054249547920433995 0.12188365650969529
0 0.7775768535262206 0.5401662049861495 0.06148282097649186 0.04986149584487535
0 0.5045207956600362 0.7645429362880887 0.05063291139240506 0.15512465373961218
0 0.4945750452079566 0.5443213296398892 0.059674502712477394 0.18005540166204986
0 0.3670886075949367 0.46537396121883656 0.09041591320072333 0.09418282548476455
0 0.28119349005424954 0.45013850415512463 0.045207956600361664 0.21329639889196675
0 0.21066907775768534 0.4916897506925208 0.05244122965641953 0.22437673130193905
0 0.15099457504520797 0.5650969529085873 0.059674502712477394 0.1772853185595568
0 0.17902350813743217 0.27285318559556787 0.07956600361663653 0.22437673130193905
0 0.2522603978300181 0.31163434903047094 0.059674502712477394 0.13019390581717452
0 0.10307414104882459 0.16204986149584488 0.04701627486437613 0.10249307479224377
0 0.12386980108499096 0.39473684210526316 0.048824593128390596 0.14681440443213298
