0 0.7324738114423852 0.32151944747364597 0.05962933118452861 0.028716830243547802
0 0.7115229653505237 0.5607051981097783 0.048348106365834004 0.04398400581606689
0 0.7042707493956487 0.6115957833515085 0.05640612409347301 0.03380588876772083
0 0.75825946817083 0.6159578335150854 0.05962933118452861 0.028716830243547802
0 0.8138597904915391 0.5986913849509269 0.03384367445608381 0.03198836786623046
0 0.7288477034649476 0.6550345328971283 0.052377115229653506 0.04580152671755725
0 0.6817082997582594 0.6508542348237004 0.048348106365834004 0.03380588876772083
0 0.7493956486704271 0.742639040348964 0.05640612409347301 0.026899309342057434
0 0.6800966962127317 0.18629589240276262 0.045124899274778404 0.023627771719374774
0 0.684931506849315 0.22973464194838242 0.048348106365834004 0.035623409669211195
0 0.6837228041901692 0.26644856415848783 0.029814665592264304 0.016721192293711377
0 0.645447219983884 0.29280261723009815 0.037066881547139406 0.028716830243547802
0 0.7320709105560033 0.18738640494365685 0.052377115229653506 0.028716830243547802
0 0.660757453666398 0.381315885132679 0.045124899274778404 0.02544529262086514
0 0.6663980660757454 0.4798255179934569 0.048348106365834004 0.021810250817884406
0 0.7228041901692184 0.4183933115230825 0.05640612409347301 0.021810250817884406
0 0.6986301369863014 0.7095601599418393 0.045124899274778404 0.02544529262086514
0 0.7755842062852538 0.2662668120683388 0.0410958904109589 0.03380588876772083
0 0.6929895245769541 0.29789167575427117 0.05640612409347301 0.038894947291893855
0 0.7719580983078163 0.22737186477644494 0.048348106365834004 0.03380588876772083
0 0.3569701853344077 0.38095238095238093 0.03384367445608381 0.021810250817884406
0 0.34206285253827556 0.41693929480189024 0.0410958904109589 0.03198836786623046
0 0.3783239323126511 0.415848782260996 0.029814665592264304 0.026899309342057434
0 0.3928283642224013 0.36659396583060705 0.029814665592264304 0.023627771719374774
0 0.8473005640612409 0.9065794256633951 0.06365834004834811 0.035623409669211195
0 0.8195004029008863 0.5581606688476918 0.045124899274778404 0.038894947291893855
0 0.7643029814665592 0.772264631043257 0.0410958904109589 0.028716830243547802
0 0.7469782433521354 0.6917484551072337 0.05962933118452861 0.030534351145038167
0 0.7759871071716358 0.48491457651763 0.05640612409347301 0.035623409669211195
0 0.43271555197421435 0.36659396583060705 0.0257856567284448 0.023627771719374774
0 0.6889605157131345 0.3344238458742276 0.048348106365834004 0.026899309342057434
