0 0.5648918469217971 0.06926586478639568 0.08153078202995008 0.034010783907092494
0 0.6572379367720466 0.08855246785566155 0.059900166389351084 0.018664454583160513
0 0.49001663893510816 0.1947324761509747 0.06821963394342762 0.026959767731231855
0 0.5898502495840267 0.18809622563251763 0.10149750415973377 0.020323517212774783
0 0.39767054908485855 0.16528411447532143 0.059900166389351084 0.02198257984238905
0 0.391846921797005 0.2287432600580672 0.08818635607321132 0.02364164247200332
0 0.5665557404326124 0.28058896723351306 0.10149750415973377 0.03193695562007466
0 0.3735440931780366 0.32683533803401077 0.10815307820299501 0.03566984653670676
0 0.5 0.32600580671920365 0.08818635607321132 0.03732890916632103
0 0.4633943427620632 0.28660306926586476 0.09484193011647254 0.034010783907092494
0 0.6780366056572379 0.4311489008710079 0.07487520798668885 0.03027789299046039
0 0.5715474209650583 0.4346744089589382 0.09484193011647254 0.040647034425549566
0 0.4733777038269551 0.43529655744504353 0.07487520798668885 0.03193695562007466
0 0.6031613976705491 0.3558689340522605 0.07487520798668885 0.03566984653670676
0 0.6098169717138103 0.3226876814599751 0.07487520798668885 0.034010783907092494
0 0.38851913477537436 0.3990045624222314 0.08153078202995008 0.034010783907092494
0 0.5049916805324459 0.4012857735379511 0.06821963394342762 0.02861883036084612
0 0.4950083194675541 0.36748237245956034 0.06821963394342762 0.03566984653670676
0 0.38851913477537436 0.36146827042720864 0.06821963394342762 0.03027789299046039
0 0.6114808652246256 0.39402737453338865 0.06821963394342762 0.034010783907092494
0 0.668053244592346 0.4676482787225218 0.08153078202995008 0.02861883036084612
0 0.6772046589018302 0.4991704686851929 0.059900166389351084 0.03027789299046039
0 0.3785357737104825 0.484653670676068 0.08818635607321132 0.025300705101617586
0 0.5715474209650583 0.47552882621318954 0.09484193011647254 0.026959767731231855
0 0.5732113144758736 0.4968892575694733 0.08153078202995008 0.03898797179593529
0 0.48336106489184694 0.47055163832434677 0.09484193011647254 0.026959767731231855
0 0.6447587354409318 0.5331812525922853 0.07487520798668885 0.03027789299046039
0 0.569883527454243 0.5356698465367068 0.07487520798668885 0.03193695562007466
0 0.5732113144758736 0.568021567814185 0.08153078202995008 0.025300705101617586
0 0.5798668885191348 0.5970551638324346 0.06821963394342762 0.025300705101617586
0 0.6381031613976705 0.5688510991289921 0.07487520798668885 0.03027789299046039
0 0.6264559068219634 0.6269182911654915 0.08153078202995008 0.03027789299046039
0 0.5282861896838602 0.6296142679386146 0.11480865224625623 0.03566984653670676
0 0.4151414309484193 0.6304437992534219 0.10815307820299501 0.0439651596847781
0 0.4667221297836938 0.575694732476151 0.08818635607321132 0.04728328494400664
0 0.42512479201331116 0.6634176690170054 0.11480865224625623 0.025300705101617586
0 0.41846921797004993 0.7594359187059312 0.08818635607321132 0.034010783907092494
0 0.5166389351081531 0.7737453338863542 0.12146422628951747 0.03193695562007466
0 0.5282861896838602 0.7349647449191207 0.10149750415973377 0.03898797179593529
0 0.629783693843594 0.7024056408129407 0.10149750415973377 0.03193695562007466
0 0.6231281198003328 0.7330982994608046 0.07487520798668885 0.02861883036084612
0 0.6231281198003328 0.8301534632932394 0.08818635607321132 0.03193695562007466
0 0.6131447587354409 0.8685192866030693 0.08153078202995008 0.03732890916632103
0 0.5282861896838602 0.8386561592700125 0.11480865224625623 0.04230609705516383
0 0.4084858569051581 0.7895064288676897 0.09484193011647254 0.018664454583160513
0 0.5116472545757071 0.8044379925342182 0.08153078202995008 0.025300705101617586
0 0.41846921797004993 0.8334715885524678 0.07487520798668885 0.02198257984238905
0 0.42179700499168055 0.8641642472003318 0.09484193011647254 0.02861883036084612
0 0.29201331114808654 0.9467026130236417 0.08153078202995008 0.03027789299046039
0 0.42512479201331116 0.8931978432185815 0.10149750415973377 0.025300705101617586
0 0.5316139767054908 0.6924512650352551 0.06821963394342762 0.025300705101617586
