0 0.8242630385487528 0.3476923076923077 0.09750566893424037 0.24615384615384617
0 0.86281179138322 0.6153846153846154 0.05668934240362812 0.11692307692307692
0 0.7290249433106576 0.5692307692307692 0.12471655328798185 0.1723076923076923
0 0.7074829931972789 0.24307692307692308 0.07709750566893424 0.19692307692307692
0 0.5997732426303855 0.19384615384615383 0.04308390022675737 0.09230769230769231
0 0.6133786848072562 0.5523076923076923 0.08843537414965986 0.23076923076923078
0 0.6281179138321995 0.74 0.07256235827664399 0.11384615384615385
0 0.5192743764172335 0.6307692307692307 0.08616780045351474 0.07384615384615385
0 0.39909297052154197 0.66 0.06349206349206349 0.16307692307692306
0 0.30272108843537415 0.6446153846153846 0.07482993197278912 0.18769230769230769
0 0.21201814058956917 0.6492307692307693 0.08390022675736962 0.1723076923076923
