0 0.6086956521739131 0.4805194805194805 0.17391304347826086 0.13506493506493505
0 0.6115942028985507 0.6103896103896104 0.07536231884057971 0.14545454545454545
0 0.6260869565217392 0.7415584415584415 0.09855072463768116 0.023376623376623377
0 0.4246376811594203 0.5571428571428572 0.10144927536231885 0.18441558441558442
0 0.47681159420289854 0.35974025974025975 0.08985507246376812 0.1012987012987013
0 0.3289855072463768 0.3 0.11884057971014493 0.19480519480519481
0 0.20869565217391303 0.3142857142857143 0.057971014492753624 0.16103896103896104
0 0.2985507246376812 0.5675324675324676 0.13333333333333333 0.2051948051948052
0 0.45217391304347826 0.7441558441558441 0.0927536231884058 0.13766233766233765
0 0.28840579710144926 0.7896103896103897 0.08405797101449275 0.15584415584415584
