0 0.7378640776699029 0.6867862969004894 0.12297734627831715 0.13050570962479607
0 0.7184466019417476 0.8140293637846656 0.12297734627831715 0.11745513866231648
0 0.5614886731391586 0.5473083197389886 0.08090614886731391 0.0636215334420881
0 0.5841423948220065 0.6574225122349103 0.10679611650485436 0.11745513866231648
0 0.5711974110032363 0.7707993474714518 0.10032362459546926 0.11256117455138662
0 0.4320388349514563 0.799347471451876 0.13915857605177995 0.13050570962479607
0 0.4692556634304207 0.6688417618270799 0.0970873786407767 0.10766721044045677
0 0.343042071197411 0.47553017944535075 0.20711974110032363 0.12234910277324633
0 0.3656957928802589 0.3164763458401305 0.12297734627831715 0.08482871125611746
0 0.5388349514563107 0.8874388254486134 0.11326860841423948 0.08482871125611746
