0 0.7722117202268431 0.11911357340720222 0.05860113421550094 0.08310249307479224
0 0.7693761814744802 0.3074792243767313 0.04158790170132325 0.10526315789473684
0 0.7400756143667296 0.4903047091412742 0.05103969754253308 0.17174515235457063
0 0.7703213610586012 0.778393351800554 0.0661625708884688 0.1883656509695291
0 0.6691871455576559 0.7576177285318559 0.08695652173913043 0.15789473684210525
0 0.6351606805293005 0.4986149584487535 0.05671077504725898 0.17174515235457063
0 0.666351606805293 0.2631578947368421 0.05860113421550094 0.18282548476454294
0 0.5444234404536862 0.3407202216066482 0.07939508506616257 0.17174515235457063
0 0.5255198487712666 0.5761772853185596 0.07183364839319471 0.14958448753462603
0 0.32892249527410206 0.49584487534626037 0.08695652173913043 0.22714681440443213
0 0.3431001890359168 0.296398891966759 0.04725897920604915 0.12742382271468145
0 0.21266540642722118 0.4515235457063712 0.05860113421550094 0.16066481994459833
0 0.13043478260869565 0.425207756232687 0.052930056710775046 0.08587257617728532
0 0.5623818525519849 0.7409972299168975 0.03969754253308128 0.10803324099722991
