0 0.5978407557354926 0.44353640416047546 0.11605937921727395 0.13224368499257058
0 0.631578947368421 0.5326894502228826 0.04588394062078273 0.09658246656760773
0 0.49055330634278005 0.5260029717682021 0.09851551956815115 0.10698365527488855
0 0.38461538461538464 0.5735512630014858 0.09986504723346828 0.16047548291233285
0 0.26383265856950067 0.6404160475482912 0.04993252361673414 0.1426448736998514
0 0.28205128205128205 0.7696879643387816 0.04048582995951417 0.06537890044576523
0 0.22874493927125505 0.40564635958395245 0.08771929824561403 0.09212481426448738
0 0.34885290148448045 0.3885586924219911 0.11201079622132254 0.17979197622585438
0 0.4365721997300945 0.33580980683506684 0.13090418353576247 0.20208023774145617
0 0.4109311740890688 0.8164933135215453 0.09041835357624832 0.14710252600297177
0 0.5020242914979757 0.8655274888558693 0.09176788124156546 0.16790490341753342
0 0.6025641025641025 0.8655274888558693 0.08771929824561403 0.07280832095096583
