0 0.2716615698267074 0.25107604017216645 0.05402650356778797 0.03730272596843615
0 0.21202854230377166 0.3003347680535629 0.05708460754332314 0.03730272596843615
0 0.20998980632008155 0.2534672405547585 0.0326197757390418 0.03538976566236251
0 0.6156982670744139 0.2611190817790531 0.06116207951070336 0.026781444285031087
0 0.28950050968399593 0.3333333333333333 0.046890927624872576 0.03538976566236251
0 0.27573904179408765 0.296987087517934 0.06829765545361875 0.03730272596843615
0 0.32772680937818555 0.2568149210903874 0.03567787971457696 0.03538976566236251
0 0.21202854230377166 0.4328072692491631 0.05708460754332314 0.03730272596843615
0 0.21763506625891946 0.3395504543280727 0.05402650356778797 0.04399808703969393
0 0.2838939857288481 0.38593974175035867 0.04994903160040775 0.042085126733620276
0 0.21355759429153925 0.38880918220946914 0.039755351681957186 0.03730272596843615
0 0.3333333333333333 0.38593974175035867 0.06116207951070336 0.042085126733620276
0 0.3409785932721712 0.4287422285987566 0.039755351681957186 0.03873744619799139
0 0.27726809378185524 0.43185078909612623 0.0652395514780836 0.03538976566236251
0 0.1488277268093782 0.5198469631755142 0.07543323139653414 0.03730272596843615
0 0.14067278287461774 0.554519368723099 0.024464831804281346 0.03204208512673362
0 0.21049949031600407 0.5882352941176471 0.05402650356778797 0.042085126733620276
0 0.22477064220183487 0.5205643232902917 0.05402650356778797 0.03204208512673362
0 0.21916411824668705 0.47728359636537543 0.04281345565749235 0.04399808703969393
0 0.29918450560652393 0.5150645624103299 0.08664627930682976 0.042085126733620276
0 0.2640163098878695 0.5784313725490197 0.06116207951070336 0.04925872788139646
0 0.2976554536187564 0.6269727403156384 0.046890927624872576 0.03730272596843615
0 0.15239551478083588 0.6779053084648493 0.06829765545361875 0.047345767575322814
0 0.23751274209989806 0.6274509803921569 0.04281345565749235 0.03538976566236251
0 0.16666666666666666 0.787661406025825 0.05402650356778797 0.021999043519846963
0 0.11213047910295616 0.7833572453371592 0.024464831804281346 0.04399808703969393
0 0.11365953109072376 0.8582018173122907 0.03567787971457696 0.03395504543280727
0 0.22782874617737003 0.8919177427068389 0.05402650356778797 0.030607364897178385
0 0.1763506625891947 0.9048302247728359 0.0652395514780836 0.021999043519846963
0 0.29510703363914376 0.704208512673362 0.04994903160040775 0.03204208512673362
0 0.23343527013251783 0.7780966044954567 0.0652395514780836 0.030607364897178385
0 0.7120285423037717 0.32831181252989 0.04994903160040775 0.03204208512673362
0 0.753822629969419 0.2618364418938307 0.06829765545361875 0.04925872788139646
0 0.8093781855249745 0.25418460066953613 0.05708460754332314 0.047345767575322814
0 0.7660550458715596 0.31037780966044953 0.04994903160040775 0.04399808703969393
0 0.8374108053007135 0.36226685796269725 0.05402650356778797 0.03873744619799139
0 0.7798165137614679 0.3562888570062171 0.046890927624872576 0.03730272596843615
0 0.8042813455657493 0.45217599234815875 0.07543323139653414 0.03873744619799139
0 0.8588175331294597 0.4347202295552367 0.05402650356778797 0.04399808703969393
0 0.8063200815494393 0.5026303204208513 0.0652395514780836 0.03730272596843615
0 0.6126401630988787 0.3986131037780966 0.06116207951070336 0.0234337637494022
0 0.5937818552497451 0.5026303204208513 0.08256880733944955 0.026781444285031087
0 0.8246687054026504 0.5432807269249164 0.0652395514780836 0.026781444285031087
0 0.7752293577981652 0.5509325681492109 0.06829765545361875 0.042085126733620276
0 0.8022426095820592 0.6131037780966045 0.05708460754332314 0.030607364897178385
