0 0.6369313113291704 0.31954887218045114 0.05530776092774309 0.1699248120300752
0 0.5512934879571811 0.3255639097744361 0.04103479036574487 0.1849624060150376
0 0.46342551293487955 0.3030075187969925 0.07404103479036575 0.19097744360902255
0 0.5356824264049955 0.5375939849624061 0.056199821587867974 0.1849624060150376
0 0.7172167707404103 0.3075187969924812 0.06244424620874219 0.16691729323308271
0 0.7983942908117752 0.3030075187969925 0.039250669045495096 0.08270676691729323
0 0.3920606601248885 0.2548872180451128 0.05798394290811775 0.16090225563909774
0 0.39072256913470116 0.44360902255639095 0.04460303300624442 0.1593984962406015
0 0.387600356824264 0.6488721804511278 0.036574487065120426 0.11278195488721804
0 0.4643175735950045 0.5406015037593985 0.05263157894736842 0.18195488721804512
0 0.38224799286351474 0.7849624060150376 0.054415700267618196 0.10526315789473684
