0 0.5736434108527132 0.18640876412187607 0.06373815676141258 0.03731598767545361
0 0.35271317829457366 0.14481342006162273 0.06804478897502153 0.02875727490585416
0 0.15417743324720068 0.2001027045532352 0.08096468561584841 0.03731598767545361
0 0.2997416020671835 0.11862375898664841 0.07235142118863049 0.03389250256761383
0 0.2652885443583118 0.16535433070866143 0.07235142118863049 0.03560424512153372
0 0.3268733850129199 0.1812735364601164 0.04220499569336779 0.03046901745977405
0 0.09388458225667529 0.15422800410818213 0.06373815676141258 0.03389250256761383
0 0.2144702842377261 0.1203355015405683 0.08096468561584841 0.03389250256761383
0 0.6223083548664944 0.24340979116740843 0.06804478897502153 0.03560424512153372
0 0.5068906115417743 0.18555289284491613 0.06804478897502153 0.0390277302293735
0 0.4409991386735573 0.2280041081821294 0.05512489233419466 0.015063334474495036
0 0.5047372954349698 0.22149948647723383 0.046511627906976744 0.02875727490585416
0 0.5585701981050818 0.218931872646354 0.059431524547803614 0.02704553235193427
0 0.5025839793281653 0.2824375213967819 0.06804478897502153 0.03560424512153372
0 0.5478036175710594 0.24940089010612804 0.046511627906976744 0.02704553235193427
0 0.5607235142118863 0.2824375213967819 0.05512489233419466 0.03218076001369394
0 0.4896640826873385 0.31923998630605954 0.050818260120585705 0.02704553235193427
0 0.49612403100775193 0.3557001027045532 0.046511627906976744 0.03560424512153372
0 0.5370370370370371 0.36939404313591234 0.050818260120585705 0.03560424512153372
0 0.5930232558139535 0.3479972612119137 0.050818260120585705 0.023622047244094488
0 0.58656330749354 0.3827456350564875 0.06373815676141258 0.02533378979801438
0 0.6037898363479759 0.4500171174255392 0.07235142118863049 0.03389250256761383
0 0.5133505598621878 0.4109893871961657 0.046511627906976744 0.03731598767545361
0 0.5521102497846684 0.41184525847312564 0.046511627906976744 0.0390277302293735
0 0.6072351421188631 0.4127011297500856 0.046511627906976744 0.023622047244094488
0 0.611541774332472 0.48510783978089694 0.05512489233419466 0.02875727490585416
0 0.5133505598621878 0.44317014720985964 0.05512489233419466 0.02704553235193427
0 0.5090439276485789 0.5172885997945909 0.03789836347975883 0.02533378979801438
0 0.5986218776916451 0.5241355700102704 0.03789836347975883 0.02533378979801438
0 0.595176571920758 0.5614515576857241 0.05512489233419466 0.02533378979801438
0 0.5434969853574505 0.5528928449161246 0.046511627906976744 0.021910304690174597
0 0.6244616709732989 0.6509756932557343 0.07235142118863049 0.03731598767545361
0 0.5068906115417743 0.6466963368709346 0.04220499569336779 0.02875727490585416
0 0.6072351421188631 0.6116056145155768 0.046511627906976744 0.03046901745977405
0 0.5047372954349698 0.609893871961657 0.05512489233419466 0.03046901745977405
0 0.6546080964685616 0.767203012666895 0.07235142118863049 0.0390277302293735
0 0.6330749354005168 0.7221841834988018 0.05512489233419466 0.03046901745977405
0 0.5714900947459087 0.6848681958233481 0.050818260120585705 0.03731598767545361
0 0.5628768303186907 0.7256076686066416 0.059431524547803614 0.03389250256761383
0 0.5822566752799311 0.7577884286203355 0.07235142118863049 0.02704553235193427
0 0.58656330749354 0.7903115371448134 0.046511627906976744 0.03046901745977405
0 0.5284237726098191 0.7569325573433756 0.03359173126614987 0.02533378979801438
0 0.6739879414298019 0.8216364258815474 0.04220499569336779 0.03560424512153372
0 0.6136950904392765 0.27850051352276617 0.04220499569336779 0.03046901745977405
0 0.6481481481481481 0.860664156110921 0.03359173126614987 0.02875727490585416
0 0.6330749354005168 0.8242040397124273 0.03789836347975883 0.02704553235193427
0 0.6007751937984496 0.8735022252653201 0.059431524547803614 0.03731598767545361
0 0.669681309216193 0.8837726805888394 0.050818260120585705 0.016775077028414926
0 0.6955211024978467 0.9085929476206779 0.050818260120585705 0.02875727490585416
0 0.6632213608957795 0.9108182129407737 0.03789836347975883 0.023622047244094488
0 0.5757967269595177 0.9145840465593975 0.050818260120585705 0.03389250256761383
0 0.6352282515073213 0.9484765491270113 0.06804478897502153 0.03389250256761383
0 0.58656330749354 0.8301951386511469 0.05512489233419466 0.042451215337213286
