0 0.2942567567567568 0.07515190278221938 0.03581081081081081 0.03901503038055645
0 0.28885135135135137 0.11608570514870482 0.05337837837837838 0.03901503038055645
0 0.28885135135135137 0.14246881995522864 0.05337837837837838 0.01694915254237288
0 0.2739864864864865 0.16277582347297728 0.05337837837837838 0.0236648544931244
0 0.27263513513513515 0.20786696514230893 0.04256756756756757 0.04924848097217781
0 0.2739864864864865 0.26287176207227375 0.05337837837837838 0.057563159577870164
0 0.27094594594594595 0.3236328749600256 0.03918918918918919 0.05948193156379917
0 0.2706081081081081 0.3660057563159578 0.046621621621621624 0.025263831148065238
0 0.26925675675675675 0.3965462104253278 0.057432432432432436 0.028781579788935082
0 0.2689189189189189 0.4349216501439079 0.05 0.03389830508474576
0 0.26722972972972975 0.4824112567956508 0.075 0.05084745762711865
0 0.25236486486486487 0.5231851614966422 0.05337837837837838 0.0236648544931244
0 0.25236486486486487 0.5554844899264471 0.05337837837837838 0.0473297089862488
0 0.22939189189189188 0.5981771666133674 0.06418918918918919 0.027182603133994242
0 0.22905405405405405 0.6251998720818676 0.07837837837837838 0.0236648544931244
0 0.2260135135135135 0.6594179724976016 0.06418918918918919 0.044131755676367124
0 0.23682432432432432 0.7112248161176847 0.057432432432432436 0.04924848097217781
0 0.13243243243243244 0.7620722737448034 0.05 0.04221298369043812
0 0.22567567567567567 0.7681483850335785 0.05 0.057563159577870164
0 0.2277027027027027 0.8175567636712504 0.08243243243243244 0.030380556443875918
0 0.4625 0.39222897345698754 0.06418918918918919 0.030380556443875918
0 0.6351351351351351 0.28349856092101056 0.07162162162162163 0.05084745762711865
0 0.6010135135135135 0.20259034218100416 0.05337837837837838 0.025263831148065238
0 0.40912162162162163 0.09449952030700352 0.03581081081081081 0.030380556443875918
0 0.40912162162162163 0.125999360409338 0.03581081081081081 0.028781579788935082
0 0.3679054054054054 0.143108410617205 0.075 0.03229932842980492
0 0.3608108108108108 0.18979852894147745 0.08243243243243244 0.05084745762711865
0 0.3554054054054054 0.26063319475535657 0.05 0.04924848097217781
0 0.35135135135135137 0.337863767188999 0.07837837837837838 0.07131435881036137
0 0.35 0.41541413495362967 0.08243243243243244 0.05948193156379917
0 0.46621621621621623 0.3124400383754397 0.07162162162162163 0.0473297089862488
0 0.46824324324324323 0.3581707707067477 0.060810810810810814 0.03389830508474576
0 0.4648648648648649 0.2502398464982411 0.060810810810810814 0.055964182922929324
0 0.452027027027027 0.15078349856092102 0.07162162162162163 0.030380556443875918
0 0.4560810810810811 0.19075791493444197 0.07162162162162163 0.04573073233130796
0 0.7033783783783784 0.2943716021746082 0.05 0.025263831148065238
0 0.6155405405405405 0.2348896706108091 0.060810810810810814 0.0354972817396866
0 0.6533783783783784 0.20275023984649823 0.05 0.03901503038055645
0 0.7233108108108108 0.32667093060441316 0.046621621621621624 0.0354972817396866
