0 0.35528942115768464 0.09628722970216239 0.1317365269461078 0.044063647490820076
0 0.5469061876247505 0.11566707466340269 0.1317365269461078 0.03223174214606283
0 0.3253493013972056 0.04528763769889841 0.12375249500998003 0.044063647490820076
0 0.812375249500998 0.3820889432884537 0.1157684630738523 0.03712770297837617
0 0.6766467065868264 0.38004895960832313 0.10778443113772455 0.03712770297837617
0 0.688622754491018 0.4194206446348429 0.1157684630738523 0.04079967360261118
0 0.5389221556886228 0.39473684210526316 0.1157684630738523 0.03549571603427173
0 0.5548902195608783 0.430640554875561 0.1157684630738523 0.03223174214606283
0 0.5179640718562875 0.46185230518155856 0.07385229540918163 0.02692778457772338
0 0.5299401197604791 0.49510403916768664 0.08183632734530938 0.03223174214606283
0 0.5129740518962076 0.5314157486740106 0.0998003992015968 0.03712770297837617
0 0.8043912175648703 0.41921664626682986 0.0998003992015968 0.03712770297837617
0 0.8033932135728543 0.4483884128926969 0.08183632734530938 0.023663810689514484
0 0.6916167664670658 0.44920440636474906 0.08982035928143713 0.02529579763361893
0 0.6467065868263473 0.47715218278253774 0.1157684630738523 0.03386372909016728
0 0.7544910179640718 0.4820481436148511 0.0998003992015968 0.03712770297837617
0 0.7425149700598802 0.5138718890248878 0.10778443113772455 0.03223174214606283
0 0.7455089820359282 0.5410036719706243 0.0658682634730539 0.022031823745410038
0 0.6347305389221557 0.5163198694410445 0.12375249500998003 0.03712770297837617
0 0.7335329341317365 0.5842513259893921 0.08982035928143713 0.04079967360261118
0 0.6087824351297405 0.5793553651570787 0.13972055888223553 0.044063647490820076
0 0.7335329341317365 0.6219910240718074 0.08982035928143713 0.030599755201958383
0 0.7215568862275449 0.6499388004895961 0.08183632734530938 0.022031823745410038
0 0.6077844311377245 0.6191350469196246 0.08982035928143713 0.03223174214606283
0 0.5129740518962076 0.6193390452876377 0.1157684630738523 0.04243166054671563
0 0.5808383233532934 0.6993064055487556 0.1157684630738523 0.04569563443492452
0 0.6966067864271457 0.7017543859649122 0.1157684630738523 0.044063647490820076
0 0.7215568862275449 0.7494900040799674 0.08183632734530938 0.04079967360261118
0 0.7125748502994012 0.7900856793145655 0.0998003992015968 0.030599755201958383
0 0.5838323353293413 0.7431660546715626 0.08982035928143713 0.03875968992248062
0 0.5718562874251497 0.7935536515707874 0.08183632734530938 0.04079967360261118
0 0.5588822355289421 0.8472052223582212 0.13972055888223553 0.03549571603427173
0 0.7135728542914171 0.8929008567931457 0.08183632734530938 0.03549571603427173
0 0.5459081836327345 0.8922888616891065 0.08183632734530938 0.02692778457772338
