0 0.41627021883920073 0.0438269836723002 0.08468125594671741 0.040676024061873386
0 0.3011417697431018 0.07103981667144085 0.0675547098001903 0.03723861357777141
0 0.30685061845861084 0.03365797765683185 0.07897240723120837 0.023775422515038672
0 0.21027592768791628 0.08450300773417359 0.08943862987630828 0.03723861357777141
0 0.5118934348239772 0.10827843024921226 0.09514747859181731 0.040676024061873386
0 0.5180780209324453 0.05471211687195646 0.08468125594671741 0.04583213978802635
0 0.6251189343482397 0.05814952735605844 0.09514747859181731 0.035519908335720426
0 0.6137012369172217 0.11257519335433973 0.09514747859181731 0.04239472930392438
0 0.4048525214081827 0.07777141220280721 0.07326355851569934 0.023775422515038672
0 0.4219790675547098 0.10570037238613578 0.07326355851569934 0.028645087367516472
0 0.4191246431969553 0.12961902033801204 0.056137012369172214 0.02205671727298768
0 0.5941960038058991 0.2053852764250931 0.07897240723120837 0.033801203093669435
0 0.6874405328258801 0.2036665711830421 0.08468125594671741 0.040676024061873386
0 0.5837297811607992 0.24004583213978803 0.07897240723120837 0.0389573188198224
0 0.6341579448144624 0.5548553423087941 0.056137012369172214 0.03208249785161845
0 0.6084681255946718 0.4245201947865941 0.07326355851569934 0.033801203093669435
0 0.5294957183634633 0.4245201947865941 0.06184586108468126 0.026926382125465484
0 0.5608943862987631 0.59123460326554 0.07326355851569934 0.033801203093669435
0 0.6455756422454805 0.594672013749642 0.0675547098001903 0.033801203093669435
0 0.5409134157944815 0.6456602692638213 0.07326355851569934 0.033801203093669435
0 0.5404376784015223 0.7052420509882555 0.09514747859181731 0.03723861357777141
0 0.5723120837297812 0.7716986536808937 0.07897240723120837 0.03036379260956746
0 0.5941960038058991 0.8072185620166141 0.07897240723120837 0.033801203093669435
0 0.5884871550903901 0.8481810369521627 0.0675547098001903 0.03723861357777141
0 0.659847764034253 0.8438842738470352 0.07326355851569934 0.03208249785161845
0 0.6655566127497621 0.8805499856774563 0.07326355851569934 0.03036379260956746
0 0.6170313986679353 0.9143511887711258 0.0675547098001903 0.033801203093669435
0 0.6170313986679353 0.941707247207104 0.07897240723120837 0.023775422515038672
0 0.7074215033301617 0.9375537095388141 0.056137012369172214 0.035519908335720426
0 0.6113225499524263 0.6668576339157835 0.056137012369172214 0.03208249785161845
0 0.5180780209324453 0.20022916069894015 0.08468125594671741 0.026926382125465484
0 0.5580399619410086 0.5557146949298195 0.07897240723120837 0.033801203093669435
0 0.5266412940057088 0.4935548553423088 0.07897240723120837 0.03208249785161845
