0 0.6644518272425249 0.43490304709141275 0.1461794019933555 0.12742382271468145
0 0.686046511627907 0.31163434903047094 0.1362126245847176 0.09695290858725762
0 0.4750830564784053 0.6080332409972299 0.11295681063122924 0.18005540166204986
0 0.26744186046511625 0.5983379501385041 0.09634551495016612 0.060941828254847646
0 0.6295681063122923 0.8490304709141274 0.06976744186046512 0.09141274238227147
0 0.7192691029900332 0.7257617728531855 0.07641196013289037 0.14958448753462603
0 0.6993355481727574 0.5692520775623269 0.07641196013289037 0.13019390581717452
0 0.6013289036544851 0.592797783933518 0.11295681063122924 0.16066481994459833
0 0.4900332225913621 0.3975069252077562 0.19601328903654486 0.1523545706371191
0 0.4983388704318937 0.45706371191135736 0.08637873754152824 0.10526315789473684
