0 0.679646017699115 0.6480865224625624 0.05663716814159292 0.10149750415973377
0 0.7460176991150442 0.7420965058236273 0.061946902654867256 0.03993344425956739
0 0.5787610619469027 0.6447587354409318 0.06017699115044248 0.11148086522462562
0 0.4911504424778761 0.6347753743760399 0.0584070796460177 0.10149750415973377
0 0.48761061946902656 0.7462562396006656 0.07256637168141593 0.09816971713810316
0 0.39823008849557523 0.6364392678868552 0.06371681415929203 0.09484193011647254
0 0.3008849557522124 0.6464226289517471 0.07079646017699115 0.1048252911813644
0 0.18672566371681415 0.6672212978369384 0.10088495575221239 0.08652246256239601
0 0.8362831858407079 0.5831946755407654 0.04070796460176991 0.03494176372712146
0 0.736283185840708 0.35108153078202997 0.07787610619469026 0.03993344425956739
