0 0.548 0.1896551724137931 0.0752 0.033631332481907195
0 0.5256 0.23392933163048105 0.0688 0.033631332481907195
0 0.4712 0.2109408258833546 0.088 0.05236270753512133
0 0.3208 0.16836951894423158 0.0816 0.038739889314601955
0 0.3368 0.10451255853554704 0.0752 0.04725415070242656
0 0.6216 0.11047254150702426 0.1328 0.04555129842486164
0 0.5864 0.14708386547467006 0.088 0.03022562792677735
0 0.5224 0.10876968922945934 0.1008 0.038739889314601955
0 0.6344 0.06023839931885909 0.056 0.033631332481907195
0 0.5256 0.06279267773520647 0.1072 0.0421455938697318
0 0.3496 0.05512984248616432 0.088 0.037037037037037035
0 0.292 0.26883780332056195 0.0752 0.038739889314601955
0 0.348 0.2109408258833546 0.088 0.0421455938697318
0 0.4776 0.267134951042997 0.0496 0.038739889314601955
0 0.372 0.26883780332056195 0.0944 0.038739889314601955
0 0.4904 0.31226053639846746 0.088 0.037037037037037035
0 0.3848 0.3131119625372499 0.1072 0.038739889314601955
0 0.3016 0.311409110259685 0.0816 0.035334184759472115
0 0.308 0.34802043422733075 0.056 0.02681992337164751
0 0.2312 0.37143465304384843 0.0944 0.02681992337164751
0 0.6728 0.39101745423584505 0.0816 0.035334184759472115
0 0.4904 0.35312899106002554 0.088 0.02681992337164751
0 0.5928 0.3876117496807152 0.0624 0.038739889314601955
0 0.5 0.38590889740315026 0.0944 0.035334184759472115
0 0.3528 0.38080034057045553 0.0816 0.035334184759472115
0 0.42 0.4165602383993189 0.1008 0.04555129842486164
0 0.4104 0.3782460621541081 0.0432 0.020008514261387826
0 0.516 0.41911451681566625 0.0752 0.03022562792677735
0 0.5992 0.43103448275862066 0.088 0.037037037037037035
0 0.6792 0.4276287782034908 0.0688 0.033631332481907195
0 0.5784 0.47445721583652617 0.0752 0.02852277564921243
0 0.6088 0.5127713920817369 0.0944 0.03022562792677735
0 0.3848 0.45998297147722433 0.0688 0.033631332481907195
0 0.484 0.46849723286504896 0.088 0.04044274159216688
0 0.5192 0.5366113239676458 0.0688 0.033631332481907195
0 0.6184 0.5570455512984248 0.0624 0.037037037037037035
0 0.7368 0.6813537675606641 0.12 0.05406555981268625
0 0.5544 0.7247765006385696 0.088 0.038739889314601955
0 0.66 0.7575564069816944 0.056 0.037037037037037035
0 0.6408 0.7239250744997872 0.0944 0.033631332481907195
0 0.6408 0.6839080459770115 0.1072 0.0421455938697318
0 0.5384 0.6873137505321414 0.0944 0.038739889314601955
0 0.4456 0.5723712217965091 0.088 0.02681992337164751
0 0.5256 0.5987654320987654 0.0944 0.031928480204342274
0 0.6184 0.5936568752660707 0.1008 0.031928480204342274
0 0.5032 0.5042571306939123 0.0624 0.023414218816517667
0 0.4456 0.6166453810131971 0.0624 0.016602809706257982
0 0.5352 0.7958705832269051 0.088 0.031928480204342274
0 0.5704 0.7618135376756067 0.0432 0.02852277564921243
0 0.612 0.7899106002554278 0.0496 0.033631332481907195
0 0.5704 0.8265219242230737 0.0944 0.031928480204342274
0 0.7944 0.8418475947211579 0.0944 0.018305661983822902
0 0.5928 0.8767560664112388 0.088 0.023414218816517667
0 0.8104 0.9474244359301831 0.1008 0.05236270753512133
0 0.852 0.9091102596849723 0.0816 0.020008514261387826
0 0.7208 0.9457215836526182 0.1008 0.035334184759472115
0 0.6184 0.9091102596849723 0.088 0.02681992337164751
0 0.772 0.8988931460195828 0.0624 0.03022562792677735
0 0.7048 0.9099616858237548 0.0944 0.038739889314601955
0 0.628 0.6226053639846744 0.0816 0.021711366538952746
0 0.644 0.9423158790974883 0.0496 0.025117071094082587
