0 0.6338842975206611 0.34511434511434513 0.0512396694214876 0.029106029106029108
0 0.6231404958677685 0.4293139293139293 0.03636363636363636 0.12681912681912683
0 0.509090909090909 0.5228690228690228 0.05619834710743802 0.11850311850311851
0 0.5363636363636364 0.35343035343035345 0.06115702479338843 0.12474012474012475
0 0.45041322314049587 0.28378378378378377 0.05785123966942149 0.10187110187110188
0 0.43636363636363634 0.46153846153846156 0.03305785123966942 0.08316008316008316
0 0.3371900826446281 0.43347193347193347 0.05619834710743802 0.13097713097713098
0 0.23471074380165288 0.3316008316008316 0.0628099173553719 0.14760914760914762
0 0.1537190082644628 0.2702702702702703 0.04628099173553719 0.07484407484407485
0 0.17768595041322313 0.44490644490644493 0.047933884297520664 0.18295218295218296
0 0.2462809917355372 0.47713097713097713 0.04297520661157025 0.09355509355509356
