0 0.5077720207253886 0.55727193238123 0.05181347150259067 0.013407169921305742
0 0.8660251665433013 0.20533372194695423 0.05181347150259067 0.0440104925677645
0 0.5484826054774241 0.2561935295832119 0.047372316802368614 0.016904692509472456
0 0.5655070318282753 0.32701836199358786 0.047372316802368614 0.018653453803555816
0 0.6691339748334567 0.44841154182454096 0.047372316802368614 0.023608277470125328
0 0.40192450037009625 0.5565432818420286 0.047372316802368614 0.025357038764208684
0 0.7320503330866025 0.40935587292334596 0.04293116210214656 0.023608277470125328
0 0.29163582531458176 0.5597493442145147 0.05181347150259067 0.025357038764208684
0 0.3290155440414508 0.3080734479743515 0.05551443375277572 0.032060623724861556
0 0.3390081421169504 0.27091227047508015 0.04293116210214656 0.0288545613523754
0 0.49407846039970393 0.16525794229087729 0.05995558845299778 0.03555814631302827
0 0.41043671354552186 0.13480034975225882 0.07327905255366396 0.049256776450014576
0 0.45780903034789044 0.07927717866511222 0.07327905255366396 0.05421160011658409
0 0.5458919319022946 0.11847857767414748 0.05995558845299778 0.0440104925677645
0 0.6458179126572909 0.07767414747886914 0.0688378978534419 0.0440104925677645
0 0.6669133974833457 0.14573010784027982 0.04293116210214656 0.03730690760711163
0 0.725018504811251 0.1311570970562518 0.05551443375277572 0.032060623724861556
0 0.6236121391561806 0.1702127659574468 0.05995558845299778 0.032060623724861556
0 0.691339748334567 0.17895657242786359 0.047372316802368614 0.0151559312153891
0 0.5655070318282753 0.1601573885164675 0.047372316802368614 0.02185951617604197
0 0.6021465581051073 0.112503643252696 0.05995558845299778 0.03555814631302827
0 0.6498889711324944 0.1068201690469251 0.04293116210214656 0.030603322646458757
0 0.5851221317542561 0.07111629262605654 0.0688378978534419 0.040804430195278345
0 0.4515173945225759 0.2588166715243369 0.05181347150259067 0.03555814631302827
0 0.45003700962250187 0.2904401049256776 0.047372316802368614 0.030603322646458757
0 0.39378238341968913 0.32512387059166425 0.047372316802368614 0.025357038764208684
0 0.25684678016284235 0.629699795977849 0.034048852701702444 0.025357038764208684
0 0.3478904515173945 0.6262022733896823 0.04293116210214656 0.0288545613523754
0 0.29829755736491487 0.7180122413290586 0.047372316802368614 0.025357038764208684
0 0.21132494448556624 0.7130574176624891 0.05551443375277572 0.025357038764208684
0 0.22057735011102886 0.7706208102593995 0.047372316802368614 0.032060623724861556
0 0.2701702442635085 0.7751384436024482 0.04293116210214656 0.027105800058292044
0 0.21576609918578832 0.8039930049548236 0.05551443375277572 0.030603322646458757
0 0.2612879348630644 0.8071990673273098 0.05181347150259067 0.023608277470125328
0 0.30199851961509994 0.6949868842902944 0.0384900074019245 0.023608277470125328
0 0.2890451517394523 0.6492276304284466 0.05551443375277572 0.027105800058292044
0 0.22427831236121393 0.6856601573885165 0.047372316802368614 0.025357038764208684
0 0.24093264248704663 0.8414456426697756 0.025906735751295335 0.020402215097639172
0 0.19837157660991858 0.8412999125619353 0.0384900074019245 0.030603322646458757
0 0.17468541820873426 0.8771495190906441 0.05181347150259067 0.027105800058292044
0 0.12509252405625462 0.9287379772661032 0.0384900074019245 0.02185951617604197
0 0.22131754256106587 0.9144564266977557 0.047372316802368614 0.023608277470125328
0 0.16432272390821615 0.908335762168464 0.047372316802368614 0.02185951617604197
0 0.27757216876387864 0.5827747012532789 0.047372316802368614 0.023608277470125328
0 0.3456698741672835 0.5530457592538619 0.047372316802368614 0.025357038764208684
0 0.3356772760917839 0.5804430195278345 0.05995558845299778 0.0288545613523754
0 0.3837897853441895 0.5827747012532789 0.05551443375277572 0.027105800058292044
