0 0.30515463917525776 0.1450653983353151 0.11134020618556702 0.1403091557669441
0 0.25463917525773194 0.31272294887039237 0.09278350515463918 0.13555291319857313
0 0.22474226804123712 0.48573127229488705 0.12783505154639174 0.1700356718192628
0 0.33608247422680415 0.6961950059453033 0.0865979381443299 0.10107015457788347
0 0.4381443298969072 0.6801426872770512 0.06391752577319587 0.0713436385255648
0 0.47835051546391755 0.7901307966706302 0.11134020618556702 0.07728894173602854
0 0.6195876288659794 0.6985731272294887 0.11752577319587629 0.11533888228299644
0 0.734020618556701 0.7015457788347206 0.07835051546391752 0.10463733650416171
0 0.7422680412371134 0.8210463733650416 0.11958762886597939 0.10107015457788347
0 0.6185567010309279 0.8127229488703924 0.09072164948453608 0.089179548156956
