0 0.2765793528505393 0.28896882494004794 0.0847457627118644 0.17985611510791366
0 0.38751926040061635 0.302158273381295 0.0847457627118644 0.22062350119904076
0 0.3798151001540832 0.6822541966426858 0.060092449922958396 0.2422062350119904
0 0.26733436055469956 0.5731414868105515 0.0662557781201849 0.23980815347721823
0 0.17103235747303544 0.63189448441247 0.05546995377503852 0.05995203836930456
0 0.5107858243451464 0.25539568345323743 0.07550077041602465 0.20863309352517986
0 0.5177195685670262 0.4952038369304556 0.08936825885978428 0.20863309352517986
0 0.49691833590138673 0.6858513189448441 0.03852080123266564 0.0815347721822542
0 0.6710323574730355 0.6306954436450839 0.0724191063174114 0.0671462829736211
0 0.6841294298921418 0.3932853717026379 0.07395993836671803 0.19664268585131894
0 0.5932203389830508 0.2577937649880096 0.06779661016949153 0.18944844124700239
0 0.600924499229584 0.5071942446043165 0.07395993836671803 0.2038369304556355
0 0.8120184899845917 0.6774580335731415 0.03389830508474576 0.15587529976019185
