0 0.21678321678321677 0.4478584729981378 0.10722610722610723 0.13594040968342644
0 0.2400932400932401 0.6024208566108007 0.0979020979020979 0.13221601489757914
0 0.3578088578088578 0.48044692737430167 0.11888111888111888 0.24581005586592178
0 0.4836829836829837 0.44692737430167595 0.09557109557109557 0.14152700186219738
0 0.4731934731934732 0.5567970204841713 0.07459207459207459 0.09683426443202979
0 0.6013986013986014 0.5884543761638734 0.08391608391608392 0.1452513966480447
0 0.5046620046620046 0.7001862197392924 0.11421911421911422 0.14152700186219738
0 0.372960372960373 0.6992551210428305 0.11655011655011654 0.13966480446927373
0 0.2564102564102564 0.7355679702048417 0.046620046620046623 0.07076350093109869
0 0.2925407925407925 0.87243947858473 0.12354312354312354 0.13594040968342644
0 0.4393939393939394 0.861266294227188 0.08158508158508158 0.11731843575418995
