0 0.3736654804270463 0.1806282722513089 0.12099644128113879 0.12041884816753927
0 0.5106761565836299 0.17801047120418848 0.1387900355871886 0.09075043630017451
0 0.5177935943060499 0.2905759162303665 0.1103202846975089 0.09947643979057591
0 0.35231316725978645 0.36038394415357766 0.07829181494661921 0.10296684118673648
0 0.47686832740213525 0.4083769633507853 0.12811387900355872 0.09075043630017451
0 0.7384341637010676 0.5235602094240838 0.1103202846975089 0.06631762652705062
0 0.5498220640569395 0.5305410122164049 0.16725978647686832 0.13612565445026178
0 0.36476868327402134 0.5270506108202443 0.1601423487544484 0.1431064572425829
0 0.3914590747330961 0.6928446771378709 0.16370106761565836 0.11169284467713787
0 0.5427046263345195 0.6963350785340314 0.12455516014234876 0.13263525305410123
0 0.7153024911032029 0.6151832460732984 0.1494661921708185 0.1273996509598604
0 0.5177935943060499 0.8551483420593369 0.1387900355871886 0.11169284467713787
0 0.33807829181494664 0.8472949389179756 0.08540925266903915 0.0924956369982548
