0 0.7181303116147308 0.42287917737789205 0.1274787535410765 0.2133676092544987
0 0.7407932011331445 0.6478149100257069 0.11614730878186968 0.16966580976863754
0 0.7379603399433428 0.8071979434447301 0.059490084985835696 0.09768637532133675
0 0.603399433427762 0.6426735218508998 0.12464589235127478 0.17994858611825193
0 0.6104815864022662 0.8110539845758354 0.14447592067988668 0.09511568123393316
0 0.5779036827195467 0.4267352185089974 0.11331444759206799 0.17480719794344474
0 0.4447592067988669 0.4845758354755784 0.1643059490084986 0.2802056555269923
0 0.4461756373937677 0.7442159383033419 0.11614730878186968 0.16709511568123395
0 0.32294617563739375 0.7390745501285347 0.07365439093484419 0.13624678663239073
0 0.23371104815864022 0.7172236503856041 0.09915014164305949 0.13881748071979436
