0 0.4145527369826435 0.3240418118466899 0.05473965287049399 0.0859465737514518
0 0.3464619492656876 0.29965156794425085 0.06008010680907877 0.07897793263646923
0 0.40921228304405877 0.42392566782810687 0.05740987983978638 0.08826945412311266
0 0.3104138851802403 0.4448315911730546 0.044058744993324434 0.0743321718931475
0 0.29439252336448596 0.5452961672473867 0.030707610146862484 0.06387921022067364
0 0.3531375166889186 0.5656213704994193 0.07343124165554073 0.06968641114982578
0 0.3985313751668892 0.49361207897793263 0.044058744993324434 0.05574912891986063
0 0.4259012016021362 0.5801393728222997 0.056074766355140186 0.08478513356562137
0 0.4205607476635514 0.6626016260162602 0.06408544726301736 0.07084785133565621
0 0.3090787716955941 0.7427409988385598 0.05740987983978638 0.07084785133565621
0 0.24032042723631508 0.7520325203252033 0.06408544726301736 0.08246225319396051
0 0.3965287049399199 0.7450638792102207 0.0267022696929239 0.06387921022067364
0 0.5787716955941254 0.5847851335656213 0.06008010680907877 0.09175377468060394
0 0.6495327102803738 0.591753774680604 0.06008010680907877 0.08478513356562137
0 0.7202937249666221 0.6039488966318235 0.04672897196261682 0.08130081300813008
0 0.7269692923898531 0.710801393728223 0.0520694259012016 0.09523809523809523
0 0.7336448598130841 0.7996515679442509 0.025367156208277702 0.04529616724738676
0 0.6288384512683578 0.7845528455284553 0.042723631508678236 0.08246225319396051
0 0.6455273698264352 0.6957026713124274 0.06008010680907877 0.08130081300813008
