0 0.49184149184149184 0.1967471143756558 0.08857808857808858 0.080797481636936
0 0.5303030303030303 0.3147953830010493 0.19813519813519814 0.11542497376705142
0 0.5815850815850816 0.4837355718782791 0.14685314685314685 0.08604407135362015
0 0.40792540792540793 0.6269674711437565 0.11655011655011654 0.1248688352570829
0 0.3881118881118881 0.5026232948583421 0.13752913752913754 0.09653725078698845
0 0.3578088578088578 0.38929695697796435 0.14685314685314685 0.1322140608604407
0 0.32867132867132864 0.276495278069255 0.08857808857808858 0.053515215110178385
0 0.6002331002331003 0.7686253934942288 0.14685314685314685 0.08499475341028331
0 0.4219114219114219 0.7539349422875131 0.06993006993006994 0.05771248688352571
0 0.4522144522144522 0.8268625393494229 0.07925407925407925 0.05036726128016789
