0 0.6742603550295858 0.041048310704136406 0.031360946745562134 0.025260498894853173
0 0.7346153846153847 0.557467634985791 0.04437869822485207 0.040732554467950745
0 0.7319526627218935 0.6160404167982317 0.05088757396449704 0.049257972844963686
0 0.600887573964497 0.04467950742027155 0.031360946745562134 0.03568045468898011
0 0.6393491124260355 0.04452162930217872 0.031360946745562134 0.032207136090937796
0 0.5292899408284024 0.32601831386169877 0.05384615384615385 0.040732554467950745
0 0.6505917159763314 0.3234922639722135 0.034911242603550295 0.03568045468898011
0 0.6520710059171597 0.35822544995263655 0.0378698224852071 0.040732554467950745
0 0.7224852071005917 0.37606567729712664 0.08284023668639054 0.025260498894853173
0 0.7189349112426036 0.4043258604357436 0.06982248520710059 0.03378591727186612
0 0.7304733727810651 0.44695295232080834 0.06686390532544378 0.057783391221976635
0 0.5236686390532544 0.3744868961161983 0.04142011834319527 0.04231133564887907
0 0.5911242603550296 0.4426902431323019 0.0378698224852071 0.06630880959898958
0 0.5931952662721893 0.3830123144932112 0.05384615384615385 0.049257972844963686
0 0.5180473372781065 0.41869276918219134 0.031360946745562134 0.015156299336911904
0 0.6494082840236687 0.43732238711714555 0.04437869822485207 0.049257972844963686
0 0.6535502958579882 0.39737922323965896 0.034911242603550295 0.02368171771392485
0 0.514792899408284 0.47473950110514684 0.05680473372781065 0.038838017050836754
0 0.49881656804733726 0.5232080833596463 0.05088757396449704 0.04420587306599305
0 0.5742603550295858 0.4976318282286075 0.05384615384615385 0.03031259867382381
0 0.5627218934911242 0.5437322387117146 0.05680473372781065 0.04420587306599305
0 0.6550295857988165 0.6244079570571519 0.05088757396449704 0.038838017050836754
0 0.6455621301775148 0.6575623618566466 0.05088757396449704 0.03378591727186612
0 0.6328402366863906 0.697663403852226 0.06331360946745562 0.038838017050836754
0 0.5831360946745562 0.8473318598042311 0.05384615384615385 0.03568045468898011
0 0.6041420118343195 0.7734449005367856 0.0378698224852071 0.10198926428796969
0 0.4289940828402367 0.5495737290811493 0.05088757396449704 0.038838017050836754
0 0.3650887573964497 0.5571518787496053 0.05088757396449704 0.03378591727186612
0 0.3079881656804734 0.5359962109251658 0.04437869822485207 0.03568045468898011
0 0.3668639053254438 0.6038838017050837 0.04142011834319527 0.055888853804862644
0 0.2837278106508876 0.6081465108935902 0.034911242603550295 0.020208399115882538
0 0.2997041420118343 0.5742027155036312 0.034911242603550295 0.03378591727186612
0 0.22514792899408284 0.616829807388696 0.04437869822485207 0.03378591727186612
0 0.22633136094674555 0.6422481844016419 0.05384615384615385 0.020208399115882538
0 0.2230769230769231 0.6618250710451531 0.047337278106508875 0.015156299336911904
0 0.2165680473372781 0.687401326176192 0.047337278106508875 0.032207136090937796
0 0.16272189349112426 0.6499842121881907 0.047337278106508875 0.055888853804862644
0 0.15325443786982249 0.7060309441111462 0.06035502958579882 0.049257972844963686
0 0.13757396449704143 0.7595516261446164 0.034911242603550295 0.03378591727186612
0 0.11804733727810651 0.7934954215345753 0.06686390532544378 0.03031259867382381
0 0.20591715976331362 0.7256078307546574 0.05088757396449704 0.03725923586990843
0 0.19585798816568048 0.7682349226397222 0.05680473372781065 0.0473634354278497
0 0.32366863905325444 0.7331859804231133 0.05088757396449704 0.05241553520682034
0 0.3076923076923077 0.7758130723081781 0.05088757396449704 0.025260498894853173
0 0.3014792899408284 0.8155983580675719 0.04437869822485207 0.0473634354278497
0 0.22958579881656804 0.8113356488790654 0.047337278106508875 0.038838017050836754
0 0.2644970414201183 0.7298705399431639 0.047337278106508875 0.028733817492895483
0 0.2710059171597633 0.695768866435112 0.047337278106508875 0.038838017050836754
0 0.27603550295857987 0.6501420903062836 0.04437869822485207 0.049257972844963686
0 0.33816568047337275 0.6687717082412378 0.06686390532544378 0.05936217240290496
0 0.3890532544378698 0.713766971897695 0.05384615384615385 0.03378591727186612
0 0.41035502958579884 0.6668771708241238 0.04437869822485207 0.05241553520682034
0 0.42248520710059173 0.5903062835491001 0.0378698224852071 0.038838017050836754
0 0.4289940828402367 0.6269340069466371 0.0378698224852071 0.02368171771392485
0 0.46893491124260356 0.6984527944426903 0.05384615384615385 0.03725923586990843
0 0.4846153846153846 0.6447742342911272 0.06035502958579882 0.04231133564887907
0 0.49230769230769234 0.6067256078307547 0.0378698224852071 0.03378591727186612
0 0.4940828402366864 0.562203978528576 0.047337278106508875 0.03378591727186612
0 0.5677514792899409 0.5982001894537418 0.06686390532544378 0.05083675402589201
0 0.556508875739645 0.6371960846226713 0.06331360946745562 0.020208399115882538
0 0.5532544378698225 0.6788759077991791 0.05680473372781065 0.049257972844963686
0 0.5357988165680473 0.7197663403852226 0.05384615384615385 0.04578465424692137
0 0.5260355029585799 0.7734449005367856 0.047337278106508875 0.040732554467950745
0 0.4544378698224852 0.7453425955162615 0.06982248520710059 0.04578465424692137
0 0.44467455621301777 0.7884433217556047 0.06331360946745562 0.03031259867382381
0 0.4414201183431953 0.8242816545626777 0.05680473372781065 0.03378591727186612
0 0.5195266272189349 0.8122829175876224 0.06035502958579882 0.03378591727186612
0 0.3831360946745562 0.7485001578781181 0.05384615384615385 0.038838017050836754
0 0.371301775147929 0.7876539311651405 0.04437869822485207 0.03568045468898011
0 0.35562130177514795 0.8312282917587622 0.05088757396449704 0.040732554467950745
0 0.607396449704142 0.32854436375118407 0.06331360946745562 0.04578465424692137
