0 0.5950155763239875 0.10877626699629171 0.16199376947040497 0.069221260815822
0 0.5420560747663551 0.3930778739184178 0.14953271028037382 0.09888751545117429
0 0.5654205607476636 0.5222496909765142 0.16510903426791276 0.10012360939431397
0 0.5093457943925234 0.669344870210136 0.16510903426791276 0.10754017305315204
0 0.4984423676012461 0.7978986402966626 0.205607476635514 0.0754017305315204
0 0.338006230529595 0.6742892459826947 0.1526479750778816 0.11248454882571075
0 0.35514018691588783 0.5290482076637825 0.12461059190031153 0.1557478368355995
0 0.35046728971962615 0.3788627935723115 0.102803738317757 0.08281829419035847
0 0.21651090342679127 0.26761433868974044 0.16510903426791276 0.08281829419035847
0 0.37383177570093457 0.23856613102595797 0.13707165109034267 0.10630407911001236
0 0.4127725856697819 0.1273176761433869 0.12149532710280374 0.05686032138442522
0 0.5747663551401869 0.24598269468479605 0.1526479750778816 0.1334981458590853
