0 0.534610630407911 0.26899063475546303 0.08281829419035847 0.1383975026014568
0 0.4042027194066749 0.23257023933402707 0.138442521631644 0.17377731529656607
0 0.40358467243510504 0.4177939646201873 0.13473423980222496 0.11966701352757544
0 0.24907292954264523 0.39906347554630595 0.12484548825710753 0.12382934443288242
0 0.22867737948084055 0.5535900104058272 0.103831891223733 0.15192507804370448
0 0.2181705809641533 0.7200832466181062 0.09023485784919653 0.11030176899063475
0 0.40482076637824477 0.5655567117585848 0.15203955500618047 0.11758584807492195
0 0.41409147095179233 0.6945889698231009 0.1211372064276885 0.09469302809573361
0 0.4264524103831891 0.8595213319458896 0.14585908529048208 0.16649323621227888
0 0.5506798516687268 0.48074921956295524 0.12237330037082818 0.14568158168574402
