0 0.6729559748427673 0.14944649446494465 0.14675052410901468 0.0897908979089791
0 0.5293501048218029 0.12361623616236163 0.11949685534591195 0.0971709717097171
0 0.3228511530398323 0.11562115621156212 0.13836477987421383 0.09348093480934809
0 0.1970649895178197 0.22570725707257072 0.05450733752620545 0.11685116851168512
0 0.27253668763102723 0.23308733087330874 0.05870020964360587 0.1045510455104551
0 0.20440251572327045 0.34747847478474786 0.1278825995807128 0.07257072570725707
0 0.1708595387840671 0.4446494464944649 0.06079664570230608 0.07503075030750307
0 0.5859538784067087 0.3763837638376384 0.1278825995807128 0.07626076260762607
0 0.550314465408805 0.46002460024600245 0.10272536687631027 0.08118081180811808
0 0.3553459119496855 0.4698646986469865 0.10272536687631027 0.07872078720787208
0 0.4591194968553459 0.4698646986469865 0.07966457023060797 0.07872078720787208
0 0.5115303983228512 0.5750307503075031 0.08385744234800839 0.0897908979089791
0 0.6016771488469602 0.6119311193111932 0.0880503144654088 0.11439114391143912
0 0.6865828092243187 0.6143911439114391 0.0859538784067086 0.12177121771217712
0 0.7914046121593291 0.6217712177121771 0.11530398322851153 0.10947109471094711
0 0.7348008385744235 0.7779827798277983 0.09433962264150944 0.07503075030750307
0 0.6939203354297694 0.8794587945879458 0.1090146750524109 0.0959409594095941
0 0.5587002096436059 0.8696186961869619 0.13626834381551362 0.08118081180811808
