0 0.6626016260162602 0.2329803328290469 0.15447154471544716 0.12708018154311648
0 0.46070460704607047 0.21633888048411498 0.13550135501355012 0.10287443267776097
0 0.36720867208672087 0.3940998487140696 0.08943089430894309 0.12556732223903178
0 0.47560975609756095 0.43343419062027233 0.0948509485094851 0.1800302571860817
0 0.6219512195121951 0.39107413010590014 0.16531165311653118 0.09228441754916793
0 0.6016260162601627 0.5355521936459909 0.14634146341463414 0.11497730711043873
0 0.5785907859078591 0.6641452344931922 0.15447154471544716 0.11497730711043873
0 0.4281842818428184 0.6679273827534039 0.11382113821138211 0.12254160363086233
0 0.3224932249322493 0.7851739788199698 0.08672086720867209 0.13010590015128592
0 0.5555555555555556 0.783661119515885 0.11382113821138211 0.07564296520423601
0 0.43360433604336046 0.8040847201210287 0.08130081300813008 0.1043872919818457
0 0.521680216802168 0.8910741301059002 0.14905149051490515 0.06354009077155824
