0 0.35426731078904994 0.42403746097814776 0.18035426731078905 0.09053069719042664
0 0.5764895330112721 0.5176899063475546 0.18679549114331723 0.18210197710718
0 0.5579710144927537 0.7075962539021852 0.1529790660225443 0.18938605619146723
0 0.3494363929146538 0.5832466181061394 0.19001610305958133 0.1383975026014568
0 0.31561996779388085 0.799687825182102 0.14814814814814814 0.1987513007284079
0 0.27375201288244766 0.9484911550468262 0.1964573268921095 0.07596253902185224
0 0.1570048309178744 0.5551508844953174 0.14653784219001612 0.1425598335067638
0 0.13687600644122383 0.7148803329864725 0.12560386473429952 0.14568158168574402
0 0.8333333333333334 0.6810613943808532 0.10789049919484701 0.10718002081165452
0 0.8132045088566827 0.8121748178980229 0.14814814814814814 0.10509885535900104
0 0.5491143317230274 0.8844953173777316 0.13526570048309178 0.08740894901144641
