0 0.23209169054441262 0.5269922879177378 0.14326647564469913 0.10796915167095116
0 0.38968481375358166 0.5552699228791774 0.10888252148997135 0.18508997429305912
0 0.2808022922636103 0.3856041131105398 0.11461318051575932 0.2159383033419023
0 0.40974212034383956 0.35475578406169667 0.07449856733524356 0.13881748071979436
0 0.5372492836676218 0.5051413881748072 0.08882521489971347 0.2493573264781491
0 0.660458452722063 0.5359897172236504 0.12893982808022922 0.17223650385604114
0 0.7736389684813754 0.5154241645244216 0.09742120343839542 0.2185089974293059
0 0.66189111747851 0.7506426735218509 0.10888252148997135 0.1953727506426735
0 0.7607449856733525 0.7172236503856041 0.0659025787965616 0.11825192802056556
0 0.4355300859598854 0.2403598971722365 0.10888252148997135 0.05912596401028278
