0 0.29239766081871343 0.17779056386651323 0.13255360623781676 0.07249712313003452
0 0.34210526315789475 0.12082853855005754 0.08382066276803118 0.03452243958573072
0 0.5146198830409356 0.17951668584579977 0.08576998050682261 0.03452243958573072
0 0.19200779727095516 0.4718066743383199 0.07992202729044834 0.09436133486766399
0 0.2719298245614035 0.46317606444188725 0.07992202729044834 0.1047180667433832
0 0.3557504873294347 0.44936708860759494 0.10721247563352826 0.1093210586881473
0 0.1783625730994152 0.8463751438434983 0.14230019493177387 0.0333716915995397
0 0.16374269005847952 0.25028768699654774 0.09746588693957114 0.03567318757192175
0 0.652046783625731 0.5103567318757192 0.10721247563352826 0.031070195627157654
0 0.2037037037037037 0.5535097813578826 0.11500974658869395 0.03452243958573072
