0 0.23538895606610238 0.8215058416270012 0.03385731559854897 0.04197317178710515
0 0.24163643692059653 0.8879273041973171 0.027005239822652155 0.0640415404586759
0 0.1954856912535268 0.8920380787537863 0.04353083434099154 0.0540891389009087
0 0.19588875453446192 0.8310255300735613 0.03385731559854897 0.04370402423193423
0 0.09794437726723096 0.7790999567286889 0.03385731559854897 0.033318909562959756
0 0.29343006852075776 0.749459108610991 0.04353083434099154 0.03202077022933795
0 0.3613462313583233 0.75118996105582 0.027005239822652155 0.03028991778450887
0 0.2994760177347844 0.6711380354824751 0.04191858121725111 0.05106014712245781
0 0.3974203950020153 0.7022933794893985 0.02015316404675534 0.07875378623972307
0 0.4254332930270052 0.6849848550411077 0.032648125755743655 0.07269580268282129
0 0.4818621523579202 0.7537862397230636 0.08020959290608626 0.04067503245348334
0 0.38008867392180573 0.6103418433578538 0.0475614671503426 0.07572479446127217
0 0.4212011285771866 0.6029857204673301 0.03788794840790004 0.09043704024231934
0 0.4623135832325675 0.5913024664647338 0.04353083434099154 0.06101254868022501
0 0.5024183796856106 0.5869753353526612 0.031035872632003223 0.05841627001298139
0 0.24969770253929868 0.6045002163565556 0.03506650544135429 0.04067503245348334
0 0.21966948810963322 0.6369536996971008 0.03788794840790004 0.04673301601038511
0 0.17634018540910923 0.63392470791865 0.027005239822652155 0.04067503245348334
0 0.14611043933897622 0.5724794461272177 0.027005239822652155 0.04673301601038511
0 0.17573559048770657 0.572912159238425 0.03385731559854897 0.036347901341410645
0 0.2106005642885933 0.5752920813500649 0.032648125755743655 0.05841627001298139
0 0.2456670697299476 0.5547382085677196 0.032648125755743655 0.04673301601038511
0 0.15175332527206772 0.48031155344006926 0.032648125755743655 0.049329294677628734
0 0.20556227327690446 0.46127217654694935 0.028214429665457477 0.04673301601038511
0 0.1449012494961709 0.42384249242752053 0.04070939137444579 0.0540891389009087
0 0.45264006449012495 0.4584595413241021 0.029826682789197905 0.028991778450887063
0 0.4576783555018138 0.3736477715274773 0.022974607013301087 0.028991778450887063
0 0.6080209592906086 0.3807875378623972 0.03506650544135429 0.025962786672436174
0 0.6658605401047965 0.26546949372565987 0.028214429665457477 0.07572479446127217
0 0.7047561467150343 0.23344872349632192 0.027005239822652155 0.03504976200778884
0 0.7053607416364369 0.27715274772825615 0.025796049979846837 0.028991778450887063
0 0.7333736396614269 0.2449156209433146 0.03506650544135429 0.04673301601038511
0 0.768037081821846 0.24340112505408915 0.031035872632003223 0.04370402423193423
0 0.7402257154373236 0.276070964950238 0.032648125755743655 0.021635655560363478
0 0.7577589681580008 0.3383816529640848 0.029826682789197905 0.04673301601038511
0 0.7835550181378477 0.3284292514063176 0.04353083434099154 0.055387278234530504
0 0.6821846029826683 0.37710947641713544 0.022974607013301087 0.018606663781912593
0 0.779322853688029 0.4736045002163566 0.03506650544135429 0.024664647338814367
0 0.6011688835147118 0.46733016010385114 0.027005239822652155 0.023366508005192556
0 0.6507456670697299 0.5356988316745998 0.017331721080209594 0.025962786672436174
0 0.6700927045546151 0.5389441800086543 0.022974607013301087 0.03504976200778884
0 0.8653768641676743 0.4770662051060147 0.02176541717049577 0.03764604067503245
0 0.8617492946392583 0.39528342708784076 0.02015316404675534 0.03764604067503245
0 0.9197904070939138 0.409346603202077 0.04353083434099154 0.09173517957594116
0 0.5634824667472793 0.5941151016875811 0.028214429665457477 0.049329294677628734
0 0.5642885933091495 0.6462570315880571 0.029826682789197905 0.0540891389009087
0 0.60378879484079 0.6032020770229338 0.03788794840790004 0.055387278234530504
0 0.6009673518742442 0.6518823020337516 0.03788794840790004 0.04197317178710515
0 0.638049173720274 0.6140199048031155 0.02418379685610641 0.0597144093466032
0 0.6862152357920194 0.6144526179143228 0.05280128980249899 0.07269580268282129
0 0.6535671100362757 0.6748160969277369 0.044740024183796856 0.05235828645607962
0 0.6592099959693671 0.7338814366075292 0.022974607013301087 0.05106014712245781
0 0.6930673115679161 0.7325832972739074 0.03667875856509472 0.06577239290350498
0 0.7698508665860541 0.7615750757247944 0.03788794840790004 0.036347901341410645
0 0.7535268037081821 0.646906101254868 0.027005239822652155 0.049329294677628734
0 0.7754937525191455 0.6862829943747295 0.03788794840790004 0.055387278234530504
0 0.8637646110439339 0.6306793595845954 0.02418379685610641 0.05235828645607962
0 0.8299072954453849 0.6265685850281264 0.029826682789197905 0.049329294677628734
0 0.892583635630794 0.6365209865858935 0.032648125755743655 0.04067503245348334
0 0.8954050785973398 0.5776720034617049 0.027005239822652155 0.06577239290350498
0 0.8355501813784765 0.572912159238425 0.03788794840790004 0.04500216356555604
0 0.8639661426844014 0.5768065772392903 0.032648125755743655 0.049329294677628734
0 0.8061265618702136 0.8517957594115102 0.03385731559854897 0.04370402423193423
0 0.8012898024989923 0.9065339679792298 0.02418379685610641 0.04500216356555604
0 0.8383716243450222 0.8559065339679792 0.02176541717049577 0.023366508005192556
0 0.8436114469971786 0.902855906533968 0.04353083434099154 0.05235828645607962
