0 0.5027450980392156 0.11134934248141795 0.04392156862745098 0.03630646083476272
0 0.49686274509803924 0.16023441966838192 0.04 0.040880503144654086
0 0.49470588235294116 0.19611206403659234 0.02784313725490196 0.016009148084619784
0 0.4988235294117647 0.22827329902801602 0.03607843137254902 0.03344768439108062
0 0.45098039215686275 0.11706689536878216 0.03607843137254902 0.03344768439108062
0 0.4527450980392157 0.16323613493424813 0.03176470588235294 0.03487707261292167
0 0.4556862745098039 0.20783304745568895 0.02980392156862745 0.03945111492281304
0 0.4115686274509804 0.13107489994282448 0.03803921568627451 0.06432246998284734
0 0.4068627450980392 0.2035448827901658 0.02 0.016009148084619784
0 0.40980392156862744 0.2281303602058319 0.02588235294117647 0.02172670097198399
