0 0.35201793721973096 0.25947712418300656 0.09118086696562033 0.10065359477124183
0 0.25485799701046336 0.3130718954248366 0.10014947683109118 0.06928104575163399
0 0.12257100149476831 0.703921568627451 0.08968609865470852 0.11372549019607843
0 0.10538116591928251 0.8019607843137255 0.07922272047832586 0.040522875816993466
0 0.40881913303437967 0.6594771241830065 0.0343796711509716 0.05620915032679739
0 0.4551569506726457 0.6660130718954248 0.04633781763826607 0.0718954248366013
0 0.5119581464872944 0.657516339869281 0.06726457399103139 0.0784313725490196
0 0.3789237668161435 0.41830065359477125 0.07922272047832586 0.03398692810457516
0 0.4970104633781764 0.3803921568627451 0.10014947683109118 0.0915032679738562
0 0.40881913303437967 0.7300653594771241 0.07324364723467862 0.02483660130718954
