0 0.38445807770961143 0.8326359832635983 0.11451942740286299 0.1087866108786611
0 0.2770961145194274 0.7140864714086471 0.10429447852760736 0.14504881450488144
0 0.11451942740286299 0.694560669456067 0.12269938650306748 0.15341701534170155
0 0.24539877300613497 0.5906555090655509 0.11042944785276074 0.0794979079497908
0 0.3619631901840491 0.6589958158995816 0.08588957055214724 0.23570432357043236
0 0.40899795501022496 0.37517433751743373 0.14314928425357873 0.13389121338912133
0 0.43558282208588955 0.13737796373779637 0.16359918200409 0.05718270571827057
0 0.4611451942740286 0.2384937238493724 0.12883435582822086 0.10599721059972106
0 0.5296523517382413 0.45397489539748953 0.07770961145194274 0.15202231520223153
0 0.621676891615542 0.40446304044630405 0.08588957055214724 0.12273361227336123
0 0.7719836400817995 0.4839609483960948 0.08384458077709611 0.10320781032078104
0 0.8773006134969326 0.5271966527196653 0.08588957055214724 0.14504881450488144
0 0.6584867075664622 0.5523012552301255 0.07770961145194274 0.13668061366806136
0 0.5541922290388548 0.6331938633193863 0.12678936605316973 0.13110181311018132
0 0.5766871165644172 0.7845188284518828 0.12269938650306748 0.16317991631799164
0 0.5419222903885481 0.902370990237099 0.12269938650306748 0.07531380753138076
