0 0.3264705882352941 0.30792861322410764 0.03490196078431373 0.026038619075482737
0 0.36176470588235293 0.30500292568753656 0.019215686274509803 0.02018724400234055
0 0.3862745098039216 0.3042715038033938 0.017254901960784313 0.024575775307197192
0 0.4088235294117647 0.3042715038033938 0.027058823529411764 0.021650087770626096
0 0.3558823529411765 0.3591281451141018 0.023137254901960783 0.017261556465769455
0 0.3813725490196078 0.3569338794616735 0.019215686274509803 0.021650087770626096
0 0.4068627450980392 0.34742539496781744 0.019215686274509803 0.023112931538911644
0 0.4588235294117647 0.31377998829724985 0.009411764705882352 0.014335868929198362
0 0.47843137254901963 0.30719719133996487 0.013333333333333334 0.01579871269748391
0 0.4980392156862745 0.31085430076067877 0.021176470588235293 0.026038619075482737
0 0.4696078431372549 0.3401111761263897 0.030980392156862744 0.011410181392627268
0 0.46176470588235297 0.3591281451141018 0.015294117647058824 0.011410181392627268
0 0.48137254901960785 0.3569338794616735 0.007450980392156863 0.012873025160912814
0 0.4950980392156863 0.35766530134581626 0.011372549019607842 0.03188999414862493
0 0.6427450980392156 0.2581919251023991 0.013333333333333334 0.03188999414862493
0 0.6231372549019608 0.2545348156816852 0.021176470588235293 0.01579871269748391
0 0.6613725490196078 0.26989467524868344 0.015294117647058824 0.014335868929198362
0 0.5284313725490196 0.2852545348156817 0.019215686274509803 0.033352837916910474
0 0.5319607843137255 0.2786717378583967 0.007450980392156863 0.005558806319485079
0 0.5476470588235294 0.27794031597425395 0.023137254901960783 0.027501462843768285
0 0.5750980392156863 0.27355178466939734 0.007450980392156863 0.01579871269748391
0 0.5829411764705882 0.3042715038033938 0.023137254901960783 0.00994733762434172
0 0.6123529411764705 0.3042715038033938 0.019215686274509803 0.00994733762434172
0 0.5319607843137255 0.3254827384435342 0.015294117647058824 0.026038619075482737
0 0.5554901960784314 0.3269455822118198 0.030980392156862744 0.023112931538911644
0 0.6152941176470588 0.32401989467524867 0.021176470588235293 0.017261556465769455
0 0.6349019607843137 0.3181685196021065 0.03294117647058824 0.017261556465769455
0 0.6966666666666667 0.2845231129315389 0.015294117647058824 0.026038619075482737
0 0.7005882352941176 0.1879754242246928 0.023137254901960783 0.03188999414862493
0 0.6623529411764706 0.193826799297835 0.025098039215686273 0.03188999414862493
0 0.7319607843137255 0.16383850204798128 0.023137254901960783 0.024575775307197192
0 0.7613725490196078 0.1689584552369807 0.027058823529411764 0.04066705675833821
0 0.7378431372549019 0.20552954944411936 0.027058823529411764 0.026038619075482737
0 0.745686274509804 0.2318607372732592 0.027058823529411764 0.026038619075482737
0 0.7662745098039215 0.20333528379169105 0.021176470588235293 0.030427150380339378
0 0.7701960784313725 0.23698069046225864 0.013333333333333334 0.018724400234055003
0 0.78 0.2596547688706846 0.0407843137254902 0.017261556465769455
0 0.7927450980392157 0.28598595669982446 0.027058823529411764 0.023112931538911644
0 0.7133333333333334 0.280866003510825 0.029019607843137254 0.021650087770626096
0 0.7427450980392157 0.29256875365710944 0.025098039215686273 0.021650087770626096
0 0.7721568627450981 0.2911059098888239 0.025098039215686273 0.018724400234055003
0 0.6966666666666667 0.3123171445289643 0.015294117647058824 0.017261556465769455
0 0.7172549019607843 0.30939145699239323 0.021176470588235293 0.023112931538911644
0 0.7378431372549019 0.310122878876536 0.019215686274509803 0.021650087770626096
0 0.8005882352941176 0.3130485664131071 0.015294117647058824 0.027501462843768285
0 0.8074509803921569 0.29476301930953774 0.017254901960784313 0.03481568168519602
0 0.8496078431372549 0.30866003510825046 0.023137254901960783 0.027501462843768285
0 0.8241176470588235 0.3188999414862493 0.019215686274509803 0.030427150380339378
0 0.8819607843137255 0.3152428320655354 0.025098039215686273 0.03481568168519602
0 0.8966666666666666 0.348888238736103 0.023137254901960783 0.03188999414862493
0 0.5280392156862745 0.37229373902867174 0.015294117647058824 0.02018724400234055
0 0.5205882352941177 0.39131070801638385 0.023137254901960783 0.011410181392627268
0 0.5407843137254902 0.381070801638385 0.017254901960784313 0.026038619075482737
0 0.5558823529411765 0.38033937975424226 0.027058823529411764 0.00994733762434172
0 0.5868627450980393 0.3861907548273844 0.015294117647058824 0.021650087770626096
0 0.6152941176470588 0.37229373902867174 0.021176470588235293 0.03188999414862493
0 0.6280392156862745 0.3752194265652428 0.027058823529411764 0.026038619075482737
0 0.6505882352941177 0.3774136922176711 0.017254901960784313 0.01579871269748391
0 0.8986274509803922 0.44397308367466354 0.05058823529411765 0.03481568168519602
0 0.2823529411764706 0.24429490930368636 0.029019607843137254 0.027501462843768285
0 0.26176470588235295 0.23332358104154477 0.023137254901960783 0.023112931538911644
0 0.257843137254902 0.2077238150965477 0.015294117647058824 0.01579871269748391
0 0.28627450980392155 0.2077238150965477 0.025098039215686273 0.018724400234055003
0 0.2696078431372549 0.18943826799297836 0.023137254901960783 0.028964306612053833
0 0.28921568627450983 0.18358689291983615 0.015294117647058824 0.028964306612053833
0 0.35294117647058826 0.18724400234055003 0.029019607843137254 0.024575775307197192
0 0.31666666666666665 0.1689584552369807 0.023137254901960783 0.04066705675833821
0 0.3637254901960784 0.248683440608543 0.023137254901960783 0.018724400234055003
0 0.4166666666666667 0.1791983616149795 0.027058823529411764 0.03188999414862493
0 0.3813725490196078 0.17773551784669397 0.03490196078431373 0.023112931538911644
0 0.2774509803921569 0.1521357519016969 0.023137254901960783 0.03627852545348157
0 0.5264705882352941 0.426418958455237 0.023137254901960783 0.03481568168519602
0 0.5358823529411765 0.46884142773551785 0.023137254901960783 0.03481568168519602
0 0.5476470588235294 0.4234932709186659 0.015294117647058824 0.017261556465769455
0 0.5633333333333334 0.4468987712112346 0.015294117647058824 0.017261556465769455
0 0.5401960784313725 0.4403159742539497 0.011372549019607842 0.00994733762434172
0 0.5750980392156863 0.44104739613809246 0.023137254901960783 0.023112931538911644
0 0.6113725490196078 0.44397308367466354 0.029019607843137254 0.03481568168519602
0 0.5672549019607843 0.465184318314804 0.03882352941176471 0.018724400234055003
0 0.3784313725490196 0.40740198946752487 0.029019607843137254 0.026038619075482737
0 0.41274509803921566 0.4088648332358104 0.023137254901960783 0.023112931538911644
0 0.15196078431372548 0.5054125219426565 0.023137254901960783 0.028964306612053833
0 0.11372549019607843 0.5127267407840843 0.03686274509803922 0.026038619075482737
0 0.11666666666666667 0.5351082504388531 0.030980392156862744 0.027501462843768285
0 0.12058823529411765 0.5643651258045641 0.023137254901960783 0.027501462843768285
0 0.1480392156862745 0.5266237565827969 0.030980392156862744 0.021650087770626096
0 0.14215686274509803 0.561439438267993 0.027058823529411764 0.024575775307197192
0 0.19215686274509805 0.5438853130485665 0.025098039215686273 0.024575775307197192
0 0.23039215686274508 0.536132241076653 0.023137254901960783 0.037741369221767115
0 0.31862745098039214 0.5083382094792276 0.011372549019607842 0.023112931538911644
0 0.3284313725490196 0.541691047396138 0.015294117647058824 0.037741369221767115
0 0.28921568627450983 0.5438853130485665 0.030980392156862744 0.024575775307197192
0 0.32450980392156864 0.5826506729081334 0.023137254901960783 0.037741369221767115
0 0.2 0.5972791105909889 0.025098039215686273 0.03188999414862493
0 0.22058823529411764 0.5899648917495611 0.015294117647058824 0.011410181392627268
0 0.23431372549019608 0.6053247513165594 0.015294117647058824 0.01579871269748391
0 0.22745098039215686 0.6426272674078408 0.03294117647058824 0.023112931538911644
0 0.22745098039215686 0.6704212990052663 0.029019607843137254 0.026038619075482737
0 0.23431372549019608 0.7062609713282622 0.03882352941176471 0.018724400234055003
0 0.23529411764705882 0.7333235810415447 0.03294117647058824 0.017261556465769455
0 0.246078431372549 0.7494148624926857 0.023137254901960783 0.008484493856056173
0 0.2284313725490196 0.7655061439438268 0.03490196078431373 0.028964306612053833
0 0.27058823529411763 0.7530719719133997 0.005490196078431373 0.030427150380339378
0 0.2931372549019608 0.7450263311878291 0.015294117647058824 0.028964306612053833
0 0.3254901960784314 0.7399063779988297 0.025098039215686273 0.042129900526623756
0 0.3558823529411765 0.7450263311878291 0.023137254901960783 0.04066705675833821
0 0.37549019607843137 0.7479520187244002 0.015294117647058824 0.0465184318314804
0 0.39019607843137255 0.7457577530719719 0.009411764705882352 0.053832650672908135
0 0.2774509803921569 0.6411644236395553 0.023137254901960783 0.02018724400234055
0 0.3107843137254902 0.6879754242246928 0.027058823529411764 0.026038619075482737
0 0.27058823529411763 0.5987419543592745 0.025098039215686273 0.017261556465769455
0 0.29705882352941176 0.6909011117612639 0.030980392156862744 0.02018724400234055
0 0.4872549019607843 0.5702165008777063 0.027058823529411764 0.027501462843768285
0 0.4666666666666667 0.5753364540667056 0.03686274509803922 0.028964306612053833
0 0.5947058823529412 0.7508777062609713 0.030980392156862744 0.028964306612053833
0 0.6270588235294118 0.755266237565828 0.03294117647058824 0.037741369221767115
0 0.5284313725490196 0.5958162668227034 0.023137254901960783 0.023112931538911644
0 0.5594117647058824 0.609713282621416 0.023137254901960783 0.021650087770626096
0 0.6064705882352941 0.6045933294324166 0.05450980392156863 0.028964306612053833
0 0.6358823529411765 0.60020479812756 0.027058823529411764 0.026038619075482737
0 0.6888235294117647 0.60020479812756 0.030980392156862744 0.03188999414862493
0 0.25098039215686274 0.7954944411936805 0.029019607843137254 0.021650087770626096
0 0.27941176470588236 0.8188999414862492 0.019215686274509803 0.00994733762434172
0 0.2980392156862745 0.8123171445289643 0.029019607843137254 0.011410181392627268
0 0.2852941176470588 0.8371854885898186 0.023137254901960783 0.014335868929198362
0 0.3058823529411765 0.8371854885898186 0.017254901960784313 0.02018724400234055
0 0.3176470588235294 0.8247513165593915 0.025098039215686273 0.021650087770626096
0 0.5107843137254902 0.8401111761263897 0.027058823529411764 0.026038619075482737
0 0.5476470588235294 0.8474253949678174 0.030980392156862744 0.023112931538911644
0 0.6662745098039216 0.8284084259801053 0.029019607843137254 0.03188999414862493
0 0.7015686274509804 0.8408425980105325 0.021176470588235293 0.030427150380339378
0 0.6750980392156862 0.8657109420713868 0.04274509803921569 0.033352837916910474
0 0.6545098039215687 0.903744880046811 0.0407843137254902 0.030427150380339378
0 0.5137254901960784 0.9271503803393798 0.017254901960784313 0.018724400234055003
0 0.4774509803921569 0.878145114101814 0.019215686274509803 0.026038619075482737
0 0.5068627450980392 0.8927735517846694 0.027058823529411764 0.026038619075482737
0 0.4745098039215686 0.9212990052662375 0.025098039215686273 0.01579871269748391
0 0.4519607843137255 0.8898478642480983 0.023137254901960783 0.014335868929198362
0 0.3872549019607843 0.8935049736688122 0.03882352941176471 0.018724400234055003
0 0.4323529411764706 0.9256875365710943 0.04274509803921569 0.024575775307197192
