0 0.43509272467902993 0.10384959713518353 0.10841654778887304 0.09131602506714413
0 0.4543509272467903 0.25246195165622204 0.07560627674750357 0.02864816472694718
0 0.26176890156918686 0.4632945389435989 0.06419400855920114 0.04028648164726947
0 0.48787446504992865 0.4395702775290958 0.06847360912981455 0.07520143240823635
0 0.5456490727532097 0.43733213965980305 0.05563480741797432 0.07967770814682185
0 0.609129814550642 0.41539838854073413 0.05991440798858773 0.08415398388540735
0 0.5934379457917262 0.6181736794986571 0.05706134094151213 0.05819158460161146
0 0.6362339514978602 0.6253357206803939 0.04850213980028531 0.07251566696508505
0 0.7018544935805991 0.6248880931065354 0.05991440798858773 0.06803939122649955
0 0.36590584878744653 0.8643688451208594 0.06704707560627675 0.03491495076096687
