0 0.6041257367387033 0.12119815668202764 0.13555992141453832 0.1631336405529954
0 0.7917485265225933 0.11981566820276497 0.16110019646365423 0.16589861751152074
0 0.3055009823182711 0.035944700460829496 0.18664047151277013 0.03317972350230415
0 0.4518664047151277 0.3170506912442396 0.12966601178781925 0.07557603686635944
0 0.23673870333988212 0.3576036866359447 0.1237721021611002 0.11059907834101383
0 0.137524557956778 0.28525345622119813 0.09823182711198428 0.035944700460829496
0 0.33595284872298625 0.3350230414746544 0.09037328094302555 0.10046082949308756
0 0.3988212180746562 0.419815668202765 0.09823182711198428 0.07096774193548387
0 0.2455795677799607 0.43870967741935485 0.14145383104125736 0.060829493087557605
0 0.14341846758349705 0.5894009216589862 0.07465618860510806 0.0912442396313364
0 0.3094302554027505 0.6101382488479262 0.17092337917485265 0.07741935483870968
0 0.32023575638506874 0.7691244239631336 0.14145383104125736 0.13732718894009216
0 0.17485265225933203 0.7129032258064516 0.09823182711198428 0.059907834101382486
0 0.17485265225933203 0.8050691244239632 0.09823182711198428 0.05806451612903226
0 0.5432220039292731 0.7626728110599078 0.060903732809430254 0.0728110599078341
0 0.630648330058939 0.7585253456221198 0.08644400785854617 0.04608294930875576
0 0.6856581532416502 0.6631336405529954 0.07465618860510806 0.05069124423963134
0 0.7917485265225933 0.6953917050691244 0.07465618860510806 0.05069124423963134
0 0.5009823182711198 0.9105990783410138 0.10216110019646366 0.04608294930875576
0 0.6964636542239686 0.9267281105990783 0.08055009823182711 0.06359447004608294
0 0.6709233791748527 0.5138248847926268 0.10412573673870335 0.09493087557603687
0 0.6552062868369352 0.41013824884792627 0.13555992141453832 0.08294930875576037
0 0.8055009823182712 0.4133640552995392 0.15717092337917485 0.10783410138248847
0 0.7917485265225933 0.5373271889400921 0.08644400785854617 0.023963133640552997
