0 0.16092943201376936 0.3977401129943503 0.05335628227194492 0.06779661016949153
0 0.20051635111876076 0.3790960451977401 0.043029259896729774 0.059887005649717516
0 0.24268502581755594 0.35988700564971754 0.04819277108433735 0.04180790960451977
0 0.46471600688468157 0.3954802259887006 0.055077452667814115 0.08135593220338982
0 0.5103270223752151 0.3954802259887006 0.03614457831325301 0.07005649717514124
0 0.5593803786574871 0.40225988700564974 0.04819277108433735 0.06779661016949153
0 0.5843373493975904 0.3384180790960452 0.1153184165232358 0.02598870056497175
0 0.1333907056798623 0.8355932203389831 0.043029259896729774 0.059887005649717516
0 0.19879518072289157 0.8355932203389831 0.08433734939759036 0.059887005649717516
0 0.4965576592082616 0.6485875706214689 0.05679862306368331 0.1016949152542373
0 0.5593803786574871 0.6491525423728813 0.04819277108433735 0.0847457627118644
