0 0.25408653846153845 0.47748707027684817 0.03221153846153846 0.020383328262853665
0 0.25600961538461536 0.5104958929114695 0.027403846153846154 0.03346516580468512
0 0.2170673076923077 0.50821417706115 0.03221153846153846 0.034986309704898085
0 0.21899038461538461 0.47398843930635837 0.027403846153846154 0.021904472163066627
0 0.19110576923076922 0.49011256464861574 0.03221153846153846 0.03650745360511105
0 0.3079326923076923 0.4665348341953149 0.020673076923076922 0.027684818983875873
0 0.3451923076923077 0.4651658046851232 0.03461538461538462 0.030422878004259205
0 0.34951923076923075 0.5080620626711286 0.025 0.023121387283236993
0 0.3528846153846154 0.5638880438089443 0.023076923076923078 0.017341040462427744
0 0.3346153846153846 0.5643443869790082 0.01826923076923077 0.015819896562214785
0 0.31177884615384616 0.5646486157590508 0.009134615384615385 0.007301490721022209
0 0.2641826923076923 0.5800121691512017 0.020673076923076922 0.020383328262853665
0 0.24807692307692308 0.5800121691512017 0.025 0.020383328262853665
0 0.20288461538461539 0.5784910252509887 0.023076923076923078 0.005780346820809248
0 0.15216346153846153 0.5643443869790082 0.03221153846153846 0.030422878004259205
0 0.12572115384615384 0.5682993611195619 0.015865384615384615 0.014602981442044418
0 0.1545673076923077 0.6005476118040767 0.027403846153846154 0.014602981442044418
0 0.1576923076923077 0.6346212351688469 0.025 0.018862184362640706
0 0.1658653846153846 0.6588074231822331 0.023076923076923078 0.020383328262853665
0 0.20528846153846153 0.6238211134773349 0.01826923076923077 0.020383328262853665
0 0.22596153846153846 0.629449345908123 0.01826923076923077 0.008518405841192577
0 0.2377403846153846 0.6163675083662915 0.027403846153846154 0.011560693641618497
0 0.2605769230769231 0.6143900212960146 0.01826923076923077 0.013081837541831457
0 0.3112980769230769 0.6136294493459081 0.027403846153846154 0.011560693641618497
0 0.3300480769230769 0.601764526924247 0.009134615384615385 0.011560693641618497
0 0.3564903846153846 0.601764526924247 0.020673076923076922 0.023121387283236993
0 0.21586538461538463 0.6638271980529358 0.03461538461538462 0.015819896562214785
0 0.2423076923076923 0.6661089139032552 0.01826923076923077 0.017341040462427744
0 0.2670673076923077 0.661849710982659 0.03221153846153846 0.020383328262853665
0 0.309375 0.6524186188013386 0.03221153846153846 0.027684818983875873
0 0.3418269230769231 0.6551566778217219 0.023076923076923078 0.013081837541831457
0 0.36370192307692306 0.6601764526924248 0.015865384615384615 0.023121387283236993
0 0.3610576923076923 0.6954669911773653 0.02980769230769231 0.023121387283236993
0 0.3158653846153846 0.7058107696988135 0.03653846153846154 0.014602981442044418
0 0.2764423076923077 0.7450562823243079 0.01826923076923077 0.011560693641618497
0 0.27548076923076925 0.7590508062062671 0.025 0.015819896562214785
0 0.24350961538461538 0.7523577730453301 0.020673076923076922 0.014602981442044418
0 0.22355769230769232 0.7604198357164588 0.01826923076923077 0.024642531183449955
0 0.16105769230769232 0.7217827806510496 0.03653846153846154 0.017341040462427744
0 0.1639423076923077 0.7444478247642227 0.046153846153846156 0.021904472163066627
0 0.1795673076923077 0.7809552783693338 0.05048076923076923 0.030422878004259205
0 0.26778846153846153 0.867964709461515 0.041346153846153845 0.04076665652570733
0 0.2793269230769231 0.9072102220870094 0.03653846153846154 0.023121387283236993
0 0.3021634615384615 0.9323090964405233 0.027403846153846154 0.017341040462427744
0 0.3278846153846154 0.9555825981137815 0.023076923076923078 0.029205962884088835
0 0.3483173076923077 0.9453909339823547 0.027403846153846154 0.03194402190447216
0 0.3403846153846154 0.8912382111347733 0.025 0.017341040462427744
0 0.5735576923076923 0.8919987830848798 0.025 0.018862184362640706
0 0.5146634615384615 0.8386066321874049 0.027403846153846154 0.017341040462427744
0 0.5853365384615384 0.6104350471554609 0.020673076923076922 0.017341040462427744
0 0.6096153846153847 0.6104350471554609 0.013461538461538462 0.017341040462427744
0 0.6375 0.6165196227563128 0.023076923076923078 0.017341040462427744
0 0.588701923076923 0.5623668999087313 0.027403846153846154 0.020383328262853665
0 0.5841346153846154 0.5829023425616063 0.01826923076923077 0.014602981442044418
0 0.614423076923077 0.5696683906297536 0.01826923076923077 0.017341040462427744
0 0.6442307692307693 0.5762093094006693 0.01826923076923077 0.015819896562214785
0 0.6860576923076923 0.6104350471554609 0.01826923076923077 0.017341040462427744
0 0.7283653846153846 0.6309704898083359 0.025 0.023121387283236993
0 0.5959134615384616 0.6553087922117432 0.03221153846153846 0.021904472163066627
0 0.5822115384615385 0.6975965926376635 0.023076923076923078 0.04502585944630362
0 0.6293269230769231 0.7085488287191969 0.025 0.011560693641618497
0 0.7009615384615384 0.717371463340432 0.025 0.014602981442044418
0 0.5990384615384615 0.742013994523882 0.02980769230769231 0.023121387283236993
0 0.5826923076923077 0.7525098874353514 0.011538461538461539 0.017341040462427744
0 0.6235576923076923 0.7509887435351384 0.013461538461538462 0.017341040462427744
0 0.671875 0.7517493154852449 0.027403846153846154 0.018862184362640706
0 0.690625 0.7683297839975661 0.009134615384615385 0.017341040462427744
0 0.7088942307692307 0.7633100091268634 0.027403846153846154 0.015819896562214785
0 0.76875 0.7246729540614543 0.03653846153846154 0.023121387283236993
0 0.7704326923076923 0.7480985701247338 0.020673076923076922 0.023121387283236993
0 0.7783653846153846 0.6414663827198053 0.03653846153846154 0.020383328262853665
0 0.8177884615384615 0.6486157590508062 0.023076923076923078 0.023121387283236993
0 0.7802884615384615 0.6734104046242775 0.023076923076923078 0.017341040462427744
0 0.8012019230769231 0.6755400060845757 0.027403846153846154 0.027684818983875873
0 0.6442307692307693 0.9075144508670521 0.046153846153846156 0.026163675083662914
0 0.6560096153846153 0.8737450562823244 0.03221153846153846 0.029205962884088835
0 0.5483173076923077 0.948128993002738 0.03894230769230769 0.03194402190447216
0 0.4478365384615385 0.5051718892607241 0.03221153846153846 0.017341040462427744
0 0.4048076923076923 0.5153635533921509 0.025 0.008518405841192577
0 0.4377403846153846 0.5579555825981137 0.020673076923076922 0.029205962884088835
0 0.4600961538461538 0.5535442652874962 0.025 0.03194402190447216
0 0.4639423076923077 0.6111956191055674 0.01826923076923077 0.018862184362640706
0 0.45384615384615384 0.5921813203529054 0.02980769230769231 0.010039549741405538
0 0.5004807692307692 0.5521752357773045 0.023076923076923078 0.029205962884088835
0 0.5425480769230769 0.5609978703985397 0.027403846153846154 0.011560693641618497
0 0.2747596153846154 0.16610891390325525 0.027403846153846154 0.029205962884088835
0 0.30697115384615387 0.16610891390325525 0.027403846153846154 0.029205962884088835
0 0.30408653846153844 0.2172193489504107 0.027403846153846154 0.026163675083662914
0 0.31802884615384613 0.19835716458777 0.027403846153846154 0.023121387283236993
0 0.34615384615384615 0.17797383632491634 0.023076923076923078 0.04076665652570733
0 0.3762019230769231 0.17630057803468208 0.027403846153846154 0.020383328262853665
0 0.3485576923076923 0.21280803163979312 0.01826923076923077 0.017341040462427744
0 0.38052884615384613 0.21432917554000608 0.027403846153846154 0.020383328262853665
0 0.5762019230769231 0.18162458168542744 0.015865384615384615 0.021904472163066627
0 0.6098557692307692 0.18238515363553393 0.03221153846153846 0.034986309704898085
0 0.5841346153846154 0.2099178582293885 0.03653846153846154 0.023121387283236993
0 0.6141826923076923 0.21600243383024034 0.03221153846153846 0.011560693641618497
0 0.6605769230769231 0.18086400973532096 0.023076923076923078 0.034986309704898085
0 0.690625 0.18086400973532096 0.027403846153846154 0.034986309704898085
0 0.6466346153846154 0.20702768481898387 0.023076923076923078 0.017341040462427744
0 0.6502403846153846 0.2246729540614542 0.020673076923076922 0.005780346820809248
0 0.30673076923076925 0.2627015515667782 0.01826923076923077 0.017341040462427744
0 0.14951923076923077 0.4072102220870094 0.03653846153846154 0.03194402190447216
0 0.12211538461538461 0.3892607240644965 0.03653846153846154 0.027684818983875873
0 0.15216346153846153 0.373592941892303 0.03221153846153846 0.023121387283236993
0 0.12427884615384616 0.3656829936111956 0.03221153846153846 0.015819896562214785
0 0.12427884615384616 0.3472771524186188 0.03221153846153846 0.017341040462427744
0 0.1545673076923077 0.3474292668086401 0.027403846153846154 0.023121387283236993
0 0.16129807692307693 0.32187404928506236 0.03221153846153846 0.021904472163066627
0 0.13365384615384615 0.32704593854578645 0.023076923076923078 0.011560693641618497
0 0.2110576923076923 0.3167021600243383 0.02980769230769231 0.008518405841192577
0 0.29759615384615384 0.3094006693033161 0.01826923076923077 0.023121387283236993
0 0.31634615384615383 0.3109218132035291 0.01826923076923077 0.026163675083662914
0 0.33365384615384613 0.3048372376026772 0.025 0.023121387283236993
0 0.36009615384615384 0.3019470641922726 0.023076923076923078 0.017341040462427744
0 0.36009615384615384 0.26254943717675694 0.023076923076923078 0.011560693641618497
0 0.3326923076923077 0.2634621235168847 0.023076923076923078 0.021904472163066627
0 0.5125 0.31883176148463643 0.023076923076923078 0.015819896562214785
0 0.48846153846153845 0.3080316397931244 0.011538461538461539 0.020383328262853665
0 0.45697115384615383 0.3019470641922726 0.03221153846153846 0.017341040462427744
0 0.4269230769230769 0.3049893519926985 0.03653846153846154 0.020383328262853665
0 0.46298076923076925 0.2605719501064801 0.025 0.027684818983875873
0 0.4079326923076923 0.2508366291451171 0.027403846153846154 0.020383328262853665
0 0.42908653846153844 0.2546394888956495 0.027403846153846154 0.021904472163066627
0 0.49423076923076925 0.2575296623060542 0.023076923076923078 0.013081837541831457
0 0.5197115384615385 0.2581381198661393 0.01826923076923077 0.020383328262853665
0 0.54375 0.266200182537268 0.025 0.030422878004259205
0 0.5653846153846154 0.2640705810769699 0.01826923076923077 0.026163675083662914
0 0.5956730769230769 0.267721326437481 0.023076923076923078 0.018862184362640706
0 0.6442307692307693 0.26909035594767267 0.03653846153846154 0.024642531183449955
0 0.6882211538461539 0.2713720717979921 0.03221153846153846 0.029205962884088835
0 0.5927884615384615 0.3063583815028902 0.01826923076923077 0.011560693641618497
0 0.6036057692307693 0.31244295710374204 0.020673076923076922 0.014602981442044418
0 0.6475961538461539 0.3212655917249772 0.025 0.011560693641618497
0 0.7459134615384615 0.32567690903559476 0.027403846153846154 0.020383328262853665
0 0.7019230769230769 0.3160937024642531 0.041346153846153845 0.03346516580468512
0 0.45048076923076924 0.4533008822634621 0.046153846153846156 0.015819896562214785
0 0.5283653846153846 0.49072102220870095 0.023076923076923078 0.023121387283236993
0 0.5033653846153846 0.49437176756921203 0.023076923076923078 0.018862184362640706
0 0.5483173076923077 0.4233343474292668 0.03894230769230769 0.017341040462427744
0 0.5485576923076924 0.37663522969272895 0.03461538461538462 0.029205962884088835
0 0.5980769230769231 0.5229692728932157 0.03653846153846154 0.029205962884088835
0 0.5899038461538462 0.4812899300273806 0.02980769230769231 0.03650745360511105
0 0.6211538461538462 0.476878612716763 0.03653846153846154 0.027684818983875873
0 0.6581730769230769 0.4857012473379982 0.01826923076923077 0.024642531183449955
0 0.6995192307692307 0.5295101916641314 0.03653846153846154 0.039245512625494375
0 0.6913461538461538 0.495892911469425 0.025 0.018862184362640706
0 0.7399038461538462 0.5117128080316398 0.02980769230769231 0.030422878004259205
0 0.7853365384615385 0.5229692728932157 0.027403846153846154 0.029205962884088835
0 0.8278846153846153 0.5287496197140249 0.03461538461538462 0.029205962884088835
0 0.20985576923076923 0.41040462427745666 0.027403846153846154 0.014602981442044418
0 0.41442307692307695 0.40599330696683905 0.02980769230769231 0.017341040462427744
0 0.32067307692307695 0.41040462427745666 0.046153846153846156 0.014602981442044418
0 0.6485576923076923 0.41542439914815943 0.03653846153846154 0.013081837541831457
0 0.75625 0.4204441740188622 0.02980769230769231 0.011560693641618497
0 0.909375 0.39199878308487984 0.03221153846153846 0.024642531183449955
0 0.9245192307692308 0.38606632187404927 0.025 0.018862184362640706
0 0.9098557692307693 0.35990264679038636 0.03221153846153846 0.018862184362640706
