0 0.47543500511770725 0.05251141552511415 0.06857727737973388 0.033268101761252444
0 0.5644831115660184 0.07142857142857142 0.07267144319344933 0.04500978473581213
0 0.6642784032753326 0.07925636007827788 0.06550665301944729 0.04370515329419439
0 0.6632548618219037 0.11056751467710371 0.06345957011258956 0.021526418786692758
0 0.7707267144319345 0.09230267449445531 0.04503582395087001 0.06979778212654925
0 0.6448311156601843 0.22667971298108283 0.06345957011258956 0.0228310502283105
0 0.4227226202661208 0.1223091976516634 0.06141248720573183 0.021526418786692758
0 0.43091095189355166 0.2227658186562296 0.04503582395087001 0.04370515329419439
0 0.44728761514841353 0.3336594911937378 0.04094165813715456 0.04370515329419439
0 0.6509723643807575 0.3242009132420091 0.04503582395087001 0.03913894324853229
0 0.5757420675537359 0.4125896934116112 0.06857727737973388 0.0319634703196347
0 0.1647901740020471 0.5003261578604045 0.10030706243602866 0.08741030658838878
0 0.27021494370522003 0.5068493150684932 0.08188331627430911 0.08871493803000652
0 0.3654042988741044 0.5055446836268754 0.09621289662231321 0.1004566210045662
0 0.4631525076765609 0.5058708414872799 0.09109518935516889 0.0958904109589041
0 0.5875127942681678 0.5290280495759948 0.1187308085977482 0.12133072407045009
0 0.2640736949846469 0.5717547292889759 0.07778915046059365 0.0228310502283105
0 0.2579324462640737 0.6757990867579908 0.06141248720573183 0.04044357469015003
0 0.44575230296827023 0.6937377690802349 0.08904810644831115 0.055446836268754074
0 0.3572159672466735 0.7997390737116764 0.06345957011258956 0.0639269406392694
0 0.45445240532241554 0.8114807566862361 0.04503582395087001 0.04044357469015003
0 0.44728761514841353 0.7778864970645792 0.04094165813715456 0.0319634703196347
