0 0.5188916876574308 0.44746600741656367 0.11083123425692695 0.1161928306551298
0 0.654911838790932 0.45550061804697156 0.07052896725440806 0.07787391841779975
0 0.5088161209068011 0.32447466007416564 0.14105793450881612 0.09023485784919653
0 0.6687657430730478 0.3145859085290482 0.13350125944584382 0.11248454882571075
0 0.2884130982367758 0.7972805933250927 0.08816120906801007 0.069221260815822
0 0.35768261964735515 0.80778739184178 0.04534005037783375 0.0580964153275649
0 0.2871536523929471 0.8547589616810878 0.07556675062972293 0.02843016069221261
0 0.4748110831234257 0.796044499381953 0.09319899244332494 0.0865265760197775
0 0.5856423173803527 0.7818294190358467 0.08816120906801007 0.10506798516687268
0 0.6612090680100756 0.7601977750309024 0.07808564231738035 0.0865265760197775
0 0.5403022670025189 0.1915945611866502 0.08312342569269521 0.1161928306551298
