0 0.44211123723041995 0.1309834638816362 0.03745743473325766 0.018276762402088774
0 0.41713961407491484 0.17101827676240208 0.04880817253121453 0.04612706701479547
0 0.5913734392735528 0.17275892080069627 0.04540295119182747 0.04960835509138381
0 0.6259931895573212 0.17798085291557877 0.039727582292849034 0.05483028720626632
0 0.6674233825198638 0.17928633594429938 0.04540295119182747 0.06962576153176675
0 0.7780930760499433 0.2193211488250653 0.03518728717366629 0.0783289817232376
0 0.22417707150964813 0.6888598781549173 0.039727582292849034 0.058311575282854654
0 0.2673098751418842 0.6923411662315057 0.03518728717366629 0.072236727589208
0 0.30590238365493755 0.6945169712793734 0.03518728717366629 0.06962576153176675
0 0.18047673098751418 0.7232375979112271 0.04086265607264472 0.03307223672758921
0 0.46708286038592506 0.7845953002610966 0.04880817253121453 0.02175805047867711
