0 0.29124087591240877 0.3558736426456071 0.08613138686131387 0.10365251727541955
0 0.3635036496350365 0.35538005923000987 0.03795620437956204 0.08292201382033564
0 0.4364963503649635 0.35636722606120436 0.10802919708029197 0.07305034550839092
0 0.30583941605839415 0.5908193484698914 0.09197080291970802 0.034550839091806514
0 0.3043795620437956 0.6283316880552814 0.059854014598540145 0.03060217176702863
0 0.372992700729927 0.6273445212240869 0.042335766423357665 0.06416584402764067
0 0.4343065693430657 0.6229022704837117 0.042335766423357665 0.055281342546890426
0 0.4854014598540146 0.6248766041461007 0.042335766423357665 0.08292201382033564
0 0.7642335766423358 0.5848963474827246 0.04525547445255475 0.022704837117472853
0 0.7934306569343066 0.6229022704837117 0.051094890510948905 0.06712734452122408
