0 0.20489977728285078 0.2057074910820452 0.16926503340757237 0.1450653983353151
0 0.39198218262806234 0.1248513674197384 0.12472160356347439 0.1117717003567182
0 0.5501113585746102 0.133769322235434 0.09799554565701558 0.1248513674197384
0 0.6403118040089086 0.14387633769322236 0.0645879732739421 0.1117717003567182
0 0.7260579064587973 0.14625445897740785 0.0757238307349666 0.09036860879904875
0 0.8240534521158129 0.18192627824019025 0.12026726057906459 0.06420927467300833
0 0.3986636971046771 0.2437574316290131 0.1514476614699332 0.10463733650416171
0 0.20044543429844097 0.3912009512485137 0.14699331848552338 0.2235434007134364
0 0.40200445434298443 0.3620689655172414 0.21158129175946547 0.20095124851367419
0 0.811804008908686 0.4244946492271106 0.10022271714922049 0.08085612366230678
0 0.19376391982182628 0.7728894173602854 0.1915367483296214 0.15695600475624258
0 0.1915367483296214 0.8941736028537456 0.09799554565701558 0.054696789536266346
0 0.36414253897550114 0.8234244946492271 0.11358574610244988 0.20095124851367419
0 0.821826280623608 0.6260404280618311 0.12026726057906459 0.09155766944114149
