0 0.15482695810564662 0.20425138632162662 0.0546448087431694 0.09796672828096119
0 0.2058287795992714 0.21719038817005545 0.0546448087431694 0.11645101663585952
0 0.27595628415300544 0.22828096118299446 0.07468123861566485 0.14602587800369685
0 0.348816029143898 0.19038817005545286 0.06739526411657559 0.11460258780036968
0 0.366120218579235 0.11090573012939002 0.08014571948998178 0.04066543438077634
0 0.21948998178506376 0.3410351201478743 0.08561020036429873 0.06839186691312385
0 0.5519125683060109 0.23382624768946395 0.07650273224043716 0.07578558225508318
0 0.6247723132969034 0.22828096118299446 0.058287795992714025 0.04990757855822551
0 0.19034608378870674 0.7199630314232902 0.08561020036429873 0.07578558225508318
0 0.2923497267759563 0.6876155268022182 0.06739526411657559 0.11460258780036968
0 0.3551912568306011 0.6182994454713494 0.07650273224043716 0.04621072088724584
0 0.6411657559198543 0.7088724584103512 0.09107468123861566 0.07208872458410351
