0 0.18942189421894218 0.24145486415425066 0.04428044280442804 0.06397896581945661
0 0.23431734317343172 0.22699386503067484 0.028290282902829027 0.07011393514460999
0 0.2779827798277983 0.22348816827344434 0.04920049200492005 0.07537248028045573
0 0.14083640836408365 0.3023663453111306 0.05289052890528905 0.022787028921998246
0 0.10947109471094711 0.528045574057844 0.056580565805658053 0.028921998247151623
0 0.12853628536285364 0.48466257668711654 0.05289052890528905 0.05959684487291849
0 0.1752767527675277 0.4732690622261174 0.04059040590405904 0.05959684487291849
0 0.23247232472324722 0.4548641542506573 0.07380073800738007 0.07011393514460999
0 0.7601476014760148 0.26643295354951796 0.11070110701107011 0.11218229623137599
0 0.8087330873308733 0.37423312883435583 0.07503075030750307 0.06660823838737949
0 0.43788437884378845 0.6481156879929886 0.12300123001230012 0.08326029798422437
0 0.44772447724477243 0.7782646801051709 0.11808118081180811 0.13146362839614373
