0 0.251500600240096 0.20413064361191163 0.07082833133253301 0.04514889529298751
0 0.46758703481392555 0.19692603266090297 0.07803121248499399 0.05187319884726225
0 0.5978391356542617 0.0994236311239193 0.07923169267707082 0.03170028818443804
0 0.5870348139255702 0.13640730067243034 0.04321728691476591 0.053794428434197884
0 0.7160864345738295 0.14745437079731027 0.06362545018007203 0.07588856868395773
0 0.6602641056422569 0.3655139289145053 0.04321728691476591 0.037463976945244955
0 0.698079231692677 0.4015369836695485 0.05402160864345738 0.05187319884726225
0 0.787515006002401 0.4207492795389049 0.06482593037214886 0.03650336215177714
0 0.8211284513805522 0.4644572526416907 0.04321728691476591 0.04899135446685879
0 0.18127250900360145 0.35110470701248797 0.07202881152460984 0.037463976945244955
0 0.1758703481392557 0.4024975984630163 0.07563025210084033 0.059558117195004805
0 0.2923169267707083 0.5494716618635928 0.05402160864345738 0.11335254562920269
