0 0.5504162812210915 0.35307811691670976 0.05735430157261795 0.04086911536471805
0 0.3519888991674376 0.3647180548370409 0.0730804810360777 0.028970512157268494
0 0.2705827937095282 0.06570098292809105 0.061979648473635525 0.024831867563372995
0 0.26179463459759483 0.08665287118468701 0.04440333024976873 0.023279875840662184
0 0.3427382053654024 0.12338334195550957 0.0545790934320074 0.023279875840662184
0 0.5402405180388529 0.4816347646145887 0.05735430157261795 0.028970512157268494
0 0.513413506012951 0.5561303673047077 0.04625346901017576 0.014485256078634247
0 0.5448658649398704 0.5809622348680807 0.05735430157261795 0.028970512157268494
0 0.816836262719704 0.37325400931195035 0.07770582793709528 0.023279875840662184
0 0.35661424606845515 0.4793067770305225 0.06753006475485661 0.04811174340403518
