0 0.19578783151326054 0.46334478808705615 0.07956318252730109 0.0859106529209622
0 0.265990639625585 0.44558991981672397 0.06708268330733229 0.09851088201603665
0 0.35257410296411856 0.427262313860252 0.0904836193447738 0.09851088201603665
0 0.13260530421216848 0.5567010309278351 0.062402496099843996 0.06414662084765177
0 0.296411856474259 0.8224513172966781 0.0873634945397816 0.03436426116838488
0 0.5124804992199687 0.5103092783505154 0.08268330733229329 0.058419243986254296
0 0.5397815912636506 0.21993127147766323 0.11232449297971919 0.045819014891179836
0 0.5436817472698908 0.6970217640320733 0.07956318252730109 0.0286368843069874
0 0.5639625585023401 0.7457044673539519 0.09204368174726989 0.06414662084765177
0 0.5522620904836193 0.7989690721649485 0.0374414976599064 0.04009163802978236
0 0.6107644305772231 0.7926689576174112 0.07956318252730109 0.045819014891179836
