0 0.7742830712303422 0.15116883116883117 0.07770582793709528 0.05818181818181818
0 0.8543015726179464 0.14 0.061979648473635525 0.07116883116883117
0 0.8279370952821462 0.21324675324675324 0.07215541165587419 0.07428571428571429
0 0.5425531914893617 0.34285714285714286 0.09343200740055504 0.0612987012987013
0 0.3075855689176688 0.35168831168831166 0.09343200740055504 0.0612987012987013
0 0.25161887141535616 0.407012987012987 0.06475485661424607 0.04935064935064935
0 0.22617946345975948 0.4841558441558442 0.07493061979648474 0.04051948051948052
0 0.29740980573543013 0.6031168831168832 0.09343200740055504 0.0903896103896104
0 0.7520814061054579 0.37636363636363634 0.06475485661424607 0.0638961038961039
0 0.8154486586493987 0.38051948051948054 0.061979648473635525 0.06701298701298701
0 0.7650323774283071 0.45246753246753246 0.05920444033302498 0.07584415584415584
0 0.8256244218316374 0.4618181818181818 0.056429232192414434 0.08
