0 0.22542901716068642 0.18912237330037082 0.07332293291731669 0.08899876390605686
0 0.2909516380655226 0.188504326328801 0.0327613104524181 0.11248454882571075
0 0.33853354134165364 0.20333745364647712 0.046801872074883 0.10506798516687268
0 0.578003120124805 0.1996291718170581 0.054602184087363496 0.038318912237330034
0 0.5741029641185648 0.25030902348578493 0.0717628705148206 0.07045735475896168
0 0.42589703588143524 0.5914709517923362 0.0748829953198128 0.0407911001236094
0 0.484399375975039 0.5370828182941904 0.0452418096723869 0.08281829419035847
0 0.546801872074883 0.5673671199011124 0.0514820592823713 0.0865265760197775
0 0.6216848673946958 0.5203955500618047 0.07644305772230889 0.0865265760197775
0 0.6661466458658346 0.5834363411619283 0.0842433697347894 0.024721878862793572
