0 0.3836477987421384 0.07870060281312793 0.044923629829290206 0.027461486939048894
0 0.15858041329739442 0.28633623576691225 0.03863432165318958 0.02478231748158071
0 0.3508535489667565 0.40187541862022774 0.03863432165318958 0.050904219691895514
0 0.40431266846361186 0.3884795713328868 0.0431266846361186 0.0535833891493637
0 0.16082659478885894 0.4249832551908908 0.0664869721473495 0.04219691895512391
0 0.15633423180592992 0.5395177494976557 0.050314465408805034 0.028801071667782986
0 0.1752021563342318 0.6614199598124582 0.05211141060197664 0.043536503683858
0 0.37960467205750226 0.644675150703282 0.036837376460017966 0.028801071667782986
0 0.6769991015274034 0.4159410582719357 0.04043126684636118 0.0361687876758205
0 0.8773584905660378 0.4336905559276624 0.06019766397124888 0.02478231748158071
0 0.8962264150943396 0.40522438044206294 0.03863432165318958 0.02277294038847957
0 0.8607367475292004 0.2973878097789685 0.04672057502246182 0.034829202947086406
0 0.22147349505840072 0.9099129269926323 0.05480682839173405 0.043536503683858
0 0.40745732255166217 0.905224380442063 0.05840071877807727 0.046215673141326186
0 0.14375561545372867 0.8104487608841259 0.04672057502246182 0.020093770931011386
0 0.8733153638814016 0.6768251841929002 0.07187780772686433 0.046215673141326186
0 0.7601078167115903 0.7300736771600804 0.044923629829290206 0.034829202947086406
0 0.8099730458221024 0.7324179504353651 0.03863432165318958 0.028801071667782986
0 0.8468104222821204 0.8087742799732083 0.07816711590296496 0.04085733422638982
0 0.7529200359389039 0.8027461486939049 0.050314465408805034 0.04085733422638982
0 0.6064690026954178 0.6513730743469525 0.07187780772686433 0.04219691895512391
0 0.6648697214734951 0.5187541862022773 0.030548068283917342 0.04219691895512391
0 0.394429469901168 0.5194239785666444 0.07008086253369272 0.05827193569993302
0 0.8468104222821204 0.5616208975217682 0.07816711590296496 0.06095110515740121
