0 0.49002849002849 0.14893617021276595 0.04748338081671415 0.037825059101654845
0 0.3708452041785375 0.10441292356185973 0.04843304843304843 0.02127659574468085
0 0.33048433048433046 0.1595744680851064 0.04178537511870845 0.046493301812450746
0 0.28442545109211775 0.30890464933018125 0.04843304843304843 0.03467297084318361
0 0.45584045584045585 0.3404255319148936 0.045584045584045586 0.05200945626477541
0 0.6471984805318138 0.3317572892040977 0.03323836657169991 0.03467297084318361
0 0.6984805318138652 0.4156816390858944 0.03133903133903134 0.02127659574468085
0 0.6951566951566952 0.45271867612293143 0.045584045584045586 0.04176516942474389
0 0.8024691358024691 0.48108747044917255 0.04178537511870845 0.04018912529550828
0 0.24311490978157646 0.48817966903073284 0.060778727445394115 0.04334121355397951
0 0.41025641025641024 0.5204885736800631 0.045584045584045586 0.04964539007092199
0 0.6092117758784426 0.5157604412923562 0.04843304843304843 0.04018912529550828
0 0.5531813865147198 0.5193065405831363 0.03513770180436847 0.017336485421591805
0 0.23504273504273504 0.6126871552403468 0.04843304843304843 0.022852639873916468
0 0.2222222222222222 0.6422379826635146 0.03608736942070275 0.03467297084318361
0 0.298670465337132 0.8770685579196218 0.04843304843304843 0.037825059101654845
0 0.09401709401709402 0.7939322301024428 0.039886039886039885 0.029156816390858944
0 0.46961063627730293 0.859338061465721 0.052231718898385564 0.04491725768321513
0 0.6415004748338081 0.8648542159180457 0.05413105413105413 0.04491725768321513
