0 0.10299488677867057 0.5006031363088058 0.042366691015339665 0.045838359469240045
0 0.18115412710007306 0.40651387213510254 0.042366691015339665 0.045838359469240045
0 0.1789627465303141 0.4583835946924005 0.03214024835646457 0.06996381182147166
0 0.25675675675675674 0.6676718938480096 0.031409788166544925 0.05186972255729795
0 0.4163623082542001 0.643546441495778 0.039444850255661065 0.05186972255729795
0 0.4777209642074507 0.48914354644149577 0.05113221329437546 0.04221954161640531
0 0.4620160701241782 0.5476477683956574 0.03871439006574142 0.06996381182147166
0 0.5704894083272462 0.5579010856453559 0.03506208911614317 0.1218335343787696
0 0.6011687363038715 0.5681544028950543 0.026296566837107377 0.10856453558504221
0 0.6318480642804967 0.5627261761158022 0.03214024835646457 0.09288299155609167
0 0.7505478451424398 0.3594692400482509 0.04894083272461651 0.12545235223160434
0 0.799853907962016 0.7334137515078407 0.04382761139517896 0.06031363088057901
0 0.6953981008035062 0.293124246079614 0.04382761139517896 0.11097708082026538
