0 0.269183922046285 0.39365918097754293 0.0730816077953715 0.07661822985468957
0 0.3209500609013398 0.35997357992073975 0.04263093788063337 0.15191545574636725
0 0.35505481120584653 0.41215323645970936 0.04506699147381242 0.052840158520475564
0 0.4524969549330085 0.29788639365918096 0.06942752740560293 0.154557463672391
0 0.5596833130328868 0.3712021136063408 0.07186358099878197 0.0845442536327609
0 0.7801461632155907 0.2212681638044914 0.06455542021924482 0.0964332892998679
0 0.33556638246041415 0.6889035667107001 0.08891595615103533 0.13870541611624834
0 0.46345919610231423 0.6188903566710701 0.06942752740560293 0.083223249669749
0 0.4890377588306943 0.7569352708058125 0.10596833130328867 0.17965653896961692
0 0.6967113276492083 0.45508586525759576 0.048721071863580996 0.10171730515191546
0 0.7356881851400731 0.46895640686922063 0.0438489646772229 0.11096433289299867
0 0.8386114494518879 0.5204755614266843 0.06455542021924482 0.07926023778071334
0 0.6023142509135201 0.7364597093791282 0.06699147381242387 0.07793923381770146
0 0.30450669914738127 0.21003963011889035 0.1023142509135201 0.11360634081902246
0 0.10901339829476249 0.4702774108322325 0.08160779537149818 0.20079260237780713
