0 0.3507853403141361 0.189419795221843 0.14659685863874344 0.08532423208191127
0 0.35340314136125656 0.30204778156996587 0.08900523560209424 0.09556313993174062
0 0.3468586387434555 0.45051194539249145 0.060209424083769635 0.051194539249146756
0 0.5143979057591623 0.18430034129692832 0.10732984293193717 0.09897610921501707
0 0.4986910994764398 0.3191126279863481 0.10209424083769633 0.11262798634812286
0 0.4895287958115183 0.454778156996587 0.05235602094240838 0.05631399317406143
0 0.6112565445026178 0.4249146757679181 0.0968586387434555 0.12286689419795221
0 0.7604712041884817 0.4334470989761092 0.09162303664921466 0.16382252559726962
0 0.8730366492146597 0.4257679180887372 0.07068062827225131 0.032423208191126277
0 0.2369109947643979 0.43856655290102387 0.09162303664921466 0.05460750853242321
