0 0.6387195121951219 0.25126262626262624 0.061991869918699184 0.06986531986531987
0 0.6361788617886179 0.33796296296296297 0.05894308943089431 0.08164983164983165
0 0.6336382113821138 0.4335016835016835 0.041666666666666664 0.05555555555555555
0 0.711890243902439 0.2622053872053872 0.07215447154471545 0.07996632996632996
0 0.7144308943089431 0.3632154882154882 0.06707317073170732 0.08838383838383838
0 0.7205284552845529 0.4739057239057239 0.07317073170731707 0.08754208754208755
0 0.7916666666666666 0.25841750841750843 0.05894308943089431 0.08417508417508418
0 0.7896341463414634 0.3560606060606061 0.042682926829268296 0.0707070707070707
0 0.7921747967479674 0.4739057239057239 0.047764227642276426 0.09090909090909091
0 0.7693089430894309 0.5951178451178452 0.07113821138211382 0.03535353535353535
