0 0.1989010989010989 0.24708454810495628 0.13406593406593406 0.11224489795918367
0 0.22087912087912087 0.4037900874635568 0.13846153846153847 0.09912536443148688
0 0.34725274725274724 0.19970845481049562 0.07472527472527472 0.07871720116618076
0 0.3516483516483517 0.3717201166180758 0.08351648351648351 0.11078717201166181
0 0.34175824175824177 0.4686588921282799 0.12967032967032968 0.027696793002915453
0 0.210989010989011 0.5262390670553936 0.07032967032967033 0.11078717201166181
0 0.3054945054945055 0.5546647230320699 0.06593406593406594 0.07725947521865889
0 0.4472527472527473 0.5189504373177842 0.08131868131868132 0.09912536443148688
0 0.8120879120879121 0.4956268221574344 0.15604395604395604 0.07871720116618076
0 0.6329670329670329 0.5058309037900874 0.14505494505494507 0.07871720116618076
0 0.6197802197802198 0.608600583090379 0.1010989010989011 0.048104956268221574
