0 0.6011730205278593 0.19047619047619047 0.10557184750733138 0.09523809523809523
0 0.4442815249266862 0.19540229885057472 0.15542521994134897 0.08538587848932677
0 0.25513196480938416 0.1863711001642036 0.12316715542521994 0.12315270935960591
0 0.5777126099706745 0.3464696223316913 0.1348973607038123 0.0722495894909688
0 0.5953079178885631 0.45073891625615764 0.12316715542521994 0.08702791461412152
0 0.6129032258064516 0.5960591133004927 0.17595307917888564 0.1116584564860427
0 0.43841642228739003 0.4614121510673235 0.1436950146627566 0.09852216748768473
0 0.4222873900293255 0.59688013136289 0.11730205278592376 0.10673234811165845
0 0.2536656891495601 0.5 0.17302052785923755 0.11658456486042693
0 0.2404692082111437 0.6239737274220033 0.1466275659824047 0.11494252873563218
