0 0.6881944444444444 0.36279357231149567 0.09027777777777778 0.13720642768850433
0 0.7756944444444445 0.3399258343634116 0.043055555555555555 0.07169344870210136
0 0.7916666666666666 0.5080346106304079 0.08888888888888889 0.1260815822002472
0 0.6451388888888889 0.17181705809641531 0.08194444444444444 0.103831891223733
0 0.7513888888888889 0.1477132262051916 0.08055555555555556 0.1273176761433869
0 0.48125 0.30902348578491967 0.07361111111111111 0.029666254635352288
0 0.20625 0.4338689740420272 0.06805555555555555 0.0865265760197775
0 0.19375 0.5259579728059333 0.08194444444444444 0.0630407911001236
0 0.19791666666666666 0.6205191594561187 0.0625 0.04449938195302843
0 0.20972222222222223 0.7064276885043264 0.04722222222222222 0.0630407911001236
0 0.28888888888888886 0.4542645241038319 0.06666666666666667 0.11742892459826947
0 0.2777777777777778 0.6322620519159456 0.08333333333333333 0.12237330037082818
0 0.3548611111111111 0.5364647713226205 0.05138888888888889 0.11372064276885044
0 0.42569444444444443 0.6124845488257108 0.06805555555555555 0.03337453646477132
0 0.5576388888888889 0.6285537700865266 0.0625 0.06798516687268233
0 0.6381944444444444 0.6248454882571075 0.06805555555555555 0.07292954264524104
0 0.7569444444444444 0.6310259579728059 0.058333333333333334 0.02595797280593325
