0 0.515625 0.4026237989652624 0.041015625 0.010716925351071693
0 0.43359375 0.3656688839615669 0.052734375 0.012934220251293422
0 0.435546875 0.3861788617886179 0.076171875 0.019955654101995565
0 0.271484375 0.37749445676274945 0.0625 0.02106430155210643
0 0.5361328125 0.2976718403547672 0.048828125 0.01958610495195861
0 0.50341796875 0.19549150036954915 0.0244140625 0.023651145602365115
0 0.44384765625 0.17498152254249816 0.0595703125 0.014412416851441241
0 0.67626953125 0.1498521803399852 0.0556640625 0.01958610495195861
0 0.68994140625 0.7054693274205469 0.0634765625 0.04065040650406504
0 0.7021484375 0.7516629711751663 0.052734375 0.025129342202512936
0 0.77001953125 0.7036215816703622 0.0419921875 0.04212860310421286
0 0.7802734375 0.7490761271249076 0.048828125 0.030303030303030304
0 0.82080078125 0.7080561714708056 0.0517578125 0.05395417590539542
0 0.5556640625 0.6954915003695491 0.052734375 0.018477457501847747
0 0.59765625 0.7814116777531411 0.05859375 0.0262379896526238
0 0.64111328125 0.49223946784922396 0.0634765625 0.04212860310421286
0 0.646484375 0.541019955654102 0.052734375 0.03695491500369549
0 0.7265625 0.4916851441241685 0.0390625 0.046193643754619367
0 0.71435546875 0.5458240946045824 0.0556640625 0.038433111603843315
0 0.791015625 0.48891352549889133 0.048828125 0.06208425720620843
0 0.794921875 0.5437915742793792 0.048828125 0.03436807095343681
0 0.53173828125 0.5899852180339985 0.0732421875 0.02402069475240207
0 0.52392578125 0.49371766444937176 0.0732421875 0.028824833702882482
