0 0.6040723981900452 0.6141374837872893 0.09502262443438914 0.10765239948119326
0 0.7398190045248869 0.6173800259403373 0.14027149321266968 0.07522697795071336
0 0.6538461538461539 0.46238651102464334 0.1085972850678733 0.03501945525291829
0 0.4604072398190045 0.6044098573281452 0.11538461538461539 0.11932555123216602
0 0.3495475113122172 0.6374837872892347 0.083710407239819 0.13618677042801555
0 0.24321266968325791 0.506485084306096 0.13800904977375567 0.11024643320363164
0 0.18778280542986425 0.6309987029831388 0.08597285067873303 0.07652399481193256
0 0.5531674208144797 0.09533073929961089 0.1425339366515837 0.07911802853437094
0 0.6798642533936652 0.10376134889753567 0.08823529411764706 0.06744487678339818
0 0.752262443438914 0.17769130998702984 0.07013574660633484 0.018158236057068743
0 0.8235294117647058 0.28599221789883267 0.08597285067873303 0.04798962386511025
0 0.5904977375565611 0.2697795071335927 0.1085972850678733 0.07003891050583658
0 0.3755656108597285 0.0907911802853437 0.14027149321266968 0.08300907911802853
0 0.3235294117647059 0.3229571984435798 0.05429864253393665 0.054474708171206226
