0 0.5739130434782609 0.4306864064602961 0.07391304347826087 0.08613728129205922
0 0.6760869565217391 0.4616419919246299 0.09565217391304348 0.08613728129205922
0 0.7065217391304348 0.566621803499327 0.09130434782608696 0.07806191117092867
0 0.7869565217391304 0.4892328398384926 0.06521739130434782 0.05787348586810229
0 0.18369565217391304 0.18707940780619112 0.10652173913043478 0.08882907133243607
0 0.29456521739130437 0.18977119784656796 0.10217391304347827 0.07537012113055182
0 0.41739130434782606 0.43943472409152085 0.11739130434782609 0.1117092866756393
0 0.29891304347826086 0.4670255720053836 0.07608695652173914 0.059219380888290714
0 0.24456521739130435 0.5659488559892328 0.07608695652173914 0.07940780619111709
0 0.44021739130434784 0.2812920592193809 0.06739130434782609 0.04576043068640646
0 0.20978260869565218 0.4407806191117093 0.06739130434782609 0.03095558546433378
0 0.19130434782608696 0.48855989232839836 0.09565217391304348 0.05114401076716016
