0 0.9200968523002422 0.22598425196850394 0.09200968523002422 0.11496062992125984
0 0.7905569007263923 0.21968503937007874 0.13801452784503632 0.12125984251968504
0 0.788135593220339 0.3889763779527559 0.11864406779661017 0.13543307086614173
0 0.6573849878934624 0.231496062992126 0.07990314769975787 0.11968503937007874
0 0.6501210653753027 0.42362204724409447 0.1089588377723971 0.12598425196850394
0 0.5048426150121066 0.23700787401574802 0.06537530266343826 0.08031496062992126
0 0.42009685230024213 0.452755905511811 0.2009685230024213 0.15590551181102363
0 0.3704600484261501 0.3 0.11138014527845036 0.09291338582677165
0 0.23728813559322035 0.37401574803149606 0.1162227602905569 0.05826771653543307
0 0.20702179176755447 0.4818897637795276 0.05569007263922518 0.12598425196850394
