0 0.7772727272727272 0.05738786279683377 0.1318181818181818 0.05408970976253298
0 0.7431818181818182 0.12532981530343007 0.14545454545454545 0.06596306068601583
0 0.7431818181818182 0.18733509234828497 0.12727272727272726 0.036939313984168866
0 0.7522727272727273 0.2407651715039578 0.17272727272727273 0.04353562005277045
0 0.7568181818181818 0.300131926121372 0.15454545454545454 0.05672823218997362
0 0.7454545454545455 0.37994722955145116 0.12272727272727273 0.079155672823219
0 0.5931818181818181 0.08641160949868074 0.15454545454545454 0.08839050131926121
0 0.6136363636363636 0.15237467018469658 0.1318181818181818 0.025065963060686015
0 0.5954545454545455 0.19722955145118734 0.12272727272727273 0.05408970976253298
0 0.5863636363636363 0.2546174142480211 0.11363636363636363 0.0316622691292876
0 0.5795454545454546 0.3073878627968338 0.13636363636363635 0.044854881266490766
0 0.5545454545454546 0.3845646437994723 0.1318181818181818 0.08047493403693931
