0 0.4431137724550898 0.6896825396825397 0.11377245508982035 0.07936507936507936
0 0.5 0.7968253968253968 0.11976047904191617 0.050793650793650794
0 0.7312874251497006 0.6992063492063492 0.07634730538922156 0.023809523809523808
0 0.46706586826347307 0.41349206349206347 0.08682634730538923 0.06349206349206349
0 0.4565868263473054 0.48214285714285715 0.07784431137724551 0.06111111111111111
0 0.3562874251497006 0.42698412698412697 0.0748502994011976 0.05714285714285714
0 0.44461077844311375 0.5666666666666667 0.10778443113772455 0.0873015873015873
0 0.6549401197604791 0.35119047619047616 0.13023952095808383 0.0373015873015873
0 0.592814371257485 0.5392857142857143 0.09880239520958084 0.03571428571428571
0 0.7275449101796407 0.5091269841269841 0.08383233532934131 0.024603174603174603
0 0.7305389221556886 0.5515873015873016 0.10479041916167664 0.046031746031746035
0 0.38922155688622756 0.3476190476190476 0.2125748502994012 0.05396825396825397
0 0.5830838323353293 0.15873015873015872 0.06437125748502993 0.022222222222222223
0 0.6998502994011976 0.10436507936507937 0.10029940119760479 0.030952380952380953
0 0.7073353293413174 0.14325396825396824 0.10029940119760479 0.04523809523809524
