0 0.6374407582938388 0.11034912718204488 0.07109004739336493 0.14089775561097256
0 0.6451421800947867 0.2892768079800499 0.06753554502369669 0.12967581047381546
0 0.6463270142180095 0.4177057356608479 0.0462085308056872 0.07481296758104738
0 0.7298578199052133 0.11845386533665836 0.08056872037914692 0.12219451371571072
0 0.7274881516587678 0.2730673316708229 0.06872037914691943 0.13466334164588528
0 0.7292654028436019 0.4395261845386534 0.07464454976303317 0.10099750623441396
0 0.8080568720379147 0.09538653366583541 0.05687203791469194 0.07605985037406483
0 0.806872037914692 0.2506234413965087 0.04265402843601896 0.10473815461346633
0 0.870260663507109 0.21820448877805487 0.07464454976303317 0.1396508728179551
0 0.4816350710900474 0.14900249376558602 0.09360189573459715 0.128428927680798
0 0.4792654028436019 0.30673316708229426 0.10308056872037914 0.08229426433915212
0 0.4863744075829384 0.42144638403990026 0.07701421800947868 0.08478802992518704
0 0.3809241706161137 0.22443890274314215 0.06279620853080568 0.11970074812967581
0 0.38566350710900477 0.4251870324189526 0.08412322274881516 0.12967581047381546
0 0.28139810426540285 0.2817955112219451 0.09597156398104266 0.1970074812967581
