0 0.7516129032258064 0.17468944099378883 0.14193548387096774 0.17857142857142858
0 0.7612903225806451 0.34937888198757766 0.14838709677419354 0.08385093167701864
0 0.7725806451612903 0.4254658385093168 0.12580645161290321 0.037267080745341616
0 0.7612903225806451 0.5240683229813664 0.16774193548387098 0.11335403726708075
0 0.5709677419354838 0.17624223602484473 0.10967741935483871 0.11645962732919254
0 0.532258064516129 0.38509316770186336 0.15483870967741936 0.09316770186335403
0 0.5580645161290323 0.4704968944099379 0.12258064516129032 0.034161490683229816
0 0.5435483870967742 0.5520186335403726 0.16451612903225807 0.08850931677018634
0 0.317741935483871 0.3967391304347826 0.1064516129032258 0.08850931677018634
0 0.27580645161290324 0.5520186335403726 0.0935483870967742 0.10714285714285714
0 0.47580645161290325 0.6226708074534162 0.15161290322580645 0.043478260869565216
0 0.7532258064516129 0.639751552795031 0.13870967741935483 0.09937888198757763
