0 0.4593195266272189 0.8273361976369495 0.17307692307692307 0.07250268528464017
0 0.29659763313609466 0.8066595059076263 0.11390532544378698 0.04940923737916219
0 0.27662721893491127 0.7242212674543501 0.10355029585798817 0.05639097744360902
0 0.17677514792899407 0.7910848549946294 0.08136094674556213 0.04833512352309345
0 0.41642011834319526 0.6718582169709989 0.1257396449704142 0.05370569280343716
0 0.4312130177514793 0.7360365198711063 0.1257396449704142 0.05102040816326531
0 0.21375739644970415 0.6791084854994629 0.15532544378698224 0.05531686358754028
0 0.3076923076923077 0.6436627282491945 0.1301775147928994 0.03490870032223416
0 0.21745562130177515 0.5099355531686359 0.07396449704142012 0.057465091299677765
0 0.21005917159763313 0.5912996777658431 0.10355029585798817 0.04296455424274973
0 0.47263313609467456 0.5268528464017186 0.15532544378698224 0.05907626208378088
0 0.3261834319526627 0.5220193340494093 0.08431952662721894 0.04189044038668099
0 0.34245562130177515 0.5829752953813104 0.08136094674556213 0.040279269602577876
0 0.3683431952662722 0.45166487647690656 0.10355029585798817 0.03759398496240601
0 0.5096153846153846 0.4414607948442535 0.11094674556213018 0.031149301825993556
0 0.4718934911242604 0.592373791621912 0.10355029585798817 0.04833512352309345
0 0.26331360946745563 0.4033297529538131 0.09171597633136094 0.04833512352309345
0 0.3853550295857988 0.3815789473684211 0.11390532544378698 0.04564983888292159
0 0.522189349112426 0.38238453276047263 0.10059171597633136 0.05477980665950591
0 0.507396449704142 0.25080558539205156 0.1301775147928994 0.08700322234156821
0 0.3905325443786982 0.2602040816326531 0.10355029585798817 0.07894736842105263
