0 0.7814159292035399 0.15220293724966621 0.09026548672566372 0.0534045393858478
0 0.7876106194690266 0.2643524699599466 0.0743362831858407 0.0801068090787717
0 0.7017699115044248 0.17556742323097463 0.061946902654867256 0.06275033377837116
0 0.6353982300884956 0.19492656875834447 0.049557522123893805 0.08277703604806408
0 0.5699115044247788 0.22763684913217624 0.06725663716814159 0.020026702269692925
0 0.3769911504424779 0.14619492656875835 0.08495575221238938 0.09746328437917223
0 0.3734513274336283 0.2683578104138852 0.06371681415929203 0.04806408544726302
0 0.36194690265486723 0.4259012016021362 0.06902654867256637 0.050734312416555405
0 0.2849557522123894 0.17222963951935916 0.05309734513274336 0.07476635514018691
0 0.24955752212389382 0.45794392523364486 0.08495575221238938 0.08544726301735647
0 0.2079646017699115 0.1802403204272363 0.04070796460176991 0.0801068090787717
0 0.17256637168141592 0.24566088117489987 0.0831858407079646 0.0267022696929239
0 0.14690265486725665 0.5761014686248331 0.0920353982300885 0.017356475300400534
