0 0.29120879120879123 0.18415529905561384 0.0695970695970696 0.07030430220356768
0 0.24267399267399267 0.31584470094438616 0.1043956043956044 0.08604407135362015
0 0.2600732600732601 0.4123819517313746 0.10622710622710622 0.09024134312696747
0 0.5201465201465202 0.14742917103882477 0.047619047619047616 0.030430220356768102
0 0.4935897435897436 0.30849947534102834 0.05311355311355311 0.048268625393494226
0 0.27197802197802196 0.5409233997901364 0.11538461538461539 0.07660020986358866
0 0.3058608058608059 0.6511017838405037 0.08058608058608059 0.08919202518363065
0 0.45054945054945056 0.46222455403987406 0.054945054945054944 0.05771248688352571
0 0.4981684981684982 0.5225603357817419 0.06593406593406594 0.03147953830010493
0 0.5641025641025641 0.6852046169989506 0.054945054945054944 0.03777544596012592
