0 0.6202321724709784 0.20418006430868169 0.04643449419568822 0.09003215434083602
0 0.7172470978441128 0.295016077170418 0.04145936981757877 0.0594855305466238
0 0.7213930348258707 0.39067524115755625 0.03648424543946932 0.06109324758842444
0 0.6807628524046434 0.46141479099678456 0.04809286898839138 0.08681672025723473
0 0.6144278606965174 0.44212218649517687 0.05804311774461028 0.10932475884244373
0 0.560530679933665 0.44614147909967844 0.06301824212271974 0.11736334405144695
0 0.47512437810945274 0.4670418006430868 0.04145936981757877 0.09485530546623794
0 0.40381426202321724 0.5080385852090032 0.06135986733001658 0.1189710610932476
0 0.4527363184079602 0.6036977491961415 0.06301824212271974 0.11736334405144695
0 0.3888888888888889 0.684887459807074 0.06135986733001658 0.07395498392282958
