0 0.2933723196881092 0.15063649222065065 0.04483430799220273 0.04950495049504951
0 0.30409356725146197 0.24186704384724186 0.07017543859649122 0.10183875530410184
0 0.28460038986354774 0.33097595473833097 0.050682261208576995 0.0594059405940594
0 0.39571150097465885 0.1676096181046676 0.09746588693957114 0.08345120226308345
0 0.37037037037037035 0.28217821782178215 0.08187134502923976 0.07779349363507779
0 0.3723196881091618 0.3536067892503536 0.05847953216374269 0.0594059405940594
0 0.40545808966861596 0.4794908062234795 0.07797270955165692 0.09052333804809053
0 0.4346978557504873 0.5947666195190948 0.07017543859649122 0.06930693069306931
0 0.4220272904483431 0.6944837340876945 0.06042884990253411 0.04809052333804809
0 0.30896686159844056 0.5134370579915134 0.07212475633528265 0.08203677510608204
0 0.4834307992202729 0.25035360678925034 0.031189083820662766 0.0876944837340877
0 0.51364522417154 0.15417256011315417 0.08771929824561403 0.056577086280056574
0 0.6559454191033138 0.16407355021216408 0.08382066276803118 0.10466760961810467
0 0.8099415204678363 0.18175388967468176 0.04093567251461988 0.07213578500707214
