0 0.7297507788161994 0.28355879292403746 0.048286604361370715 0.02809573361082206
0 0.7406542056074766 0.42611862643080123 0.045171339563862926 0.019771071800208116
0 0.7406542056074766 0.4614984391259105 0.045171339563862926 0.044745057232049947
0 0.46105919003115264 0.5879292403746098 0.056074766355140186 0.04994797086368366
0 0.4742990654205608 0.6805411030176899 0.0763239875389408 0.07908428720083246
0 0.6495327102803738 0.676378772112383 0.06230529595015576 0.04162330905306972
0 0.32242990654205606 0.4469302809573361 0.08099688473520249 0.055150884495317375
0 0.34968847352024923 0.34963579604578565 0.0514018691588785 0.09365244536940687
0 0.48442367601246106 0.31685744016649325 0.0778816199376947 0.044745057232049947
0 0.5545171339563862 0.4724245577523413 0.03115264797507788 0.06867845993756504
