0 0.6201716738197425 0.2914156626506024 0.13733905579399142 0.19427710843373494
0 0.6502145922746781 0.4766566265060241 0.09871244635193133 0.13403614457831325
0 0.7896995708154506 0.4683734939759036 0.14163090128755365 0.21987951807228914
0 0.7757510729613734 0.6664156626506024 0.04935622317596566 0.15210843373493976
0 0.30793991416309013 0.31400602409638556 0.09656652360515021 0.10993975903614457
0 0.3894849785407725 0.3305722891566265 0.05793991416309013 0.10993975903614457
0 0.4721030042918455 0.3230421686746988 0.09012875536480687 0.13102409638554216
0 0.4699570815450644 0.5105421686746988 0.0944206008583691 0.08132530120481928
0 0.48175965665236054 0.6408132530120482 0.10515021459227468 0.11596385542168675
0 0.23819742489270387 0.5670180722891566 0.14163090128755365 0.17921686746987953
