0 0.5630165289256198 0.08624376336421953 0.08057851239669421 0.08125445473984319
0 0.34917355371900827 0.0630791161796151 0.14049586776859505 0.07198859586600143
0 0.47520661157024796 0.25837491090520315 0.10330578512396695 0.04632929436920884
0 0.4834710743801653 0.3321454027084818 0.11983471074380166 0.07270135424091233
0 0.46384297520661155 0.40947968638631504 0.08884297520661157 0.05773342836778332
0 0.29958677685950413 0.3022095509622238 0.1115702479338843 0.09123307198859587
0 0.2830578512396694 0.39451176051318604 0.16115702479338842 0.05915894511760513
0 0.27892561983471076 0.6069137562366358 0.12396694214876033 0.08909479686386315
0 0.4772727272727273 0.672487526728439 0.09917355371900827 0.09764789736279401
0 0.29235537190082644 0.7034925160370634 0.17148760330578514 0.05131860299358518
0 0.27892561983471076 0.7580185317177477 0.11570247933884298 0.04490377761938703
