0 0.9062027231467473 0.3601741022850925 0.0680786686838124 0.1088139281828074
0 0.9103630862329803 0.48748639825897716 0.06732223903177005 0.12187159956474429
0 0.8279122541603631 0.35473340587595215 0.0340393343419062 0.12622415669205658
0 0.825642965204236 0.4961915125136017 0.0416036308623298 0.117519042437432
0 0.7594553706505295 0.33460282916213274 0.0453857791225416 0.051142546245919476
0 0.764750378214826 0.40315560391730143 0.046898638426626324 0.062023939064200215
0 0.7212556732223904 0.4967355821545158 0.03252647503782148 0.07725788900979326
0 0.686838124054463 0.35310119695321 0.05597579425113464 0.11207834602829161
0 0.6720877458396369 0.4776931447225245 0.046142208774583963 0.09140369967355821
0 0.5677004538577912 0.4689880304678999 0.03555219364599092 0.041349292709466814
0 0.5718608169440242 0.5179542981501633 0.046898638426626324 0.056583242655059846
0 0.3142965204236006 0.26985854189336234 0.06580937972768533 0.1044613710554951
0 0.2893343419062027 0.4020674646354733 0.05521936459909228 0.088139281828074
0 0.23903177004538578 0.27149075081610446 0.059001512859304085 0.06420021762785637
0 0.23524962178517397 0.411860718171926 0.03177004538577912 0.05767138193688792
0 0.16338880484114976 0.21109902067464636 0.059001512859304085 0.10228509249183895
0 0.15468986384266264 0.3324265505984766 0.05370650529500756 0.10554951033732318
0 0.10552193645990923 0.3862894450489663 0.03555219364599092 0.05223068552774755
0 0.10287443267776097 0.2192600652883569 0.04236006051437216 0.1882480957562568
0 0.3975037821482602 0.47170837867247006 0.06883509833585477 0.08161044613710555
