0 0.7042452830188679 0.38082706766917296 0.05377358490566038 0.018796992481203006
0 0.49669811320754714 0.28308270676691727 0.06320754716981132 0.1
0 0.4226415094339623 0.2868421052631579 0.04150943396226415 0.08045112781954887
0 0.35566037735849054 0.44548872180451127 0.04339622641509434 0.10601503759398496
0 0.30047169811320756 0.5567669172932331 0.06509433962264151 0.09398496240601503
0 0.294811320754717 0.6507518796992481 0.08584905660377358 0.08796992481203007
0 0.25518867924528305 0.76203007518797 0.06320754716981132 0.12406015037593984
0 0.3273584905660377 0.7567669172932331 0.0660377358490566 0.11052631578947368
0 0.3882075471698113 0.5721804511278196 0.07075471698113207 0.09473684210526316
0 0.37641509433962267 0.6725563909774436 0.05471698113207547 0.08195488721804511
0 0.539622641509434 0.5548872180451128 0.10943396226415095 0.11879699248120301
0 0.47924528301886793 0.3954887218045113 0.05849056603773585 0.03458646616541353
0 0.7033018867924529 0.5676691729323309 0.05566037735849057 0.022556390977443608
0 0.5759433962264151 0.6560150375939849 0.05377358490566038 0.014285714285714285
0 0.5674528301886792 0.6883458646616541 0.05 0.04736842105263158
0 0.6066037735849057 0.725187969924812 0.0509433962264151 0.029323308270676692
0 0.7962264150943397 0.7233082706766917 0.0660377358490566 0.022556390977443608
