0 0.9291507633587787 0.3227129337539432 0.03769083969465649 0.05993690851735016
0 0.9358301526717557 0.3911671924290221 0.036736641221374045 0.061829652996845424
0 0.8874045801526718 0.350788643533123 0.030534351145038167 0.05804416403785489
0 0.43225190839694655 0.3589905362776025 0.025763358778625955 0.051735015772870666
0 0.40553435114503816 0.3583596214511041 0.013358778625954198 0.06309148264984227
0 0.38478053435114506 0.3694006309148265 0.015744274809160304 0.024605678233438486
0 0.35591603053435117 0.3227129337539432 0.039122137404580155 0.05993690851735016
0 0.3413645038167939 0.3917981072555205 0.03196564885496183 0.06309148264984227
0 0.33945610687022904 0.45425867507886436 0.02814885496183206 0.051735015772870666
0 0.33587786259541985 0.5148264984227129 0.02099236641221374 0.056782334384858045
0 0.3065362595419847 0.28675078864353315 0.040553435114503815 0.05993690851735016
0 0.3015267175572519 0.35583596214511043 0.025763358778625955 0.05804416403785489
0 0.30200381679389315 0.4252365930599369 0.01717557251908397 0.07444794952681388
0 0.2967557251908397 0.5003154574132492 0.025763358778625955 0.06309148264984227
0 0.12476145038167939 0.8264984227129337 0.04150763358778626 0.08075709779179811
0 0.15171755725190839 0.8239747634069401 0.01717557251908397 0.050473186119873815
0 0.1894083969465649 0.8378548895899054 0.039122137404580155 0.06435331230283911
0 0.22924618320610687 0.8255520504731861 0.015744274809160304 0.05615141955835962
0 0.2612118320610687 0.8167192429022082 0.02814885496183206 0.044794952681388014
0 0.3148854961832061 0.8126182965299684 0.030534351145038167 0.03406940063091483
