0 0.18054504163512491 0.5087783467446965 0.03255109765329296 0.06949524506217995
0 0.13512490537471614 0.5040234089246525 0.028009084027252083 0.07022677395757132
0 0.28236184708554124 0.520848573518654 0.033308099924299776 0.048280907095830286
0 0.21725965177895534 0.6558156547183613 0.03179409538228615 0.06217995610826628
0 0.17259651778955337 0.6514264813460132 0.03028009084027252 0.06510607168983175
0 0.32361847085541257 0.5248719824433065 0.03255109765329296 0.06949524506217995
0 0.42808478425435276 0.5051207022677395 0.03860711582134747 0.05193855157278712
0 0.4780469341408024 0.5190197512801755 0.041635124905374715 0.02267739575713241
0 0.2800908402725208 0.8163862472567667 0.028766086298258896 0.0570592538405267
0 0.3285389856169568 0.7556693489392831 0.028766086298258896 0.08632040965618142
0 0.29409538228614684 0.8818580833942941 0.04314912944738834 0.038771031455742504
0 0.4765329295987888 0.7560351133869788 0.03557910673732021 0.053401609363569864
0 0.526116578349735 0.7505486466715435 0.0408781226343679 0.058522311631309436
0 0.5681302043906131 0.6784930504754938 0.050719152157456475 0.03584491587417703
0 0.5775927327781983 0.5351133869787856 0.045420136260408785 0.053401609363569864
0 0.7153671461014383 0.5592538405267008 0.0348221044663134 0.03438185808339429
0 0.755109765329296 0.555596196049744 0.04012112036336109 0.06656912948061448
0 0.6896290688872067 0.7033650329188003 0.04390613171839516 0.04901243599122165
0 0.42770628311884934 0.6521580102414045 0.04844814534443603 0.06656912948061448
0 0.33951551854655565 0.6656912948061449 0.03406510219530658 0.055596196049743966
