0 0.18545454545454546 0.3209331651954603 0.09818181818181818 0.10718789407313997
0 0.2972727272727273 0.25851197982345525 0.07818181818181819 0.08827238335435057
0 0.36818181818181817 0.2597730138713745 0.034545454545454546 0.11601513240857503
0 0.43454545454545457 0.26418663303909207 0.06545454545454546 0.10466582597730138
0 0.49272727272727274 0.26229508196721313 0.06181818181818182 0.09583858764186633
0 0.57 0.2692307692307692 0.07454545454545454 0.11475409836065574
0 0.6790909090909091 0.2742749054224464 0.11454545454545455 0.1021437578814628
0 0.43272727272727274 0.38524590163934425 0.08 0.029003783102143757
0 0.13363636363636364 0.5933165195460277 0.06727272727272728 0.09709962168978563
0 0.27636363636363637 0.5832282471626734 0.08 0.034047919293820936
0 0.35363636363636364 0.605296343001261 0.06363636363636363 0.058007566204287514
0 0.3981818181818182 0.6431273644388399 0.08363636363636363 0.03278688524590164
