0 0.21191135734072022 0.6304809052333805 0.036011080332409975 0.03748231966053748
0 0.21375807940904895 0.6711456859971712 0.02677746999076639 0.04950495049504951
0 0.19529085872576177 0.7362093352192363 0.04155124653739612 0.04809052333804809
0 0.1772853185595568 0.8214285714285714 0.04986149584487535 0.06152758132956153
0 0.2608494921514312 0.6456859971711457 0.05447830101569714 0.04667609618104668
0 0.2580794090489381 0.7047383309759547 0.03785780240073869 0.051626591230551626
0 0.24238227146814403 0.7832390381895332 0.048938134810710986 0.06294200848656294
0 0.23037857802400738 0.8454738330975955 0.04524469067405355 0.05586987270155587
0 0.32871652816251157 0.6322489391796322 0.057248384118190214 0.04526166902404526
0 0.32179132040627884 0.6987270155586988 0.050784856879039705 0.04809052333804809
0 0.30701754385964913 0.7570721357850071 0.03785780240073869 0.03606789250353607
0 0.2950138504155125 0.8274398868458275 0.04524469067405355 0.07637906647807638
