0 0.51440329218107 0.497078870496592 0.11522633744855967 0.0866601752677702
0 0.4845679012345679 0.6241480038948394 0.09670781893004116 0.0759493670886076
0 0.37448559670781895 0.4907497565725414 0.11934156378600823 0.07789678675754626
0 0.32098765432098764 0.6368062317429406 0.13580246913580246 0.0798442064264849
0 0.5133744855967078 0.20009737098344693 0.10905349794238683 0.0827653359298929
0 0.5195473251028807 0.3305744888023369 0.08436213991769548 0.1314508276533593
0 0.37448559670781895 0.21859785783836416 0.1111111111111111 0.0730282375851996
0 0.23559670781893005 0.24196689386562803 0.11728395061728394 0.11197663096397274
0 0.24588477366255143 0.36514118792599803 0.10905349794238683 0.10516066212268745
0 0.24074074074074073 0.5209347614410905 0.13168724279835392 0.11684518013631938
