0 0.7806603773584906 0.11557971014492753 0.04481132075471698 0.06739130434782609
0 0.8873820754716981 0.13478260869565217 0.027122641509433963 0.0391304347826087
0 0.8567216981132075 0.3829710144927536 0.055424528301886794 0.05144927536231884
0 0.7824292452830188 0.39855072463768115 0.04834905660377359 0.042028985507246375
0 0.7753537735849056 0.5206521739130435 0.08136792452830188 0.05
0 0.7222877358490566 0.7061594202898551 0.05306603773584906 0.04855072463768116
0 0.6798349056603774 0.7797101449275362 0.08372641509433962 0.0782608695652174
0 0.6462264150943396 0.8543478260869565 0.06367924528301887 0.0391304347826087
0 0.5058962264150944 0.8532608695652174 0.0330188679245283 0.05144927536231884
0 0.5465801886792453 0.8528985507246377 0.027122641509433963 0.06376811594202898
0 0.5495283018867925 0.25072463768115943 0.04716981132075472 0.06376811594202898
0 0.451061320754717 0.13804347826086957 0.0695754716981132 0.04855072463768116
0 0.10613207547169812 0.10869565217391304 0.04245283018867924 0.03188405797101449
0 0.12617924528301888 0.3391304347826087 0.049528301886792456 0.057971014492753624
0 0.2016509433962264 0.3416666666666667 0.049528301886792456 0.06884057971014493
0 0.21108490566037735 0.46557971014492755 0.05660377358490566 0.04420289855072464
