0 0.8485838779956427 0.10160183066361556 0.06318082788671024 0.04851258581235698
0 0.7810457516339869 0.1663615560640732 0.11982570806100218 0.07551487414187644
0 0.7745098039215687 0.23752860411899313 0.15904139433551198 0.059496567505720827
0 0.7843137254901961 0.30434782608695654 0.1394335511982571 0.06864988558352403
0 0.6274509803921569 0.08077803203661327 0.09586056644880174 0.0471395881006865
0 0.6209150326797386 0.15423340961098397 0.13507625272331156 0.04576659038901602
0 0.6111111111111112 0.2160183066361556 0.14161220043572983 0.06498855835240275
0 0.6241830065359477 0.2961098398169336 0.12854030501089325 0.05491990846681922
0 0.6470588235294118 0.3560640732265446 0.13507625272331156 0.056750572082379866
0 0.6045751633986928 0.40983981693363847 0.16775599128540306 0.040732265446224256
0 0.5751633986928104 0.45697940503432494 0.12200435729847495 0.04805491990846682
0 0.5947712418300654 0.5068649885583524 0.14814814814814814 0.06178489702517163
0 0.7592592592592593 0.5066361556064073 0.10239651416122005 0.05125858123569794
0 0.7559912854030502 0.5544622425629291 0.12200435729847495 0.038901601830663615
0 0.7690631808278867 0.611212814645309 0.12200435729847495 0.038901601830663615
0 0.7265795206971678 0.6647597254004577 0.10239651416122005 0.04988558352402746
0 0.6143790849673203 0.6105263157894737 0.16122004357298475 0.04576659038901602
0 0.6209150326797386 0.6649885583524028 0.10893246187363835 0.05491990846681922
0 0.6459694989106753 0.7302059496567506 0.15904139433551198 0.05080091533180778
0 0.6623093681917211 0.7787185354691075 0.0784313725490196 0.040732265446224256
0 0.6633986928104575 0.8297482837528604 0.11546840958605664 0.040274599542334096
0 0.5054466230936819 0.07391304347826087 0.12200435729847495 0.04988558352402746
0 0.4891067538126362 0.15491990846681922 0.12854030501089325 0.0471395881006865
0 0.46296296296296297 0.21533180778032038 0.12854030501089325 0.0471395881006865
0 0.4411764705882353 0.2922196796338673 0.1721132897603486 0.05263157894736842
0 0.42919389978213507 0.34508009153318076 0.12200435729847495 0.04576659038901602
0 0.4477124183006536 0.4265446224256293 0.09803921568627451 0.06041189931350115
0 0.4357298474945534 0.4993135011441648 0.12200435729847495 0.06041189931350115
0 0.4477124183006536 0.5496567505720824 0.1328976034858388 0.043020594965675056
0 0.4760348583877996 0.6139588100686499 0.08932461873638345 0.0471395881006865
0 0.4542483660130719 0.6695652173913044 0.15904139433551198 0.040274599542334096
0 0.45098039215686275 0.722883295194508 0.1394335511982571 0.036155606407322655
0 0.4891067538126362 0.7707093821510298 0.10239651416122005 0.056750572082379866
0 0.4923747276688453 0.8290617848970252 0.17429193899782136 0.044393592677345536
