0 0.31548347613219097 0.36965152183502425 0.033659730722154224 0.0282311424790472
0 0.26468788249694003 0.40780767534186146 0.027539779681762546 0.021614468460520512
0 0.19767441860465115 0.49867666519629467 0.03916768665850673 0.02690780767534186
0 0.2291921664626683 0.4953683281870313 0.03488372093023256 0.03617115130127922
0 0.32466340269277844 0.4419938244375827 0.04467564259485924 0.025584472871636524
0 0.6900244798041616 0.46735774150860165 0.04834761321909425 0.025143361270401413
0 0.6484088127294981 0.5322011468901632 0.03488372093023256 0.021614468460520512
0 0.6698286413708691 0.5494044993383326 0.03733170134638923 0.024261138067931187
0 0.5621175030599755 0.5734450816056462 0.04467564259485924 0.023820026466696075
0 0.6967564259485924 0.5915306572562858 0.031211750305997554 0.02293780326422585
0 0.6900244798041616 0.6885752095280105 0.033659730722154224 0.023820026466696075
0 0.2616279069767442 0.5822673136303484 0.05936352509179926 0.04675782973092192
0 0.20318237454100369 0.5789589766210851 0.042839657282741736 0.032201146890163214
0 0.1967564259485924 0.6023378914865462 0.018971848225214197 0.027790030877812087
0 0.36383108935128516 0.5086016762240847 0.04100367197062423 0.0388178209086899
0 0.4112607099143207 0.496029995588884 0.05385556915544676 0.04543449492721659
0 0.6465728274173806 0.40648434053815613 0.038555691554467565 0.018967798853109837
0 0.5195838433292533 0.46449051610057346 0.033047735618115054 0.03617115130127922
0 0.658812729498164 0.25121305690339657 0.04834761321909425 0.04543449492721659
0 0.8754589963280294 0.2093074547860609 0.04467564259485924 0.038376709307454786
0 0.773561811505508 0.08910454344949272 0.044063647490820076 0.03617115130127922
0 0.7729498164014688 0.1345390383767093 0.05385556915544676 0.02293780326422585
0 0.7708078335373317 0.17401852668725187 0.03488372093023256 0.032201146890163214
0 0.8736230110159119 0.2948831054256727 0.04100367197062423 0.05778561976179974
0 0.8690330477356181 0.3321570357300397 0.03182374541003672 0.025584472871636524
0 0.7365361077111383 0.7165857962064403 0.02631578947368421 0.03749448610498456
0 0.6918604651162791 0.7820908689898545 0.04467564259485924 0.03440670489633877
