0 0.8176470588235294 0.08794788273615635 0.07294117647058823 0.05863192182410423
0 0.851764705882353 0.1742671009771987 0.09411764705882353 0.09446254071661238
0 0.8435294117647059 0.2719869706840391 0.05411764705882353 0.05537459283387622
0 0.8011764705882353 0.3517915309446254 0.10588235294117647 0.07166123778501629
0 0.788235294117647 0.44625407166123776 0.07058823529411765 0.08469055374592833
0 0.7176470588235294 0.16368078175895764 0.08941176470588236 0.09283387622149837
0 0.668235294117647 0.38355048859934854 0.11294117647058824 0.06351791530944625
0 0.5235294117647059 0.10423452768729642 0.09647058823529411 0.03908794788273615
0 0.2776470588235294 0.1237785016286645 0.0611764705882353 0.06514657980456026
0 0.3729411764705882 0.14413680781758959 0.07764705882352942 0.08957654723127036
0 0.4788235294117647 0.2687296416938111 0.07764705882352942 0.10097719869706841
0 0.76 0.6962540716612378 0.07058823529411765 0.15472312703583063
0 0.6752941176470588 0.7027687296416938 0.07058823529411765 0.13517915309446255
0 0.2952941176470588 0.5521172638436482 0.08705882352941176 0.09446254071661238
0 0.2541176470588235 0.7793159609120521 0.10352941176470588 0.08306188925081433
