0 0.40594059405940597 0.5821129707112971 0.12277227722772277 0.09728033472803348
0 0.4099009900990099 0.698744769874477 0.07128712871287128 0.0794979079497908
0 0.5514851485148515 0.5852510460251046 0.08118811881188119 0.09309623430962342
0 0.5712871287128712 0.7222803347280334 0.09702970297029703 0.1202928870292887
0 0.41386138613861384 0.23430962343096234 0.08712871287128712 0.07740585774058577
0 0.5425742574257426 0.18723849372384938 0.09108910891089109 0.0899581589958159
0 0.6524752475247525 0.22018828451882846 0.09306930693069307 0.1307531380753138
0 0.4534653465346535 0.3410041841004184 0.12277227722772277 0.09414225941422594
0 0.4495049504950495 0.4534518828451883 0.10297029702970296 0.08891213389121339
0 0.6178217821782178 0.3415271966527197 0.12673267326732673 0.06380753138075314
0 0.602970297029703 0.44822175732217573 0.11683168316831684 0.12656903765690378
