0 0.040733830845771146 0.22254059216809932 0.034203980099502485 0.06685768863419293
0 0.05192786069651741 0.29751671442215855 0.034203980099502485 0.06399235912129896
0 0.06063432835820896 0.41069723018147086 0.03793532338308458 0.07640878701050621
0 0.146455223880597 0.3968481375358166 0.030472636815920398 0.04871060171919771
0 0.19247512437810946 0.36867239732569246 0.030472636815920398 0.07449856733524356
0 0.09919154228855721 0.21680993314231137 0.026741293532338308 0.045845272206303724
0 0.25155472636815923 0.31614135625596945 0.029228855721393034 0.034383954154727794
0 0.394589552238806 0.2851002865329513 0.03171641791044776 0.027698185291308502
0 0.7204601990049752 0.281279847182426 0.023009950248756218 0.02387774594078319
0 0.7223258706467661 0.3223495702005731 0.03171641791044776 0.054441260744985676
0 0.9493159203980099 0.20630372492836677 0.03917910447761194 0.06876790830945559
0 0.951181592039801 0.3046800382043935 0.027985074626865673 0.08595988538681948
0 0.9527363184079602 0.42168099331423115 0.022388059701492536 0.0659025787965616
0 0.8628731343283582 0.21680993314231137 0.03171641791044776 0.05157593123209169
0 0.8678482587064676 0.42024832855778416 0.027985074626865673 0.11079274116523401
0 0.8174751243781094 0.4059216809933142 0.034203980099502485 0.0936007640878701
0 0.9070273631840796 0.2134670487106017 0.025497512437810944 0.05253104106972302
0 0.8081467661691543 0.2086914995224451 0.025497512437810944 0.039159503342884434
0 0.8199626865671642 0.7411652340019103 0.03669154228855721 0.06685768863419293
0 0.8205845771144279 0.8347659980897804 0.027985074626865673 0.06685768863419293
0 0.8249378109452736 0.6571155682903533 0.03171641791044776 0.07831900668576887
0 0.8193407960199005 0.5587392550143266 0.030472636815920398 0.08404966571155682
0 0.7388059701492538 0.6456542502387774 0.026119402985074626 0.019102196752626553
0 0.7360074626865671 0.671919770773639 0.024253731343283583 0.03724928366762178
0 0.7378731343283582 0.5143266475644699 0.027985074626865673 0.025787965616045846
0 0.6066542288557214 0.3151862464183381 0.026741293532338308 0.04011461318051576
0 0.7627487562189055 0.6776504297994269 0.016791044776119403 0.021967526265520534
0 0.3986318407960199 0.46131805157593125 0.028606965174129355 0.021012416427889206
0 0.26927860696517414 0.6509073543457498 0.04228855721393035 0.03724928366762178
0 0.25342039800995025 0.14851957975167143 0.03793532338308458 0.03533906399235912
0 0.3939676616915423 0.10076408787010506 0.027985074626865673 0.025787965616045846
0 0.5774253731343284 0.7760267430754537 0.029228855721393034 0.04297994269340974
0 0.6097636815920398 0.48424068767908307 0.030472636815920398 0.011461318051575931
