0 0.43667763157894735 0.05108359133126935 0.08717105263157894 0.054695562435500514
0 0.46381578947368424 0.17182662538699692 0.09539473684210527 0.13106295149638802
0 0.5041118421052632 0.29256965944272445 0.05756578947368421 0.054695562435500514
0 0.5345394736842105 0.39060887512899894 0.11842105263157894 0.11248710010319918
0 0.31085526315789475 0.11145510835913312 0.13486842105263158 0.09494324045407637
0 0.3782894736842105 0.2347781217750258 0.0756578947368421 0.1042311661506708
0 0.42598684210526316 0.39680082559339525 0.08223684210526316 0.11661506707946337
0 0.5452302631578947 0.673374613003096 0.10032894736842106 0.08771929824561403
0 0.6661184210526315 0.6898864809081527 0.08881578947368421 0.11248710010319918
0 0.7549342105263158 0.6904024767801857 0.05263157894736842 0.09700722394220847
0 0.5567434210526315 0.7992776057791537 0.07730263157894737 0.10629514963880289
0 0.6710526315789473 0.8163054695562435 0.06578947368421052 0.09287925696594428
0 0.7771381578947368 0.8065015479876161 0.09703947368421052 0.09597523219814241
