0 0.7132596685082873 0.32430506058446185 0.023204419889502764 0.05844618674269423
0 0.7337016574585635 0.4080541696364932 0.03425414364640884 0.06486101211689238
0 0.7033149171270718 0.41304347826086957 0.020994475138121547 0.06486101211689238
0 0.737292817679558 0.470064148253742 0.01712707182320442 0.030648610121168925
0 0.7464088397790055 0.5249465431218817 0.03535911602209945 0.07911617961511047
0 0.8212707182320442 0.5659301496792587 0.020441988950276244 0.047042052744119746
0 0.7151933701657458 0.48182466143977193 0.01712707182320442 0.05702066999287242
0 0.6770718232044199 0.3421240199572345 0.04696132596685083 0.07127583749109052
0 0.6408839779005525 0.35994297933000713 0.030939226519337018 0.05987170349251604
0 0.6198895027624309 0.38524590163934425 0.03535911602209945 0.06628652886671418
0 0.5389502762430939 0.48610121168923737 0.03591160220994475 0.0684248039914469
0 0.5549723756906078 0.5698503207412687 0.04033149171270718 0.07769066286528867
0 0.6218232044198895 0.5933713471133286 0.029281767955801105 0.036350677120456164
0 0.5972375690607735 0.7124019957234498 0.026519337016574586 0.039201710620099785
0 0.4922651933701657 0.29971489665003564 0.023204419889502764 0.06628652886671418
0 0.45966850828729283 0.3014967925873129 0.032044198895027624 0.047042052744119746
0 0.4964088397790055 0.48182466143977193 0.029281767955801105 0.0541696364932288
0 0.5022099447513813 0.5459729151817534 0.03314917127071823 0.0684248039914469
0 0.4607734806629834 0.49215965787598004 0.022099447513812154 0.09052031361368496
0 0.4599447513812155 0.5573770491803278 0.02707182320441989 0.042765502494654314
0 0.36574585635359114 0.5955096222380613 0.023204419889502764 0.020669992872416252
0 0.4129834254143646 0.6664290805416964 0.01712707182320442 0.017106200997861726
0 0.40773480662983425 0.6949394155381325 0.023204419889502764 0.03278688524590164
0 0.26574585635359116 0.605488239486814 0.02983425414364641 0.03207412687099073
0 0.2773480662983425 0.7116892373485388 0.01878453038674033 0.01924447612259444
0 0.2 0.34746970776906627 0.03535911602209945 0.07626514611546685
0 0.16629834254143647 0.3617248752672844 0.039779005524861875 0.07626514611546685
0 0.1632596685082873 0.4280114041339986 0.03812154696132597 0.06058446186742694
0 0.156353591160221 0.5121168923734853 0.02430939226519337 0.040627227369921595
0 0.2160220994475138 0.4258731290092659 0.0430939226519337 0.05203136136849608
0 0.22955801104972376 0.5192444761225944 0.04585635359116022 0.0962223806129722
0 0.1649171270718232 0.586600142551675 0.029281767955801105 0.03136136849607983
0 0.16878453038674032 0.7020669992872416 0.02707182320441989 0.02851033499643621
