0 0.6411347517730497 0.2065 0.09929078014184398 0.051
0 0.6347517730496454 0.2755 0.10070921985815603 0.077
0 0.5312056737588653 0.533 0.04113475177304964 0.078
0 0.577304964539007 0.5235 0.031205673758865248 0.051
0 0.6382978723404256 0.521 0.06524822695035461 0.07
0 0.47092198581560285 0.2215 0.06524822695035461 0.121
0 0.32978723404255317 0.188 0.05531914893617021 0.112
0 0.2929078014184397 0.312 0.08936170212765958 0.12
0 0.399290780141844 0.35 0.08936170212765958 0.096
0 0.2822695035460993 0.459 0.05390070921985816 0.088
0 0.2631205673758865 0.629 0.06382978723404255 0.08
0 0.26099290780141843 0.7365 0.06808510638297872 0.079
0 0.2702127659574468 0.825 0.08085106382978724 0.056
0 0.16312056737588654 0.645 0.06524822695035461 0.112
0 0.08368794326241134 0.6405 0.09078014184397164 0.149
0 0.1652482269503546 0.7695 0.07801418439716312 0.091
