0 0.7266387726638772 0.05363805970149254 0.044630404463040445 0.036380597014925374
0 0.7196652719665272 0.1921641791044776 0.061366806136680614 0.048507462686567165
0 0.6882845188284519 0.34888059701492535 0.07391910739191074 0.08208955223880597
0 0.6980474198047419 0.44402985074626866 0.04602510460251046 0.06529850746268656
0 0.6276150627615062 0.5760261194029851 0.05578800557880056 0.0625
0 0.5822873082287309 0.6595149253731343 0.03486750348675035 0.06529850746268656
0 0.5097629009762901 0.715018656716418 0.07670850767085077 0.0960820895522388
0 0.42189679218967924 0.5060634328358209 0.06834030683403068 0.03264925373134328
0 0.47629009762900976 0.355410447761194 0.04602510460251046 0.020522388059701493
0 0.40655509065550904 0.1707089552238806 0.05160390516039052 0.020522388059701493
0 0.4400278940027894 0.20242537313432835 0.05160390516039052 0.04291044776119403
0 0.25313807531380755 0.3451492537313433 0.06555090655509066 0.041044776119402986
