0 0.3956043956043956 0.19184290030211482 0.11538461538461539 0.11782477341389729
0 0.4052197802197802 0.4070996978851964 0.07967032967032966 0.12537764350453173
0 0.5164835164835165 0.18504531722054382 0.04395604395604396 0.09818731117824774
0 0.5851648351648352 0.2001510574018127 0.04395604395604396 0.09516616314199396
0 0.6524725274725275 0.20996978851963746 0.06318681318681318 0.10574018126888217
0 0.7953296703296703 0.21676737160120846 0.09615384615384616 0.022658610271903322
0 0.37637362637362637 0.5694864048338368 0.0989010989010989 0.09365558912386707
0 0.49862637362637363 0.5694864048338368 0.08516483516483517 0.08157099697885196
0 0.6263736263736264 0.5302114803625377 0.08791208791208792 0.09063444108761329
0 0.7348901098901099 0.533987915407855 0.06868131868131869 0.09516616314199396
0 0.6826923076923077 0.6072507552870091 0.07417582417582418 0.030211480362537766
