0 0.4957805907172996 0.3181818181818182 0.04852320675105485 0.08841843088418432
0 0.555379746835443 0.29638854296388545 0.028481012658227847 0.07970112079701121
0 0.48417721518987344 0.541095890410959 0.04219409282700422 0.08343711083437111
0 0.5527426160337553 0.5547945205479452 0.029535864978902954 0.0784557907845579
0 0.6255274261603375 0.3312577833125778 0.0379746835443038 0.0273972602739726
0 0.6972573839662447 0.3586550435865504 0.04219409282700422 0.0647571606475716
0 0.8291139240506329 0.3655043586550436 0.046413502109704644 0.031133250311332503
0 0.8159282700421941 0.5716064757160647 0.039029535864978905 0.0547945205479452
0 0.5084388185654009 0.7621419676214197 0.02531645569620253 0.0896637608966376
0 0.39082278481012656 0.25093399750934 0.049578059071729956 0.08094645080946451
0 0.3760548523206751 0.39227895392278955 0.0770042194092827 0.0921544209215442
0 0.3866033755274262 0.48816936488169366 0.04746835443037975 0.06724782067247821
0 0.3138185654008439 0.2403486924034869 0.043248945147679324 0.07721046077210461
0 0.2737341772151899 0.5043586550435866 0.03691983122362869 0.047322540473225407
0 0.14926160337552744 0.46948941469489414 0.06645569620253164 0.07970112079701121
