0 0.5723140495867769 0.12707535121328226 0.09917355371900827 0.07790549169859515
0 0.5754132231404959 0.22988505747126436 0.11776859504132231 0.11749680715197956
0 0.4194214876033058 0.1756066411238825 0.07851239669421488 0.10855683269476372
0 0.38326446280991733 0.2994891443167305 0.05165289256198347 0.0983397190293742
0 0.29545454545454547 0.13856960408684546 0.07024793388429752 0.07790549169859515
0 0.28615702479338845 0.2611749680715198 0.10950413223140495 0.13154533844189017
0 0.30165289256198347 0.39782886334610473 0.08677685950413223 0.08556832694763729
0 0.33264462809917356 0.5166028097062579 0.08677685950413223 0.09323116219667944
0 0.18078512396694216 0.11685823754789272 0.09710743801652892 0.07535121328224777
0 0.18388429752066116 0.24201787994891444 0.07024793388429752 0.07279693486590039
0 0.2097107438016529 0.39144316730523626 0.08471074380165289 0.08812260536398467
0 0.22830578512396693 0.5051085568326947 0.12190082644628099 0.12388250319284802
