0 0.9248429192846785 0.7315695600475625 0.03624939584340261 0.07431629013079667
0 0.9219429676172064 0.8097502972651606 0.025616239729337846 0.06064209274673008
0 0.9267762203963267 0.8923900118906064 0.03528274528757854 0.06539833531510107
0 0.4362010633156114 0.46343638525564806 0.027549540840985983 0.03745541022592152
0 0.43740937651039147 0.36682520808561236 0.029966167230546157 0.04042806183115339
0 0.36926051232479457 0.5273483947681332 0.03866602223296278 0.052318668252080855
0 0.41445142580956984 0.5377526753864447 0.025616239729337846 0.04934601664684899
0 0.46568390526824555 0.5428061831153389 0.026582890285161913 0.06539833531510107
0 0.5920734654422426 0.7571343638525565 0.03286611889801837 0.0624256837098692
0 0.6010149830836152 0.866230677764566 0.05074915418076365 0.06064209274673008
0 0.3177863702271629 0.8394768133174791 0.03528274528757854 0.08799048751486326
