0 0.6746280344557557 0.2259953161592506 0.01957713390759593 0.02107728337236534
0 0.8245888801879405 0.36621779859484777 0.050117462803445575 0.049765807962529274
0 0.8296789350039154 0.4373536299765808 0.03210649960845732 0.04566744730679157
0 0.836335160532498 0.5649882903981265 0.037588097102584185 0.0585480093676815
0 0.8163664839467502 0.6405152224824356 0.033672670321064996 0.03044496487119438
0 0.803054032889585 0.6943793911007026 0.04620203602192639 0.04800936768149883
0 0.7924823805794832 0.7546838407494145 0.028191072826938137 0.05152224824355972
0 0.8516053249804229 0.6917447306791569 0.03210649960845732 0.045081967213114756
0 0.8770555990602976 0.634367681498829 0.02975724353954581 0.04039812646370024
0 0.7971808927173062 0.27985948477751754 0.0548159749412686 0.05737704918032787
0 0.76938136256852 0.20608899297423888 0.03523884103367267 0.03981264637002342
0 0.6953797963978073 0.11358313817330211 0.02662490211433046 0.02810304449648712
0 0.7321848081440877 0.5764051522248244 0.036021926389976505 0.025175644028103045
0 0.725920125293657 0.4399882903981265 0.037588097102584185 0.021662763466042154
0 0.6855912294440094 0.3401639344262295 0.021143304620203602 0.02927400468384075
0 0.677760375880971 0.680327868852459 0.022709475332811275 0.040983606557377046
0 0.7204385277995301 0.6861826697892272 0.023492560689115115 0.026932084309133488
0 0.70203602192639 0.7854215456674473 0.04306969459671104 0.022833723653395786
0 0.38684416601409555 0.757903981264637 0.042286609240407204 0.013466042154566744
0 0.2776037588097103 0.6668618266978923 0.047768206734534066 0.040983606557377046
0 0.07987470634299139 0.6604215456674473 0.037588097102584185 0.059718969555035126
0 0.12411902897415818 0.6469555035128806 0.033672670321064996 0.0468384074941452
0 0.12529365700861395 0.7028688524590164 0.036021926389976505 0.03337236533957846
0 0.15544244322631168 0.752927400468384 0.03210649960845732 0.03981264637002342
0 0.16523101018010963 0.19262295081967212 0.037588097102584185 0.04215456674473068
0 0.1499608457321848 0.26375878220140514 0.03210649960845732 0.04625292740046839
0 0.11785434612372749 0.3322599531615925 0.04620203602192639 0.04742388758782201
0 0.09162098668754894 0.40749414519906324 0.06421299921691465 0.06791569086651054
0 0.35395458104933436 0.30357142857142855 0.03445575567736883 0.025175644028103045
0 0.3629600626468285 0.4142271662763466 0.033672670321064996 0.03571428571428571
0 0.2188723570869225 0.43208430913348944 0.04463586530931871 0.026932084309133488
0 0.3923257635082224 0.275175644028103 0.025058731401722788 0.04800936768149883
0 0.5 0.2851288056206089 0.033672670321064996 0.03629976580796253
0 0.5810493343774471 0.30415690866510536 0.03915426781519186 0.04274004683840749
0 0.3230227094753328 0.19730679156908665 0.060297572435395456 0.05152224824355972
0 0.5552075176194206 0.08430913348946135 0.04072043852779953 0.03864168618266979
