0 0.9162854528819762 0.21270452358036573 0.043000914913083256 0.04812319538017324
0 0.8783165599268069 0.19971126082771895 0.023787740164684355 0.05678537054860443
0 0.9039341262580055 0.3233878729547642 0.04025617566331199 0.05582290664100096
0 0.8952424519670631 0.3883541867179981 0.035681610247026534 0.05293551491819057
0 0.8668801463860933 0.4836381135707411 0.039341262580054895 0.07603464870067372
0 0.8247941445562672 0.5779595765158807 0.03202195791399817 0.06256015399422522
0 0.7218664226898445 0.4619826756496631 0.020128087831655993 0.025024061597690085
0 0.7218664226898445 0.6746871992300288 0.01646843549862763 0.07699711260827719
0 0.2666971637694419 0.5625601539942252 0.026532479414455627 0.02598652550529355
0 0.2653247941445563 0.6029836381135707 0.036596523330283626 0.04331087584215592
0 0.23101555352241537 0.22617901828681425 0.03751143641354071 0.04619826756496631
0 0.18298261665141813 0.2492781520692974 0.04025617566331199 0.025024061597690085
0 0.08920402561756634 0.32820019249278154 0.043000914913083256 0.10779595765158806
0 0.13174748398902103 0.46823869104908566 0.06038426349496798 0.10105871029836382
0 0.13998170173833485 0.32868142444658327 0.023787740164684355 0.05101058710298364
