0 0.7138480392156863 0.16755793226381463 0.028186274509803922 0.035650623885918005
0 0.7028186274509803 0.3155080213903743 0.04044117647058824 0.0196078431372549
0 0.6727941176470589 0.4714795008912656 0.041666666666666664 0.026737967914438502
0 0.6997549019607843 0.6256684491978609 0.056372549019607844 0.04634581105169341
0 0.8462009803921569 0.785650623885918 0.05269607843137255 0.06862745098039216
0 0.7775735294117647 0.7736185383244206 0.05514705882352941 0.0748663101604278
0 0.5520833333333334 0.7254901960784313 0.07475490196078431 0.1408199643493761
0 0.4117647058823529 0.7972370766488414 0.058823529411764705 0.07040998217468805
0 0.2647058823529412 0.6296791443850267 0.061274509803921566 0.03297682709447415
0 0.30514705882352944 0.8065953654188949 0.07598039215686274 0.0677361853832442
0 0.1256127450980392 0.6849376114081996 0.04534313725490196 0.08110516934046345
0 0.13480392156862744 0.7602495543672014 0.049019607843137254 0.08021390374331551
