0 0.6503067484662577 0.37550689375506896 0.10224948875255624 0.09570154095701541
0 0.6860940695296524 0.4732360097323601 0.12065439672801637 0.0867802108678021
0 0.29141104294478526 0.06974858069748581 0.17791411042944785 0.07137064071370641
0 0.3118609406952965 0.21897810218978103 0.1574642126789366 0.1411192214111922
0 0.21267893660531698 0.3118410381184104 0.09406952965235174 0.042984590429845905
0 0.4447852760736196 0.3742903487429035 0.06339468302658487 0.09326845093268452
0 0.36912065439672803 0.5105433901054339 0.10429447852760736 0.12408759124087591
0 0.6032719836400818 0.5583941605839416 0.07770961145194274 0.028386050283860504
0 0.25255623721881393 0.5575831305758313 0.1083844580777096 0.031630170316301706
0 0.21267893660531698 0.4197080291970803 0.081799591002045 0.06082725060827251
