0 0.3825710754017305 0.6280114332380563 0.08776266996291718 0.04736627194773377
0 0.3819530284301607 0.6847692935892201 0.06427688504326329 0.04736627194773377
0 0.3473423980222497 0.7284605961616987 0.0519159456118665 0.023683135973866884
0 0.3145859085290482 0.768068599428338 0.05562422744128554 0.04083299305839118
0 0.40976514215080345 0.7413229889750919 0.05562422744128554 0.04450796243364639
0 0.48763906056860323 0.740506329113924 0.04326328800988875 0.035524703960800326
0 0.622991347342398 0.6147407104940792 0.0519159456118665 0.0208248264597795
0 0.6891223733003708 0.680685994283381 0.05562422744128554 0.010616578195181707
0 0.7014833127317676 0.6939567170273581 0.09517923362175525 0.015924867292772562
0 0.681087762669963 0.7207023274806044 0.06427688504326329 0.030216414863209473
0 0.28986402966625463 0.2158023683135974 0.08776266996291718 0.01837484687627603
0 0.842398022249691 0.4922417313189057 0.0754017305315204 0.01837484687627603
0 0.830655129789864 0.5198040016333197 0.0519159456118665 0.023683135973866884
0 0.6674907292954264 0.5008166598611679 0.0519159456118665 0.03307472437729685
0 0.7224969097651421 0.5069416088199264 0.03584672435105068 0.028991425071457737
0 0.7725587144622992 0.5120457329522254 0.03955500618046971 0.03674969375255206
0 0.7824474660074165 0.6745610453246222 0.0519159456118665 0.017149857084524295
0 0.6334981458590853 0.12351980400163332 0.030902348578491966 0.03960800326663944
0 0.6551297898640297 0.12147815434871376 0.012360939431396786 0.02000816659861168
0 0.7027194066749073 0.1314822376480196 0.03584672435105068 0.023683135973866884
