0 0.6103896103896104 0.16279069767441862 0.11428571428571428 0.046511627906976744
0 0.6 0.253156146179402 0.1974025974025974 0.09700996677740864
0 0.6155844155844156 0.3495016611295681 0.2077922077922078 0.08770764119601329
0 0.6181818181818182 0.45182724252491696 0.23376623376623376 0.06378737541528239
0 0.6363636363636364 0.5521594684385382 0.2701298701298701 0.11029900332225914
0 0.6493506493506493 0.6651162790697674 0.23376623376623376 0.08903654485049833
0 0.2987012987012987 0.29900332225913623 0.17662337662337663 0.07973421926910298
0 0.2545454545454545 0.38272425249169434 0.21298701298701297 0.061129568106312294
0 0.3012987012987013 0.44119601328903657 0.23376623376623376 0.04784053156146179
0 0.2753246753246753 0.5196013289036545 0.18181818181818182 0.0850498338870432
0 0.2987012987012987 0.5853820598006645 0.2597402597402597 0.038538205980066444
0 0.3090909090909091 0.6358803986710964 0.23896103896103896 0.07574750830564785
0 0.33506493506493507 0.7355481727574751 0.15584415584415584 0.08106312292358804
0 0.2857142857142857 0.837873754152824 0.17142857142857143 0.08903654485049833
