0 0.4662849872773537 0.08041958041958042 0.062340966921119595 0.0473970473970474
0 0.4713740458015267 0.21717171717171718 0.16157760814249364 0.13286713286713286
0 0.34096692111959287 0.1048951048951049 0.08651399491094147 0.09634809634809635
0 0.31361323155216286 0.22999222999222999 0.09287531806615776 0.08857808857808858
0 0.23918575063613232 0.10683760683760683 0.061068702290076333 0.08158508158508158
0 0.22519083969465647 0.2191142191142191 0.04071246819338423 0.07925407925407925
0 0.5540712468193384 0.07342657342657342 0.05216284987277354 0.022533022533022532
0 0.6679389312977099 0.08391608391608392 0.05597964376590331 0.03885003885003885
0 0.6533078880407125 0.5761460761460762 0.05979643765903308 0.02097902097902098
0 0.3282442748091603 0.5742035742035742 0.07124681933842239 0.02641802641802642
0 0.4179389312977099 0.7101787101787101 0.07251908396946564 0.04195804195804196
