0 0.16666666666666666 0.5204207920792079 0.044563279857397504 0.04084158415841584
0 0.18538324420677363 0.6113861386138614 0.0392156862745098 0.06930693069306931
0 0.23975044563279857 0.5433168316831684 0.05525846702317291 0.04950495049504951
0 0.2531194295900178 0.6113861386138614 0.06417112299465241 0.04207920792079208
0 0.33778966131907306 0.5482673267326733 0.058823529411764705 0.05198019801980198
0 0.6327985739750446 0.48576732673267325 0.06060606060606061 0.013613861386138614
0 0.7967914438502673 0.5816831683168316 0.04634581105169341 0.03217821782178218
0 0.27807486631016043 0.19492574257425743 0.049910873440285206 0.03341584158415842
0 0.27629233511586454 0.28898514851485146 0.049910873440285206 0.0853960396039604
0 0.3360071301247772 0.18193069306930693 0.0481283422459893 0.03712871287128713
0 0.32620320855614976 0.27413366336633666 0.0427807486631016 0.07054455445544554
0 0.39126559714795006 0.18007425742574257 0.040998217468805706 0.07301980198019802
0 0.4536541889483066 0.18873762376237624 0.0481283422459893 0.08044554455445545
0 0.5231729055258467 0.1875 0.044563279857397504 0.07549504950495049
