0 0.7551984877126654 0.15139442231075698 0.035916824196597356 0.05312084993359894
0 0.6587901701323251 0.1407702523240372 0.0888468809073724 0.06640106241699867
0 0.6758034026465028 0.250332005312085 0.043478260869565216 0.049136786188579015
0 0.5519848771266541 0.12616201859229748 0.045368620037807186 0.09561752988047809
0 0.5935727788279773 0.249667994687915 0.05671077504725898 0.07702523240371846
0 0.8364839319470699 0.14807436918990705 0.07750472589792061 0.08897742363877822
0 0.7873345935727788 0.23107569721115537 0.043478260869565216 0.06108897742363878
0 0.5689981096408318 0.44687915006640105 0.06049149338374291 0.1049136786188579
0 0.43478260869565216 0.4893758300132802 0.07183364839319471 0.07835325365205843
0 0.3572778827977316 0.48406374501992033 0.022684310018903593 0.0650730411686587
0 0.2514177693761815 0.48871181938911024 0.06427221172022685 0.08233731739707835
0 0.277882797731569 0.35391766268260294 0.0831758034026465 0.09428950863213811
0 0.40737240075614367 0.399734395750332 0.05103969754253308 0.055776892430278883
0 0.15973534971644612 0.39575033200531207 0.0661625708884688 0.0796812749003984
0 0.39224952741020797 0.16799468791500663 0.0661625708884688 0.08897742363877822
0 0.2892249527410208 0.21381142098273573 0.07183364839319471 0.06640106241699867
0 0.13043478260869565 0.16069057104913678 0.10586011342155009 0.0849933598937583
0 0.723062381852552 0.4648074369189907 0.07372400756143667 0.04780876494023904
0 0.831758034026465 0.46879150066401065 0.05671077504725898 0.10889774236387782
