0 0.5713128038897893 0.18115154807170017 0.12155591572123177 0.04617055947854427
0 0.5753646677471637 0.2561108093427485 0.12965964343598055 0.08202064095600217
0 0.41491085899513774 0.18468223791417707 0.08752025931928688 0.060836501901140684
0 0.4189627228525122 0.2601846822379142 0.11831442463533225 0.055404671374253124
0 0.32820097244732577 0.19771863117870722 0.10210696920583469 0.053231939163498096
0 0.3087520259319287 0.2561108093427485 0.06320907617504051 0.042911461162411735
0 0.5332252836304701 0.43617599130907114 0.12641815235008103 0.055404671374253124
0 0.4286871961102107 0.4296577946768061 0.09886547811993517 0.07387289516567083
0 0.32982171799027554 0.4348180336773493 0.1053484602917342 0.06355241716458447
0 0.4213938411669368 0.5038022813688213 0.10696920583468396 0.07441607821835959
0 0.30226904376012964 0.5046170559478544 0.09238249594813615 0.04888647474198805
0 0.520259319286872 0.6958174904942965 0.10696920583468396 0.053231939163498096
0 0.4222042139384117 0.6993481803367735 0.11831442463533225 0.07007061379684953
0 0.2820097244732577 0.6928299837045084 0.12317666126418152 0.057034220532319393
0 0.4205834683954619 0.7835415535035307 0.11507293354943274 0.07441607821835959
0 0.2787682333873582 0.7688756110809343 0.1393841166936791 0.07984790874524715
0 0.513776337115073 0.8511678435632808 0.11993517017828201 0.047800108636610536
