0 0.5463258785942492 0.5742827868852459 0.15335463258785942 0.08913934426229508
0 0.5319488817891374 0.701844262295082 0.15654952076677317 0.09221311475409837
0 0.3210862619808307 0.5701844262295082 0.20766773162939298 0.10758196721311475
0 0.31789137380191695 0.7054303278688525 0.08626198083067092 0.0706967213114754
0 0.16293929712460065 0.5655737704918032 0.07667731629392971 0.08401639344262295
0 0.7060702875399361 0.3048155737704918 0.15335463258785942 0.0584016393442623
0 0.670926517571885 0.3826844262295082 0.09584664536741214 0.04815573770491803
0 0.6517571884984026 0.4487704918032787 0.14057507987220447 0.06762295081967214
0 0.49201277955271566 0.30174180327868855 0.10862619808306709 0.08709016393442623
0 0.4936102236421725 0.39139344262295084 0.054313099041533544 0.05737704918032787
0 0.45686900958466453 0.4682377049180328 0.134185303514377 0.045081967213114756
0 0.34824281150159747 0.2858606557377049 0.06389776357827476 0.07172131147540983
0 0.3498402555910543 0.3826844262295082 0.12460063897763578 0.06659836065573771
0 0.3210862619808307 0.4964139344262295 0.10543130990415335 0.0194672131147541
