0 0.71875 0.16512915129151293 0.04891304347826087 0.05719557195571956
0 0.7737771739130435 0.18081180811808117 0.03940217391304348 0.05166051660516605
0 0.8206521739130435 0.18957564575645758 0.057065217391304345 0.06918819188191883
0 0.4014945652173913 0.1752767527675277 0.06657608695652174 0.02952029520295203
0 0.42866847826086957 0.3593173431734317 0.06114130434782609 0.03413284132841329
0 0.37839673913043476 0.39898523985239853 0.06657608695652174 0.07103321033210332
0 0.7792119565217391 0.4308118081180812 0.06385869565217392 0.016605166051660517
0 0.499320652173913 0.43404059040590404 0.06114130434782609 0.013837638376383764
0 0.469429347826087 0.6074723247232472 0.058423913043478264 0.015682656826568265
0 0.4673913043478261 0.665590405904059 0.057065217391304345 0.058118081180811805
0 0.5434782608695652 0.6964944649446494 0.06793478260869565 0.02214022140221402
0 0.26290760869565216 0.6826568265682657 0.05570652173913043 0.023985239852398525
