0 0.34823848238482386 0.72121014964216 0.17073170731707318 0.05530253741054001
0 0.5176151761517616 0.7218607677293428 0.06504065040650407 0.10474951203643461
0 0.6653116531165312 0.7423552374756018 0.15989159891598917 0.08458035133376708
0 0.26151761517615174 0.5572543916720885 0.13821138211382114 0.04619388418998048
0 0.26422764227642276 0.6324007807417046 0.12195121951219512 0.05855562784645413
0 0.4159891598915989 0.559206245933637 0.11653116531165311 0.044892648015614836
0 0.43224932249322495 0.6138581652569941 0.12737127371273713 0.034482758620689655
0 0.6002710027100271 0.5566037735849056 0.16531165311653118 0.04229017566688354
0 0.6165311653116531 0.6135328562134027 0.17615176151761516 0.05595315549772284
0 0.7750677506775068 0.5836044242029929 0.0921409214092141 0.06506180871828236
0 0.3130081300813008 0.2940793754066363 0.18699186991869918 0.05204944697462589
0 0.2940379403794038 0.3649967469095641 0.17073170731707318 0.06376057254391672
0 0.5040650406504065 0.3103448275862069 0.10298102981029811 0.05985686402081978
0 0.5040650406504065 0.3793103448275862 0.12466124661246612 0.05204944697462589
