0 0.6848341232227488 0.5431873479318735 0.037914691943127965 0.09854014598540146
0 0.6765402843601895 0.6885644768856448 0.0924170616113744 0.12652068126520682
0 0.6457345971563981 0.7992700729927007 0.07345971563981042 0.051094890510948905
0 0.5165876777251185 0.5541362530413625 0.09004739336492891 0.12043795620437957
0 0.490521327014218 0.6654501216545012 0.10900473933649289 0.06569343065693431
0 0.49644549763033174 0.7609489051094891 0.12559241706161137 0.05961070559610705
0 0.30450236966824645 0.5322384428223844 0.14454976303317535 0.15450121654501217
0 0.31990521327014215 0.7201946472019465 0.16587677725118483 0.170316301703163
0 0.15876777251184834 0.4829683698296837 0.07582938388625593 0.1070559610705596
0 0.12203791469194313 0.6082725060827251 0.1018957345971564 0.08759124087591241
