0 0.58274231678487 0.23253388946819603 0.16312056737588654 0.12304483837330553
0 0.6477541371158393 0.3091762252346194 0.18912529550827423 0.061522419186652764
0 0.3132387706855792 0.2278415015641293 0.13002364066193853 0.08029197080291971
0 0.31796690307328607 0.3748696558915537 0.14893617021276595 0.12200208550573514
0 0.3877068557919622 0.5448383733055265 0.10401891252955082 0.06777893639207508
0 0.5378250591016549 0.5610010427528676 0.1111111111111111 0.09801876955161627
0 0.5437352245862884 0.6746611053180396 0.1182033096926714 0.072992700729927
0 0.3806146572104019 0.6428571428571429 0.08983451536643026 0.0740354535974974
0 0.39952718676122934 0.7413972888425443 0.05673758865248227 0.058394160583941604
0 0.49763593380614657 0.7518248175182481 0.12056737588652482 0.08342022940563086
