0 0.6668241965973535 0.07257174392935982 0.030245746691871456 0.017108167770419427
0 0.6736767485822306 0.1272075055187638 0.019376181474480152 0.02152317880794702
0 0.6694234404536862 0.25855408388520973 0.027882797731568997 0.0380794701986755
0 0.666351606805293 0.30270419426048567 0.02930056710775047 0.02704194260485651
0 0.5812854442344045 0.2955298013245033 0.038752362948960305 0.016004415011037526
0 0.7559073724007561 0.2041942604856512 0.03166351606805293 0.03421633554083885
0 0.7795368620037807 0.2530353200883002 0.03260869565217391 0.04911699779249448
0 0.7136105860113422 0.2891832229580574 0.026465028355387523 0.056291390728476824
0 0.7334593572778828 0.3556843267108168 0.020793950850661626 0.017108167770419427
0 0.77882797731569 0.36423841059602646 0.021739130434782608 0.025386313465783666
0 0.803875236294896 0.3131898454746137 0.022684310018903593 0.028145695364238412
0 0.8128544423440454 0.3669977924944812 0.02930056710775047 0.04525386313465784
0 0.8239603024574669 0.4470198675496689 0.04111531190926276 0.05518763796909492
0 0.9104442344045368 0.49944812362030905 0.027882797731568997 0.03532008830022075
0 0.9068998109640832 0.6054083885209713 0.020793950850661626 0.026490066225165563
0 0.9092627599243857 0.7072295805739515 0.02551984877126654 0.018211920529801324
0 0.6904536862003781 0.6054083885209713 0.026465028355387523 0.02097130242825607
0 0.6353969754253308 0.5786423841059603 0.018431001890359167 0.04690949227373068
0 0.694234404536862 0.48013245033112584 0.034026465028355386 0.025386313465783666
0 0.7934782608695652 0.47875275938189843 0.012287334593572778 0.028145695364238412
0 0.7596880907372401 0.5665011037527594 0.04111531190926276 0.07119205298013245
0 0.7795368620037807 0.6937086092715232 0.023156899810964082 0.03090507726269316
0 0.5947542533081286 0.5057947019867549 0.019376181474480152 0.017108167770419427
0 0.6233459357277883 0.4652317880794702 0.030245746691871456 0.046357615894039736
0 0.5857750472589792 0.44977924944812364 0.023156899810964082 0.03532008830022075
0 0.5420604914933838 0.4481236203090508 0.030245746691871456 0.04966887417218543
0 0.4815689981096408 0.43129139072847683 0.017958412098298678 0.023730684326710817
0 0.5044896030245747 0.4696467991169978 0.010869565217391304 0.03532008830022075
0 0.42273156899810965 0.4541942604856512 0.028827977315689982 0.03532008830022075
0 0.41540642722117205 0.26076158940397354 0.043478260869565216 0.039183222958057394
0 0.3792533081285444 0.2855960264900662 0.03166351606805293 0.052428256070640174
0 0.28284499054820417 0.21136865342163355 0.04489603024574669 0.0739514348785872
0 0.2530718336483932 0.2806291390728477 0.0335538752362949 0.04249448123620309
0 0.23511342155009451 0.35402869757174393 0.014650283553875236 0.0369757174392936
0 0.30340264650283555 0.3485099337748344 0.0330812854442344 0.017108167770419427
0 0.33435727788279773 0.46605960264900664 0.03166351606805293 0.017108167770419427
0 0.34475425330812853 0.5841611479028698 0.027882797731568997 0.018211920529801324
0 0.2639413988657845 0.5620860927152318 0.028827977315689982 0.02262693156732892
0 0.2452741020793951 0.5827814569536424 0.030245746691871456 0.024282560706401765
0 0.32088846880907373 0.8225717439293598 0.017013232514177693 0.0336644591611479
0 0.21479206049149338 0.8330573951434879 0.027882797731568997 0.032560706401766004
0 0.1271266540642722 0.8289183222958058 0.031190926275992438 0.04083885209713024
0 0.13563327032136105 0.7003311258278145 0.038752362948960305 0.029801324503311258
0 0.05458412098298677 0.7425496688741722 0.0335538752362949 0.06677704194260485
0 0.05222117202268431 0.8126379690949227 0.036389413988657845 0.06236203090507726
0 0.0671077504725898 0.5253863134657837 0.030245746691871456 0.06181015452538632
0 0.11247637051039698 0.48096026490066224 0.017013232514177693 0.032560706401766004
0 0.14603024574669188 0.4793046357615894 0.030245746691871456 0.032560706401766004
0 0.21431947069943288 0.4282560706401766 0.028827977315689982 0.07505518763796909
0 0.1271266540642722 0.5940949227373068 0.017013232514177693 0.023730684326710817
0 0.23487712665406427 0.6859823399558499 0.024574669187145556 0.01545253863134658
