0 0.797945205479452 0.13500931098696461 0.09817351598173515 0.0670391061452514
0 0.8002283105022832 0.22672253258845437 0.09817351598173515 0.08845437616387337
0 0.7819634703196348 0.30307262569832405 0.07534246575342465 0.036312849162011177
0 0.7865296803652968 0.40409683426443205 0.12100456621004566 0.07076350093109869
0 0.7945205479452054 0.5046554934823091 0.1050228310502283 0.1005586592178771
0 0.7888127853881278 0.5968342644320298 0.07534246575342465 0.04655493482309125
0 0.6335616438356164 0.15363128491620112 0.12100456621004566 0.08193668528864059
0 0.6700913242009132 0.23417132216014896 0.11643835616438356 0.056797020484171325
0 0.678082191780822 0.31098696461824954 0.0958904109589041 0.06517690875232775
0 0.6232876712328768 0.41573556797020483 0.1324200913242009 0.08472998137802606
0 0.6404109589041096 0.5093109869646183 0.13013698630136986 0.07262569832402235
0 0.636986301369863 0.5931098696461825 0.091324200913242 0.0782122905027933
0 0.658675799086758 0.6880819366852886 0.12557077625570776 0.0856610800744879
0 0.4634703196347032 0.16573556797020483 0.1415525114155251 0.11731843575418995
0 0.5136986301369864 0.29329608938547486 0.1095890410958904 0.12476722532588454
0 0.454337899543379 0.430633147113594 0.0593607305936073 0.043761638733705775
0 0.4474885844748858 0.5218808193668529 0.1278538812785388 0.08472998137802606
0 0.4372146118721461 0.6731843575418994 0.19863013698630136 0.19553072625698323
0 0.2968036529680365 0.19553072625698323 0.1415525114155251 0.18994413407821228
0 0.228310502283105 0.42178770949720673 0.1004566210045662 0.08379888268156424
