0 0.6443298969072165 0.06208053691275168 0.037800687285223365 0.053691275167785234
0 0.3642611683848797 0.3640939597315436 0.07903780068728522 0.06040268456375839
0 0.6649484536082474 0.7130872483221476 0.06872852233676977 0.10067114093959731
0 0.6469072164948454 0.8447986577181208 0.03608247422680412 0.06543624161073826
0 0.7585910652920962 0.7231543624161074 0.070446735395189 0.11409395973154363
0 0.8762886597938144 0.6644295302013423 0.058419243986254296 0.0436241610738255
0 0.8874570446735395 0.7416107382550335 0.07388316151202749 0.10067114093959731
0 0.5326460481099656 0.7164429530201343 0.07903780068728522 0.09060402684563758
0 0.5412371134020618 0.8406040268456376 0.058419243986254296 0.06711409395973154
0 0.42783505154639173 0.7449664429530202 0.07560137457044673 0.1342281879194631
