0 0.3096590909090909 0.2774390243902439 0.13636363636363635 0.08414634146341464
0 0.296875 0.4140243902439024 0.12215909090909091 0.10853658536585366
0 0.3508522727272727 0.5560975609756098 0.15056818181818182 0.07073170731707316
0 0.5241477272727273 0.276219512195122 0.15625 0.07195121951219512
0 0.4914772727272727 0.4060975609756098 0.14204545454545456 0.0951219512195122
0 0.5255681818181818 0.5432926829268293 0.09659090909090909 0.08658536585365853
0 0.734375 0.26951219512195124 0.15625 0.08536585365853659
0 0.7258522727272727 0.37865853658536586 0.16193181818181818 0.10853658536585366
0 0.7201704545454546 0.5060975609756098 0.12215909090909091 0.08048780487804878
0 0.6960227272727273 0.6042682926829268 0.14204545454545456 0.06707317073170732
