0 0.546112115732369 0.45008319467554075 0.07956600361663653 0.12146422628951747
0 0.5623869801084991 0.5732113144758736 0.06148282097649186 0.07154742096505824
0 0.45569620253164556 0.4176372712146423 0.06148282097649186 0.1264559068219634
0 0.4602169981916817 0.5732113144758736 0.07775768535262206 0.10815307820299501
0 0.36075949367088606 0.4442595673876872 0.081374321880651 0.13311148086522462
0 0.34810126582278483 0.5840266222961731 0.081374321880651 0.07986688851913477
0 0.25678119349005424 0.3910149750415973 0.05063291139240506 0.0632279534109817
0 0.27124773960216997 0.5257903494176372 0.04701627486437613 0.10981697171381032
0 0.1763110307414105 0.39767054908485855 0.06329113924050633 0.0632279534109817
0 0.17811934900542495 0.4966722129783694 0.10307414104882459 0.11148086522462562
