0 0.8209990749306197 0.19528535980148884 0.0730804810360777 0.04813895781637717
0 0.8589269195189639 0.25583126550868485 0.06567992599444958 0.05508684863523573
0 0.8820536540240518 0.3054590570719603 0.0730804810360777 0.039205955334987594
0 0.88945420906568 0.3598014888337469 0.058279370952821465 0.040694789081885854
0 0.8908418131359852 0.42357320099255585 0.09065679925994449 0.06898263027295286
0 0.879740980573543 0.5503722084367245 0.06290471785383904 0.042679900744416875
0 0.8589269195189639 0.6431761786600496 0.08973172987974098 0.09528535980148883
0 0.8496762257169288 0.7200992555831266 0.10453283996299723 0.058560794044665014
0 0.15911193339500462 0.17369727047146402 0.09250693802035152 0.04962779156327544
0 0.1517113783533765 0.23746898263027294 0.10730804810360776 0.07295285359801489
0 0.11933395004625347 0.32952853598014886 0.06105457909343201 0.06153846153846154
0 0.11285846438482887 0.4126550868486352 0.05365402405180388 0.05508684863523573
0 0.12164662349676225 0.4635235732009926 0.05087881591119334 0.03870967741935484
0 0.1410730804810361 0.7377171215880893 0.08973172987974098 0.04714640198511166
0 0.36864014801110084 0.7481389578163772 0.06753006475485661 0.015384615384615385
0 0.2590194264569843 0.5339950372208436 0.10175763182238667 0.025806451612903226
0 0.7571692876965772 0.533498759305211 0.06567992599444958 0.02481389578163772
0 0.7946345975948196 0.36352357320099254 0.06290471785383904 0.014392059553349877
0 0.2391304347826087 0.34739454094292804 0.0730804810360777 0.0337468982630273
0 0.7617946345975948 0.6287841191066997 0.056429232192414434 0.032754342431761785
