0 0.5619242579324463 0.30629139072847683 0.06141248720573183 0.09381898454746136
0 0.5644831115660184 0.4492273730684327 0.05629477993858751 0.13245033112582782
0 0.5823950870010235 0.6054083885209713 0.0511770726714432 0.0717439293598234
0 0.4764585465711361 0.3543046357615894 0.08085977482088025 0.13024282560706402
0 0.47697031729785055 0.5049668874172185 0.06960081883316274 0.12030905077262694
0 0.4897645854657114 0.6517660044150111 0.06653019447287616 0.12693156732891833
0 0.3664278403275333 0.37637969094922735 0.08597748208802457 0.15011037527593818
0 0.37154554759467756 0.5584988962472406 0.06345957011258956 0.13245033112582782
0 0.24564994882292732 0.3923841059602649 0.06345957011258956 0.08940397350993377
0 0.27993858751279427 0.5629139072847682 0.09518935516888434 0.11479028697571744
0 0.6448311156601843 0.30849889624724064 0.03480040941658137 0.09602649006622517
0 0.6438075742067554 0.45805739514348787 0.0511770726714432 0.1456953642384106
0 0.6484135107471852 0.6004415011037527 0.04196519959058342 0.07947019867549669
0 0.7256908904810645 0.3173289183222958 0.06755373592630501 0.10264900662251655
0 0.7226202661207779 0.45695364238410596 0.06141248720573183 0.11479028697571744
0 0.7262026612077789 0.5987858719646799 0.05629477993858751 0.10927152317880795
0 0.8331627430910952 0.45143487858719644 0.07778915046059365 0.1346578366445916
0 0.8162743091095189 0.5689845474613686 0.044012282497441144 0.04966887417218543
0 0.5767656090071648 0.7257174392935982 0.033776867963152504 0.02097130242825607
