0 0.36258278145695366 0.09190231362467867 0.11920529801324503 0.05269922879177378
0 0.3543046357615894 0.16388174807197944 0.1357615894039735 0.060411311053984576
0 0.34271523178807944 0.22911311053984576 0.10596026490066225 0.04048843187660668
0 0.201158940397351 0.1680591259640103 0.08443708609271523 0.04434447300771208
0 0.19039735099337748 0.2384318766066838 0.09933774834437085 0.05141388174807198
0 0.5554635761589404 0.08419023136246787 0.11754966887417219 0.02570694087403599
0 0.6481788079470199 0.5282776349614395 0.14072847682119205 0.06426735218508997
0 0.6862582781456954 0.5941516709511568 0.09105960264900662 0.02377892030848329
0 0.7177152317880795 0.6468508997429306 0.09105960264900662 0.036632390745501286
0 0.5902317880794702 0.5755141388174807 0.06788079470198675 0.027634961439588688
0 0.5852649006622517 0.6291773778920309 0.10430463576158941 0.04113110539845758
0 0.3220198675496689 0.574228791773779 0.09768211920529801 0.030205655526992288
0 0.6374172185430463 0.19119537275064266 0.1490066225165563 0.043059125964010285
0 0.5736754966887417 0.29338046272493573 0.10099337748344371 0.05334190231362468
0 0.3435430463576159 0.6985861182519281 0.1076158940397351 0.038560411311053984
0 0.3485099337748344 0.37660668380462725 0.09768211920529801 0.02570694087403599
0 0.695364238410596 0.7217223650385605 0.1357615894039735 0.055269922879177376
0 0.353476821192053 0.413560411311054 0.07450331125827815 0.02892030848329049
0 0.26572847682119205 0.4142030848329049 0.061258278145695365 0.043059125964010285
