0 0.8852631578947369 0.1466992665036675 0.0863157894736842 0.08557457212713937
0 0.8936842105263157 0.2273838630806846 0.07789473684210527 0.06356968215158924
0 0.7673684210526316 0.15770171149144255 0.10736842105263159 0.07090464547677261
0 0.8136842105263158 0.2506112469437653 0.06947368421052631 0.044009779951100246
0 0.8126315789473684 0.3533007334963325 0.10105263157894737 0.07823960880195599
0 0.8315789473684211 0.4639364303178484 0.05894736842105263 0.08679706601466992
0 0.8936842105263157 0.4015892420537897 0.035789473684210524 0.06234718826405868
0 0.9168421052631579 0.5317848410757946 0.09052631578947369 0.08557457212713937
0 0.7789473684210526 0.5440097799511002 0.05473684210526316 0.04645476772616137
0 0.82 0.6020782396088019 0.11157894736842106 0.04767726161369193
