0 0.22380952380952382 0.5111111111111111 0.11904761904761904 0.07142857142857142
0 0.3880952380952381 0.4984126984126984 0.0761904761904762 0.05714285714285714
0 0.38095238095238093 0.5833333333333334 0.10952380952380952 0.050793650793650794
0 0.5476190476190477 0.528968253968254 0.15714285714285714 0.06111111111111111
0 0.23333333333333334 0.33690476190476193 0.11428571428571428 0.06746031746031746
0 0.2261904761904762 0.4218253968253968 0.1380952380952381 0.05952380952380952
0 0.3607142857142857 0.33214285714285713 0.06428571428571428 0.046825396825396826
0 0.3523809523809524 0.4142857142857143 0.13333333333333333 0.07142857142857142
0 0.46785714285714286 0.3468253968253968 0.14523809523809525 0.0746031746031746
0 0.5273809523809524 0.4392857142857143 0.18333333333333332 0.06587301587301587
0 0.6404761904761904 0.3623015873015873 0.12857142857142856 0.11349206349206349
