0 0.355877616747182 0.5392301998519615 0.0998389694041868 0.06735751295336788
0 0.33011272141706927 0.6791265729089563 0.08695652173913043 0.0925240562546262
0 0.33494363929146537 0.7960769800148039 0.11272141706924316 0.08216136195410807
0 0.18760064412238325 0.923760177646188 0.13043478260869565 0.08882309400444116
0 0.643317230273752 0.2612879348630644 0.12399355877616747 0.0843819393042191
0 0.8236714975845411 0.30866025166543304 0.12399355877616747 0.09474463360473723
0 0.7093397745571659 0.3604737231680237 0.08856682769726248 0.08586232420429311
0 0.1682769726247987 0.09585492227979274 0.11755233494363929 0.07179866765358993
0 0.1996779388083736 0.21983715766099185 0.14170692431561996 0.11695040710584752
0 0.22061191626409019 0.542561065877128 0.0998389694041868 0.076980014803849
0 0.1996779388083736 0.6809770540340488 0.09017713365539452 0.09326424870466321
