0 0.3779956427015251 0.7177476835352815 0.06753812636165578 0.044191019244476125
0 0.6377995642701525 0.7441197434069851 0.046840958605664486 0.024233784746970778
0 0.6181917211328976 0.1910192444761226 0.09041394335511982 0.11546685673556664
0 0.6127450980392157 0.32287954383464007 0.07734204793028322 0.08980755523877405
0 0.6138344226579521 0.4383464005702067 0.10348583877995643 0.07412687099073414
0 0.7320261437908496 0.21596578759800428 0.07407407407407407 0.07555238774055595
0 0.7129629629629629 0.34782608695652173 0.09477124183006536 0.09978617248752673
0 0.7429193899782135 0.4493941553813257 0.12200435729847495 0.10334996436208126
0 0.7173202614379085 0.6058446186742694 0.07516339869281045 0.10121168923734854
0 0.33986928104575165 0.3178902352102637 0.06535947712418301 0.08410548823948681
0 0.3480392156862745 0.4333570919458304 0.10130718954248366 0.08695652173913043
0 0.45697167755991286 0.455096222380613 0.07734204793028322 0.06058446186742694
0 0.13671023965141613 0.4558089807555239 0.0664488017429194 0.0962223806129722
0 0.24183006535947713 0.34640057020669995 0.08278867102396514 0.12829650748396293
0 0.24074074074074073 0.46293656450463294 0.06535947712418301 0.07626514611546685
0 0.37363834422657954 0.5017818959372773 0.10457516339869281 0.019957234497505347
0 0.3393246187363834 0.17783321454027085 0.05337690631808279 0.022095509622238062
