0 0.6183035714285714 0.46190476190476193 0.11160714285714286 0.08148148148148149
0 0.6015625 0.5587301587301587 0.09151785714285714 0.08888888888888889
0 0.45870535714285715 0.4560846560846561 0.12276785714285714 0.06772486772486773
0 0.45200892857142855 0.5560846560846561 0.12276785714285714 0.08783068783068783
0 0.32700892857142855 0.45185185185185184 0.09598214285714286 0.07407407407407407
0 0.31138392857142855 0.544973544973545 0.078125 0.06984126984126984
0 0.22098214285714285 0.4634920634920635 0.07142857142857142 0.08677248677248678
0 0.21986607142857142 0.5682539682539682 0.07366071428571429 0.06984126984126984
0 0.6316964285714286 0.21164021164021163 0.15178571428571427 0.08042328042328042
0 0.6517857142857143 0.32275132275132273 0.18303571428571427 0.11428571428571428
0 0.45870535714285715 0.1931216931216931 0.11830357142857142 0.07724867724867725
0 0.4609375 0.317989417989418 0.11830357142857142 0.06666666666666667
0 0.30357142857142855 0.18677248677248678 0.09375 0.09417989417989418
0 0.27901785714285715 0.30846560846560844 0.12946428571428573 0.07936507936507936
