0 0.5296846011131725 0.6561624649859944 0.11688311688311688 0.09943977591036414
0 0.5435992578849722 0.8025210084033614 0.11131725417439703 0.12044817927170869
0 0.5204081632653061 0.9145658263305322 0.10204081632653061 0.06722689075630252
0 0.39239332096474955 0.6302521008403361 0.07977736549165121 0.06722689075630252
0 0.37662337662337664 0.7724089635854342 0.10018552875695733 0.14425770308123248
0 0.2699443413729128 0.6890756302521008 0.08348794063079777 0.10364145658263306
0 0.26716141001855287 0.8368347338935574 0.08534322820037106 0.09103641456582633
0 0.461038961038961 0.3277310924369748 0.10575139146567718 0.11764705882352941
0 0.48237476808905383 0.5098039215686274 0.13358070500927643 0.11764705882352941
0 0.29035250463821893 0.36204481792717086 0.20222634508348794 0.20588235294117646
0 0.24860853432282004 0.13795518207282914 0.1261595547309833 0.14985994397759103
