0 0.7608200455580866 0.47627118644067795 0.09111617312072894 0.059887005649717516
0 0.7608200455580866 0.5864406779661017 0.10933940774487472 0.103954802259887
0 0.6241457858769932 0.47401129943502823 0.09567198177676538 0.05310734463276836
0 0.6287015945330297 0.5926553672316384 0.11389521640091116 0.08022598870056497
0 0.48291571753986334 0.5 0.1366742596810934 0.09152542372881356
0 0.4760820045558087 0.611864406779661 0.08200455580865604 0.07796610169491526
0 0.32915717539863326 0.492090395480226 0.10250569476082004 0.06892655367231638
0 0.32574031890660593 0.6220338983050847 0.0774487471526196 0.09830508474576272
0 0.6082004555808656 0.11694915254237288 0.10478359908883828 0.11186440677966102
0 0.4533029612756264 0.11299435028248588 0.1366742596810934 0.09491525423728814
0 0.6389521640091116 0.23954802259887006 0.10250569476082004 0.0519774011299435
0 0.6321184510250569 0.33559322033898303 0.1480637813211845 0.0903954802259887
0 0.489749430523918 0.24124293785310735 0.10478359908883828 0.06666666666666667
0 0.48177676537585423 0.3440677966101695 0.08428246013667426 0.07570621468926554
0 0.35193621867881547 0.3225988700564972 0.07061503416856492 0.08248587570621468
