0 0.26297169811320753 0.19205729166666666 0.16273584905660377 0.055989583333333336
0 0.2617924528301887 0.3020833333333333 0.15566037735849056 0.09895833333333333
0 0.23231132075471697 0.4140625 0.08726415094339622 0.06510416666666667
0 0.41627358490566035 0.251953125 0.10613207547169812 0.12109375
0 0.3867924528301887 0.4069010416666667 0.12735849056603774 0.06901041666666667
0 0.3915094339622642 0.5208333333333334 0.10377358490566038 0.1015625
0 0.5589622641509434 0.259765625 0.09433962264150944 0.12630208333333334
0 0.5247641509433962 0.3880208333333333 0.07311320754716981 0.08072916666666667
0 0.5306603773584906 0.509765625 0.08962264150943396 0.06640625
0 0.6698113207547169 0.2897135416666667 0.10377358490566038 0.11848958333333333
0 0.660377358490566 0.4290364583333333 0.04716981132075472 0.11328125
0 0.6816037735849056 0.55859375 0.08490566037735849 0.09895833333333333
0 0.6698113207547169 0.6341145833333334 0.07547169811320754 0.03125
