0 0.32657657657657657 0.20419847328244276 0.04354354354354354 0.03980370774263904
0 0.3183183183183183 0.26363140676117774 0.02702702702702703 0.06052344601962922
0 0.29992492492492495 0.3301526717557252 0.024774774774774775 0.03653217011995638
0 0.29617117117117114 0.3819520174482007 0.0457957957957958 0.0648854961832061
0 0.2882882882882883 0.46946564885496184 0.05555555555555555 0.06870229007633588
0 0.2747747747747748 0.5436205016357688 0.04354354354354354 0.06652126499454744
0 0.25675675675675674 0.6235005452562704 0.06456456456456457 0.04961832061068702
0 0.24174174174174173 0.6682115594329335 0.03753753753753754 0.03544165757906216
0 0.3731231231231231 0.2178298800436205 0.036036036036036036 0.04961832061068702
0 0.36936936936936937 0.2881679389312977 0.05405405405405406 0.06270447110141766
0 0.3686186186186186 0.3743184296619411 0.06606606606606606 0.07797164667393675
0 0.36036036036036034 0.43784078516902947 0.046546546546546545 0.04907306434023991
0 0.3460960960960961 0.4983642311886587 0.046546546546546545 0.04798255179934569
0 0.34346846846846846 0.5613413304252999 0.05930930930930931 0.04416575790621592
0 0.3258258258258258 0.6145038167938931 0.04504504504504504 0.026172300981461286
0 0.32732732732732733 0.6695747001090513 0.05855855855855856 0.04798255179934569
0 0.6670420420420421 0.11723009814612868 0.04129129129129129 0.03271537622682661
0 0.668918918918919 0.16902944383860413 0.04804804804804805 0.04798255179934569
0 0.7180930930930931 0.13086150490730644 0.03228228228228228 0.03925845147219193
0 0.7271021021021021 0.17884405670665213 0.04279279279279279 0.05452562704471101
0 0.5330330330330331 0.08015267175572519 0.04054054054054054 0.018538713195201745
0 0.5386636636636637 0.10169029443838604 0.04129129129129129 0.011450381679389313
0 0.5716966966966966 0.1911123227917121 0.024774774774774775 0.011450381679389313
0 0.585960960960961 0.21264994547437296 0.0503003003003003 0.018538713195201745
