0 0.1591928251121076 0.3561381074168798 0.07922272047832586 0.09846547314578005
0 0.2257100149476831 0.2506393861892583 0.08071748878923767 0.0792838874680307
0 0.3445440956651719 0.16879795396419436 0.09118086696562033 0.07672634271099744
0 0.4491778774289985 0.2231457800511509 0.04633781763826607 0.13682864450127877
0 0.45739910313901344 0.37404092071611256 0.05082212257100149 0.07800511508951406
0 0.5351270553064275 0.24040920716112532 0.06278026905829596 0.09207161125319693
0 0.5411061285500748 0.3631713554987212 0.07174887892376682 0.09974424552429667
0 0.6345291479820628 0.3772378516624041 0.04932735426008968 0.07161125319693094
0 0.26606875934230195 0.4750639386189258 0.08071748878923767 0.09846547314578005
0 0.35949177877429 0.4955242966751918 0.05530642750373692 0.09846547314578005
0 0.8602391629297459 0.2442455242966752 0.07922272047832586 0.08951406649616368
0 0.7533632286995515 0.2506393861892583 0.09267563527653214 0.09462915601023018
0 0.8535127055306427 0.42135549872122763 0.059790732436472344 0.08312020460358056
