0 0.7808333333333334 0.26781798245614036 0.05333333333333334 0.0400219298245614
0 0.8016666666666666 0.31167763157894735 0.028333333333333332 0.025767543859649123
0 0.81875 0.3481359649122807 0.0575 0.043859649122807015
0 0.7270833333333333 0.28591008771929827 0.0575 0.03782894736842105
0 0.83625 0.4180372807017544 0.05416666666666667 0.05098684210526316
0 0.9079166666666667 0.4152960526315789 0.0575 0.05098684210526316
0 0.9058333333333334 0.4857456140350877 0.05 0.0668859649122807
0 0.8216666666666667 0.4936951754385965 0.051666666666666666 0.05098684210526316
0 0.8304166666666667 0.5652412280701754 0.06916666666666667 0.0581140350877193
0 0.8033333333333333 0.6461074561403509 0.075 0.05756578947368421
0 0.7995833333333333 0.7044956140350878 0.0275 0.04276315789473684
0 0.7995833333333333 0.7669956140350878 0.035833333333333335 0.029605263157894735
0 0.7104166666666667 0.3996710526315789 0.0475 0.027412280701754384
0 0.7054166666666667 0.49835526315789475 0.0375 0.049342105263157895
0 0.7033333333333334 0.6620065789473685 0.03333333333333333 0.015899122807017545
0 0.20541666666666666 0.3826754385964912 0.049166666666666664 0.04057017543859649
0 0.20333333333333334 0.4479166666666667 0.05 0.04057017543859649
0 0.12125 0.4029605263157895 0.07916666666666666 0.10416666666666667
0 0.6358333333333334 0.13788377192982457 0.045 0.018092105263157895
0 0.735 0.19682017543859648 0.03 0.041666666666666664
0 0.5229166666666667 0.21052631578947367 0.049166666666666664 0.021929824561403508
0 0.3075 0.20476973684210525 0.03166666666666667 0.07839912280701754
0 0.25125 0.26589912280701755 0.04583333333333333 0.043859649122807015
0 0.23041666666666666 0.32593201754385964 0.035833333333333335 0.03125
0 0.32416666666666666 0.26781798245614036 0.03 0.01699561403508772
