0 0.16666666666666666 0.03738760056791292 0.027058146229130685 0.013251301467108376
0 0.21848013816925735 0.03312825366777094 0.03511801957397812 0.023663038334122102
0 0.1747265400115141 0.1273071462375769 0.03051237766263673 0.017037387600567912
0 0.1989061600460564 0.33483199242782774 0.055843408175014396 0.059157595835305256
0 0.18739205526770294 0.4112636062470421 0.059297639608520435 0.06152389966871746
0 0.2858376511226252 0.42167534311405586 0.042026482440990214 0.06436346426881212
0 0.2772020725388601 0.3225272124940842 0.07196315486470926 0.06294368196876479
0 0.4130685089234312 0.44533838144817794 0.039723661485319514 0.03028868906767629
0 0.4697754749568221 0.43752957879791765 0.028785261945883708 0.061997160435399906
0 0.31001727115716754 0.5205868433506863 0.03857225100748417 0.017037387600567912
0 0.31318364997121473 0.5461429247515381 0.028785261945883708 0.02082347373402745
0 0.3042602187679908 0.6400851869380029 0.033966609096142776 0.0563180312352106
0 0.3169257340241796 0.79649787032655 0.046632124352331605 0.0776147657359205
0 0.1715601611974669 0.6559394226218647 0.06217616580310881 0.06436346426881212
0 0.17012089810017272 0.7983909133932797 0.055843408175014396 0.07382867960246095
0 0.25964306275187105 0.8050165641268339 0.06217616580310881 0.06057737813535258
0 0.40328151986183075 0.5683861807856129 0.039723661485319514 0.053005205868433505
0 0.4450201496833621 0.5683861807856129 0.04605641911341393 0.07382867960246095
0 0.37363270005757054 0.644581164221486 0.044905008635578586 0.05489824893516328
0 0.4283246977547496 0.6490771415049692 0.04145077720207254 0.06956933270231898
0 0.436384571099597 0.7806436346426882 0.04835924006908463 0.038334122101277804
0 0.5290731145653426 0.396119261713204 0.04145077720207254 0.031235210601041175
0 0.5921128382268278 0.39943208707998107 0.04317789291882556 0.03312825366777094
0 0.5345423143350605 0.45125414103170847 0.04317789291882556 0.05253194510175106
0 0.602475532527346 0.4652153336488405 0.042026482440990214 0.07193563653573119
0 0.5408750719631549 0.5241362991008045 0.05238917674150835 0.059157595835305256
0 0.5227403569372481 0.5979649787032655 0.04145077720207254 0.059157595835305256
0 0.5754173862982153 0.5986748698532892 0.03511801957397812 0.03975390440132513
0 0.5857800805987334 0.6814955040227165 0.04317789291882556 0.023663038334122102
0 0.5426021876799079 0.7373402744912447 0.027058146229130685 0.024609559867486985
0 0.5535405872193437 0.7702318977756744 0.04317789291882556 0.0326549929010885
0 0.6640759930915371 0.7886890676762897 0.027058146229130685 0.045906294368196876
0 0.662636729994243 0.8246568859441552 0.04260218767990789 0.03644107903454804
0 0.7017846862406448 0.797681022243256 0.04145077720207254 0.06956933270231898
0 0.8341968911917098 0.675579744439186 0.044905008635578586 0.048745858968291526
0 0.8071387449625792 0.7931850449597728 0.044905008635578586 0.04448651206814955
0 0.8886010362694301 0.8156649313771889 0.06390328151986183 0.06294368196876479
0 0.7973517559009787 0.589919545669664 0.029936672423719057 0.035494557501183154
0 0.7043753598157744 0.6715570279223853 0.03051237766263673 0.019876952200662566
0 0.837363270005757 0.6109796497870327 0.017846862406447898 0.017037387600567912
0 0.4424294761082326 0.35660198769522006 0.014392630972941854 0.04212020823473734
0 0.46776050662061025 0.35186938002839563 0.02360391479562464 0.035494557501183154
0 0.08059873344847437 0.4190724088973024 0.04951065054691998 0.038334122101277804
