0 0.6902173913043478 0.3256880733944954 0.1793478260869565 0.07237512742099898
0 0.6983695652173914 0.4689092762487258 0.08695652173913043 0.1162079510703364
0 0.5095108695652174 0.33231396534148827 0.10597826086956522 0.06116207951070336
0 0.4891304347826087 0.4836901121304791 0.10869565217391304 0.10703363914373089
0 0.296195652173913 0.3180428134556575 0.11413043478260869 0.0672782874617737
0 0.2758152173913043 0.4011213047910296 0.11141304347826086 0.06422018348623854
0 0.25679347826086957 0.5132517838939857 0.13858695652173914 0.10091743119266056
0 0.7038043478260869 0.16819571865443425 0.10326086956521739 0.07747196738022426
0 0.5271739130434783 0.18807339449541285 0.14130434782608695 0.10091743119266056
0 0.28125 0.16666666666666666 0.14402173913043478 0.11314984709480122
