0 0.22567437379576108 0.3066392881587953 0.0197495183044316 0.02190280629705681
0 0.22567437379576108 0.34257357973990415 0.0197495183044316 0.02943189596167009
0 0.7432562620423893 0.12217659137577003 0.03757225433526012 0.07049965776865161
0 0.7555394990366089 0.2138945927446954 0.05057803468208093 0.08692676249144421
0 0.7572254335260116 0.3193018480492813 0.04720616570327553 0.06639288158795345
0 0.7003853564547207 0.12799452429842573 0.022157996146435453 0.04791238877481177
0 0.6986994219653179 0.17453798767967146 0.02842003853564547 0.038329911019849415
0 0.7097784200385356 0.24401095140314852 0.036127167630057806 0.0568104038329911
0 0.7167630057803468 0.3134839151266256 0.02697495183044316 0.045174537987679675
0 0.6717244701348748 0.23408624229979466 0.044797687861271675 0.053388090349075976
0 0.44315992292870904 0.06194387405886379 0.02023121387283237 0.043121149897330596
0 0.4436416184971098 0.1273100616016427 0.030828516377649325 0.053388090349075976
0 0.45014450867052025 0.2751540041067762 0.0197495183044316 0.0917180013689254
0 0.46965317919075145 0.06741957563312799 0.016377649325626204 0.026694045174537988
0 0.4749518304431599 0.11293634496919917 0.04335260115606936 0.028747433264887063
0 0.49662813102119463 0.2950034223134839 0.049132947976878616 0.09582477754962354
0 0.4125722543352601 0.07631759069130732 0.017822736030828516 0.0650239561943874
0 0.4113680154142582 0.14887063655030802 0.012524084778420038 0.040383299110198494
0 0.4154624277456647 0.2778918548939083 0.038053949903660886 0.07529089664613278
0 0.37837186897880537 0.0838466803559206 0.022639691714836225 0.043121149897330596
0 0.3831888246628131 0.12559890485968514 0.029383429672447014 0.03353867214236824
0 0.3730732177263969 0.28507871321013006 0.049614643545279384 0.08829568788501027
0 0.2880539499036609 0.35831622176591377 0.038535645472061654 0.055441478439425054
0 0.8121387283236994 0.40177960301163584 0.06454720616570328 0.03559206023271732
