0 0.7646784715750233 0.6756923076923077 0.05312208760484623 0.019692307692307693
0 0.7059645852749301 0.6178461538461538 0.05125815470643057 0.024615384615384615
0 0.6947809878844362 0.6467692307692308 0.049394221808014914 0.03569230769230769
0 0.5959925442684063 0.13538461538461538 0.08108108108108109 0.08369230769230769
0 0.6090400745573159 0.22923076923076924 0.08294501397949673 0.051076923076923075
0 0.6081081081081081 0.3030769230769231 0.07735321528424977 0.06584615384615385
0 0.6947809878844362 0.13476923076923078 0.049394221808014914 0.08246153846153846
0 0.7101584342963654 0.23907692307692308 0.05591798695246971 0.049846153846153846
0 0.6770736253494875 0.3756923076923077 0.07362534948741846 0.02523076923076923
0 0.6556383970177073 0.5184615384615384 0.04193849021435228 0.019076923076923078
0 0.2618825722273998 0.6926153846153846 0.04287045666356011 0.06953846153846154
0 0.2534948741845294 0.772 0.06337371854613234 0.07076923076923076
0 0.18732525629077354 0.6833846153846154 0.05405405405405406 0.035076923076923075
0 0.17287977632805218 0.7676923076923077 0.04380242311276794 0.08923076923076922
0 0.5824790307548928 0.6821538461538461 0.06150978564771668 0.019076923076923078
0 0.39282385834109973 0.6763076923076923 0.04380242311276794 0.03446153846153846
