0 0.8132217090069284 0.34139784946236557 0.04214780600461894 0.05913978494623656
0 0.831986143187067 0.4375 0.042725173210161664 0.051075268817204304
0 0.8374711316397229 0.5151209677419355 0.03868360277136259 0.08266129032258064
0 0.6033487297921478 0.6330645161290323 0.06351039260969978 0.08198924731182795
0 0.2947459584295612 0.31216397849462363 0.02367205542725173 0.043682795698924734
0 0.24393764434180137 0.3111559139784946 0.021362586605080832 0.05913978494623656
0 0.22199769053117782 0.3834005376344086 0.030600461893764433 0.043682795698924734
0 0.21506928406466513 0.43985215053763443 0.027136258660508082 0.03293010752688172
0 0.3894341801385681 0.4586693548387097 0.029445727482678985 0.049059139784946235
0 0.35536951501154734 0.4717741935483871 0.027136258660508082 0.051075268817204304
0 0.33429561200923785 0.4650537634408602 0.017321016166281754 0.01747311827956989
0 0.2964780600461894 0.4986559139784946 0.027136258660508082 0.04973118279569892
0 0.25346420323325636 0.6636424731182796 0.04041570438799076 0.02620967741935484
0 0.10508083140877598 0.7365591397849462 0.04041570438799076 0.05913978494623656
0 0.1434757505773672 0.6391129032258065 0.034064665127020784 0.0456989247311828
0 0.4627598152424942 0.13844086021505375 0.024826789838337183 0.0228494623655914
