0 0.3553639846743295 0.12619731800766285 0.12452107279693486 0.042624521072796934
0 0.34195402298850575 0.18007662835249041 0.10919540229885058 0.04118773946360153
0 0.4932950191570881 0.12691570881226052 0.09770114942528736 0.044061302681992334
0 0.47413793103448276 0.18127394636015326 0.09386973180076628 0.03879310344827586
0 0.5775862068965517 0.12380268199233717 0.09386973180076628 0.05028735632183908
0 0.6944444444444444 0.12811302681992337 0.07854406130268199 0.05411877394636015
0 0.35823754789272033 0.23826628352490423 0.11877394636015326 0.035919540229885055
0 0.3170498084291188 0.2899904214559387 0.15134099616858238 0.05699233716475096
0 0.47988505747126436 0.2492816091954023 0.11302681992337164 0.037835249042145594
0 0.4827586206896552 0.31058429118773945 0.11877394636015326 0.04645593869731801
0 0.6331417624521073 0.24976053639846743 0.13984674329501914 0.04645593869731801
0 0.6302681992337165 0.3007662835249042 0.14559386973180077 0.04789272030651341
0 0.3400383141762452 0.37547892720306514 0.11302681992337164 0.044061302681992334
0 0.3400383141762452 0.4279214559386973 0.11302681992337164 0.05316091954022988
0 0.3793103448275862 0.5007183908045977 0.16091954022988506 0.05603448275862069
0 0.5 0.3704501915708812 0.06130268199233716 0.03879310344827586
0 0.5086206896551724 0.42409003831417624 0.10919540229885058 0.05028735632183908
0 0.6139846743295019 0.37236590038314177 0.12452107279693486 0.034961685823754786
0 0.5804597701149425 0.42337164750957856 0.11877394636015326 0.04693486590038314
0 0.7595785440613027 0.3785919540229885 0.15517241379310345 0.07614942528735633
0 0.7442528735632183 0.44013409961685823 0.06321839080459771 0.06226053639846743
0 0.32471264367816094 0.6748084291187739 0.08237547892720307 0.044061302681992334
0 0.3007662835249042 0.7286877394636015 0.16091954022988506 0.037835249042145594
0 0.4616858237547893 0.6884578544061303 0.10727969348659004 0.05603448275862069
0 0.5268199233716475 0.75 0.14559386973180077 0.044061302681992334
0 0.2959770114942529 0.7887931034482759 0.15900383141762453 0.05938697318007663
0 0.3045977011494253 0.8477011494252874 0.10344827586206896 0.05268199233716475
0 0.45977011494252873 0.8601532567049809 0.17624521072796934 0.05172413793103448
0 0.5316091954022989 0.8057950191570882 0.1743295019157088 0.04645593869731801
0 0.7279693486590039 0.7662835249042146 0.13409961685823754 0.05842911877394636
0 0.6149425287356322 0.6834291187739464 0.14559386973180077 0.06609195402298851
0 0.40804597701149425 0.048132183908045974 0.10344827586206896 0.031130268199233715
0 0.5105363984674329 0.06728927203065134 0.08237547892720307 0.06465517241379311
