0 0.5568181818181818 0.11335403726708075 0.14772727272727273 0.055900621118012424
0 0.5369318181818182 0.20186335403726707 0.1590909090909091 0.062111801242236024
0 0.5383522727272727 0.30201863354037267 0.1278409090909091 0.08850931677018634
0 0.6974431818181818 0.4138198757763975 0.11647727272727272 0.08229813664596274
0 0.5582386363636364 0.4332298136645963 0.13920454545454544 0.07453416149068323
0 0.5539772727272727 0.5403726708074534 0.17613636363636365 0.08695652173913043
0 0.5667613636363636 0.6762422360248447 0.1278409090909091 0.07919254658385093
0 0.3309659090909091 0.31832298136645965 0.15625 0.13043478260869565
0 0.33948863636363635 0.44798136645962733 0.1903409090909091 0.13198757763975155
0 0.3494318181818182 0.5861801242236024 0.18181818181818182 0.15062111801242237
