0 0.4696467991169978 0.08009708737864078 0.076158940397351 0.05825242718446602
0 0.46467991169977924 0.2326051779935275 0.06622516556291391 0.09789644012944984
0 0.4613686534216336 0.308252427184466 0.05518763796909492 0.04854368932038835
0 0.44039735099337746 0.40048543689320387 0.10375275938189846 0.11003236245954692
0 0.37030905077262694 0.10032362459546926 0.09381898454746136 0.0889967637540453
0 0.3543046357615894 0.23220064724919093 0.06622516556291391 0.11003236245954692
0 0.25662251655629137 0.09668284789644013 0.08719646799116998 0.07200647249190939
0 0.25275938189845476 0.19741100323624594 0.09050772626931568 0.06634304207119741
0 0.26158940397350994 0.3029935275080906 0.05518763796909492 0.11893203883495146
0 0.3658940397350993 0.502831715210356 0.0673289183222958 0.03317152103559871
0 0.5369757174392936 0.47532362459546923 0.07836644591611479 0.021844660194174758
0 0.5524282560706402 0.639967637540453 0.07836644591611479 0.040453074433656956
0 0.5447019867549668 0.6828478964401294 0.05187637969094923 0.05339805825242718
0 0.6473509933774835 0.7334142394822006 0.04966887417218543 0.050970873786407765
