0 0.7378190255220418 0.5946441672780631 0.10672853828306264 0.06969919295671313
0 0.6960556844547564 0.6856199559794571 0.16705336426914152 0.07997065297138664
0 0.5626450116009281 0.5777696258253852 0.12296983758700696 0.052090975788701394
0 0.5452436194895591 0.6555392516507703 0.16705336426914152 0.05796038151137197
0 0.40023201856148494 0.59501100513573 0.09976798143851508 0.06016140865737344
0 0.3723897911832947 0.6672780630961115 0.14617169373549885 0.04768892149669846
0 0.5638051044083526 0.38958180484225974 0.13921113689095127 0.06456346294937637
0 0.6032482598607889 0.4838591342626559 0.1716937354988399 0.08730741012472487
0 0.39211136890951276 0.40388848129126925 0.12993039443155452 0.09024211298606016
0 0.3990719257540603 0.5055025678650037 0.16705336426914152 0.0719002201027146
0 0.648491879350348 0.15260454878943508 0.13225058004640372 0.05282465150403522
0 0.6670533642691415 0.22964049889948643 0.12761020881670534 0.05575935436537051
0 0.5185614849187935 0.14600146735143066 0.08120649651972157 0.06309611151870873
0 0.5301624129930395 0.2186353631694791 0.08120649651972157 0.04842259721203228
0 0.3839907192575406 0.15774027879677183 0.09048723897911833 0.07336757153338225
