0 0.6954592901878914 0.34204931972789115 0.029749478079331943 0.06845238095238096
0 0.6991127348643006 0.42644557823129253 0.05688935281837161 0.05187074829931973
0 0.6978079331941545 0.4651360544217687 0.015657620041753653 0.03826530612244898
0 0.712160751565762 0.5004251700680272 0.05375782881002088 0.027210884353741496
0 0.581419624217119 0.47874149659863946 0.05219206680584551 0.045068027210884355
0 0.5853340292275574 0.5372023809523809 0.038100208768267224 0.05654761904761905
0 0.5845511482254697 0.5999149659863946 0.049060542797494784 0.03741496598639456
0 0.5845511482254697 0.6279761904761905 0.04592901878914405 0.03231292517006803
0 0.6234342379958246 0.6298894557823129 0.04749478079331942 0.04124149659863945
0 0.5323590814196242 0.5406037414965986 0.03966597077244259 0.07610544217687075
0 0.5127870563674322 0.6158588435374149 0.02870563674321503 0.04889455782312925
0 0.5182672233820459 0.6926020408163265 0.027139874739039668 0.04251700680272109
0 0.5704592901878914 0.6868622448979592 0.06367432150313153 0.03784013605442177
0 0.4963465553235908 0.5397534013605442 0.049060542797494784 0.03358843537414966
0 0.5347077244258872 0.8246173469387755 0.04749478079331942 0.031037414965986394
0 0.5947286012526096 0.8267431972789115 0.04749478079331942 0.050595238095238096
0 0.5339248434237995 0.8786139455782312 0.033402922755741124 0.018282312925170068
