0 0.8962765957446809 0.5157208588957055 0.06648936170212766 0.06058282208588957
0 0.9075797872340425 0.5874233128834356 0.0598404255319149 0.05061349693251534
0 0.6628989361702128 0.48466257668711654 0.1077127659574468 0.0950920245398773
0 0.5438829787234043 0.4754601226993865 0.09042553191489362 0.03987730061349693
0 0.5405585106382979 0.5410276073619632 0.07845744680851063 0.05138036809815951
0 0.25731382978723405 0.5924079754601227 0.09973404255319149 0.03450920245398773
0 0.2958776595744681 0.47162576687116564 0.08111702127659574 0.04754601226993865
0 0.3271276595744681 0.5341257668711656 0.12234042553191489 0.05598159509202454
0 0.49601063829787234 0.23773006134969324 0.12234042553191489 0.0843558282208589
0 0.48603723404255317 0.32170245398773006 0.1023936170212766 0.054447852760736194
0 0.5897606382978723 0.22967791411042945 0.08377659574468085 0.059049079754601226
0 0.5957446808510638 0.32783742331288346 0.10372340425531915 0.08358895705521473
0 0.675531914893617 0.24271472392638035 0.0797872340425532 0.06058282208588957
0 0.8031914893617021 0.26495398773006135 0.10372340425531915 0.0789877300613497
0 0.3011968085106383 0.33243865030674846 0.08377659574468085 0.02530674846625767
0 0.28324468085106386 0.1901840490797546 0.08776595744680851 0.05214723926380368
