0 0.7979851537645811 0.10528942115768464 0.07317073170731707 0.10678642714570859
0 0.8038176033934252 0.25798403193612773 0.04878048780487805 0.06686626746506986
0 0.8011664899257688 0.34231536926147704 0.07529162248144221 0.06786427145708583
0 0.7232237539766702 0.16516966067864272 0.0911983032873807 0.10479041916167664
0 0.7348886532343585 0.313872255489022 0.08907741251325557 0.08283433133732535
0 0.7242841993637328 0.4341317365269461 0.036055143160127257 0.06786427145708583
0 0.6463414634146342 0.09530938123752496 0.060445387062566275 0.05888223552894212
0 0.6521739130434783 0.22704590818363274 0.05938494167550371 0.12674650698602793
0 0.6675503711558854 0.38273453093812376 0.06468716861081654 0.10079840319361277
0 0.5630965005302226 0.13023952095808383 0.0784729586426299 0.08682634730538923
0 0.5763520678685048 0.26596806387225547 0.0689289501590668 0.08283433133732535
0 0.5954400848356309 0.3912175648702595 0.07953340402969247 0.05788423153692615
0 0.4809119830328738 0.1122754491017964 0.051961823966065745 0.07884231536926148
0 0.4973488865323436 0.23852295409181637 0.07423117709437964 0.0998003992015968
0 0.5031813361611877 0.3662674650698603 0.09650053022269353 0.10778443113772455
0 0.4050901378579003 0.2085828343313373 0.09544008483563096 0.08183632734530938
0 0.43319194061505834 0.4181636726546906 0.06680805938494168 0.1497005988023952
0 0.6887592788971368 0.5179640718562875 0.060445387062566275 0.03592814371257485
