0 0.6338329764453962 0.29449838187702265 0.11563169164882227 0.037540453074433655
0 0.28693790149892934 0.6161812297734628 0.0728051391862955 0.036245954692556634
0 0.2762312633832976 0.6867313915857605 0.09421841541755889 0.05566343042071197
0 0.37901498929336186 0.20388349514563106 0.11991434689507495 0.05048543689320388
0 0.3297644539614561 0.26925566343042073 0.13276231263383298 0.06990291262135923
0 0.27194860813704497 0.3346278317152104 0.1284796573875803 0.037540453074433655
0 0.25267665952890794 0.39223300970873787 0.10706638115631692 0.062135922330097085
0 0.4025695931477516 0.3320388349514563 0.12419700214132762 0.040129449838187704
0 0.3961456102783726 0.39158576051779936 0.11134903640256959 0.05307443365695793
0 0.3811563169164882 0.458252427184466 0.12419700214132762 0.05177993527508091
0 0.582441113490364 0.34433656957928804 0.13276231263383298 0.04919093851132686
0 0.5588865096359743 0.4103559870550162 0.13704496788008566 0.062135922330097085
0 0.2569593147751606 0.5229773462783172 0.13276231263383298 0.041423948220064725
0 0.6059957173447538 0.568284789644013 0.11991434689507495 0.04660194174757282
