0 0.7226190476190476 0.15935672514619884 0.08333333333333333 0.06432748538011696
0 0.7666666666666667 0.2902046783625731 0.07142857142857142 0.10087719298245613
0 0.7988095238095239 0.40497076023391815 0.03571428571428571 0.05847953216374269
0 0.8214285714285714 0.5343567251461988 0.08095238095238096 0.11257309941520467
0 0.8238095238095238 0.6337719298245614 0.10952380952380952 0.06578947368421052
0 0.6107142857142858 0.1739766081871345 0.07380952380952381 0.1023391812865497
0 0.6583333333333333 0.33845029239766083 0.11190476190476191 0.12719298245614036
0 0.705952380952381 0.4766081871345029 0.0880952380952381 0.1111111111111111
0 0.2988095238095238 0.6111111111111112 0.02142857142857143 0.06725146198830409
0 0.25595238095238093 0.5964912280701754 0.03571428571428571 0.07017543859649122
0 0.37023809523809526 0.27923976608187134 0.06428571428571428 0.023391812865497075
0 0.4 0.5467836257309941 0.10952380952380952 0.06725146198830409
