0 0.3004807692307692 0.04739522130826479 0.028846153846153848 0.02506854680767724
0 0.0811298076923077 0.21053662358010183 0.026442307692307692 0.03407755581668625
0 0.22205528846153846 0.08871915393654524 0.015024038461538462 0.03799451625538582
0 0.17938701923076922 0.09146102624363493 0.019831730769230768 0.012925969447708578
0 0.22115384615384615 0.1927144535840188 0.03365384615384615 0.03055229142185664
0 0.3082932692307692 0.19212690951821387 0.030048076923076924 0.04034469251860556
0 0.3464543269230769 0.19858989424206816 0.019831730769230768 0.02506854680767724
0 0.43900240384615385 0.20661966314140226 0.03545673076923077 0.03251077164120642
0 0.4699519230769231 0.2218958088523306 0.026442307692307692 0.02154328241284763
0 0.1219951923076923 0.2218958088523306 0.025240384615384616 0.03251077164120642
0 0.34224759615384615 0.06208382295338817 0.028245192307692308 0.041128084606345476
0 0.33383413461538464 0.10164512338425381 0.028245192307692308 0.02702702702702703
0 0.12860576923076922 0.29925577751664706 0.038461538461538464 0.03681942812377595
0 0.09435096153846154 0.3047395221308265 0.030048076923076924 0.03055229142185664
0 0.2109375 0.3019976498237368 0.030048076923076924 0.036036036036036036
0 0.2527043269230769 0.2925969447708578 0.0234375 0.0282021151586369
0 0.29447115384615385 0.30141010575793187 0.016826923076923076 0.03251077164120642
0 0.2980769230769231 0.3258911084998041 0.03365384615384615 0.0227183705444575
0 0.34134615384615385 0.30669800235017625 0.030048076923076924 0.0282021151586369
0 0.23948317307692307 0.23834704269486878 0.0234375 0.01762632197414806
0 0.20282451923076922 0.23012142577359967 0.019831730769230768 0.016059537798668234
0 0.15594951923076922 0.22796709753231492 0.0234375 0.011750881316098707
0 0.5609975961538461 0.29866823345084215 0.031850961538461536 0.03407755581668625
0 0.41977163461538464 0.3063063063063063 0.0234375 0.036036036036036036
0 0.453125 0.3035644339992166 0.03365384615384615 0.03055229142185664
0 0.48257211538461536 0.3035644339992166 0.025240384615384616 0.025851938895417155
0 0.30709134615384615 0.38777908343125733 0.042067307692307696 0.06188797493145319
0 0.35306490384615385 0.399921660791226 0.033052884615384616 0.04465334900117509
0 0.38221153846153844 0.4020759890325108 0.021634615384615384 0.03172737955346651
0 0.4441105769230769 0.3852330591461026 0.051682692307692304 0.03721112416764591
0 0.4215745192307692 0.41167254210732473 0.03665865384615385 0.02506854680767724
0 0.7028245192307693 0.39972581276929103 0.03786057692307692 0.03799451625538582
0 0.7445913461538461 0.4075597336466902 0.021634615384615384 0.02937720329024677
0 0.3212139423076923 0.48962005483744614 0.0234375 0.02428515471993733
0 0.3323317307692308 0.5979240109674893 0.03485576923076923 0.03564433999216608
0 0.4167668269230769 0.6012534273403839 0.03665865384615385 0.033685859772816296
0 0.4347956730769231 0.6711711711711712 0.027043269230769232 0.03486094790442616
0 0.35396634615384615 0.4951037994516255 0.03125 0.021934978456717588
0 0.3230168269230769 0.5238934586760674 0.033052884615384616 0.03407755581668625
0 0.36117788461538464 0.5248726987857423 0.030048076923076924 0.036036036036036036
0 0.41586538461538464 0.5201723462593028 0.021634615384615384 0.0282021151586369
0 0.7614182692307693 0.7452017234625931 0.03485576923076923 0.03486094790442616
0 0.8070913461538461 0.7828045436741089 0.046875 0.03799451625538582
0 0.7196514423076923 0.7769291030160596 0.028245192307692308 0.03251077164120642
0 0.6751802884615384 0.8525264394829613 0.019831730769230768 0.02937720329024677
0 0.6878004807692307 0.7714453584018801 0.022235576923076924 0.04974539757148453
0 0.7169471153846154 0.81825303564434 0.030048076923076924 0.03916960438699569
0 0.8653846153846154 0.7855464159811986 0.030048076923076924 0.060712886799843324
0 0.6862980769230769 0.9063846455150802 0.03485576923076923 0.03290246768507638
0 0.6811899038461539 0.9410497453975715 0.045072115384615384 0.03251077164120642
0 0.6174879807692307 0.7121034077555817 0.028245192307692308 0.01645123384253819
0 0.5291466346153846 0.41245593419506466 0.028245192307692308 0.017234625930278104
