0 0.3484042553191489 0.7685301507537688 0.06648936170212766 0.038316582914572864
0 0.3503989361702128 0.8278894472361809 0.07313829787234043 0.05527638190954774
0 0.34308510638297873 0.8847361809045227 0.04521276595744681 0.04585427135678392
0 0.4454787234042553 0.7902010050251256 0.05319148936170213 0.06407035175879397
0 0.45279255319148937 0.8548994974874372 0.0598404255319149 0.048994974874371856
0 0.41356382978723405 0.2707286432160804 0.047872340425531915 0.0364321608040201
0 0.4109042553191489 0.3319723618090452 0.0425531914893617 0.04459798994974874
0 0.42021276595744683 0.3746859296482412 0.02925531914893617 0.025753768844221106
0 0.41356382978723405 0.4155150753768844 0.05319148936170213 0.04459798994974874
0 0.42021276595744683 0.47173366834170855 0.047872340425531915 0.059045226130653265
0 0.4288563829787234 0.5521356783919598 0.07047872340425532 0.07160804020100503
0 0.4275265957446808 0.6400753768844221 0.0598404255319149 0.08417085427135679
0 0.3371010638297872 0.38347989949748745 0.043882978723404256 0.04585427135678392
0 0.34773936170212766 0.45979899497487436 0.0678191489361702 0.07914572864321608
0 0.3537234042553192 0.5537060301507538 0.05319148936170213 0.06721105527638191
0 0.34175531914893614 0.6099246231155779 0.05319148936170213 0.02386934673366834
0 0.3384308510638298 0.6363065326633166 0.03590425531914894 0.031407035175879394
