0 0.1535234899328859 0.7033660589060309 0.0587248322147651 0.0546984572230014
0 0.5251677852348994 0.5504908835904628 0.026845637583892617 0.043478260869565216
0 0.20302013422818793 0.6725105189340813 0.040268456375838924 0.0967741935483871
0 0.5763422818791947 0.37798036465638146 0.06543624161073826 0.07152875175315568
0 0.575503355704698 0.55890603085554 0.0436241610738255 0.03225806451612903
0 0.3464765100671141 0.6514726507713885 0.04530201342281879 0.009817671809256662
0 0.4966442953020134 0.3814866760168303 0.03355704697986577 0.05890603085553997
0 0.5947986577181208 0.6493688639551192 0.04865771812080537 0.10659186535764376
0 0.5419463087248322 0.47124824684431976 0.09731543624161074 0.10098176718092566
0 0.7533557046979866 0.35133239831697055 0.053691275167785234 0.051893408134642355
0 0.7516778523489933 0.41935483870967744 0.06040268456375839 0.04207573632538569
0 0.665268456375839 0.5813464235624124 0.06879194630872483 0.05750350631136045
0 0.5260067114093959 0.6739130434782609 0.05201342281879195 0.09957924263674614
0 0.665268456375839 0.6823281907433381 0.0587248322147651 0.05750350631136045
0 0.6543624161073825 0.3758765778401122 0.06040268456375839 0.12903225806451613
0 0.2684563758389262 0.6542776998597476 0.06711409395973154 0.04908835904628331
