0 0.2463002114164905 0.2724306688417618 0.0824524312896406 0.06199021207177814
0 0.24101479915433405 0.3931484502446982 0.046511627906976744 0.10766721044045677
0 0.21987315010570824 0.5375203915171288 0.02959830866807611 0.06688417618270799
0 0.22093023255813954 0.6402936378466558 0.08668076109936575 0.12561174551386622
0 0.34143763213530653 0.29445350734094616 0.06976744186046512 0.13866231647634583
0 0.3308668076109937 0.4453507340946166 0.07399577167019028 0.18270799347471453
0 0.4408033826638478 0.24551386623164764 0.0824524312896406 0.04730831973898858
0 0.45348837209302323 0.3360522022838499 0.052854122621564484 0.09461663947797716
0 0.5676532769556025 0.3091353996737357 0.07822410147991543 0.12234910277324633
0 0.4630021141649049 0.48694942903752036 0.18604651162790697 0.15823817292006526
0 0.6881606765327696 0.27569331158238175 0.07399577167019028 0.13050570962479607
0 0.7156448202959831 0.367047308319739 0.08668076109936575 0.05546492659053834
0 0.6627906976744186 0.46900489396411094 0.17970401691331925 0.10929853181076672
0 0.8234672304439746 0.3091353996737357 0.09090909090909091 0.13866231647634583
0 0.8551797040169133 0.43882544861337686 0.05708245243128964 0.10766721044045677
