0 0.631578947368421 0.12155963302752294 0.040100250626566414 0.06422018348623854
0 0.6848370927318296 0.2129204892966361 0.06892230576441102 0.07110091743119266
0 0.7036340852130326 0.2886085626911315 0.05137844611528822 0.046636085626911315
0 0.7669172932330827 0.1441131498470948 0.12030075187969924 0.10015290519877676
0 0.7913533834586466 0.27370030581039756 0.08395989974937343 0.08868501529051988
0 0.8884711779448622 0.14296636085626913 0.09523809523809523 0.0871559633027523
0 0.48621553884711777 0.6922782874617737 0.05263157894736842 0.008409785932721712
0 0.8088972431077694 0.4740061162079511 0.06641604010025062 0.01834862385321101
0 0.8107769423558897 0.5007645259938838 0.05012531328320802 0.03669724770642202
0 0.6992481203007519 0.49579510703363916 0.05263157894736842 0.020642201834862386
0 0.34210526315789475 0.6964831804281345 0.07268170426065163 0.0764525993883792
0 0.22932330827067668 0.654434250764526 0.05012531328320802 0.0581039755351682
0 0.25125313283208023 0.7171253822629969 0.07142857142857142 0.0779816513761468
0 0.16353383458646617 0.7607033639143731 0.08646616541353383 0.045871559633027525
