0 0.33912037037037035 0.2695035460992908 0.08101851851851852 0.03971631205673759
0 0.3368055555555556 0.35815602836879434 0.08101851851851852 0.075177304964539
0 0.3136574074074074 0.4631205673758865 0.05324074074074074 0.04964539007092199
0 0.33217592592592593 0.5758865248226951 0.06712962962962964 0.09078014184397164
0 0.46296296296296297 0.2900709219858156 0.08796296296296297 0.07234042553191489
0 0.45949074074074076 0.4375886524822695 0.08101851851851852 0.09219858156028368
0 0.45717592592592593 0.5581560283687943 0.05787037037037037 0.09219858156028368
0 0.5671296296296297 0.3 0.0787037037037037 0.12056737588652482
0 0.5902777777777778 0.4524822695035461 0.0787037037037037 0.11631205673758865
0 0.6226851851851852 0.5815602836879432 0.08796296296296297 0.04539007092198582
0 0.6921296296296297 0.2872340425531915 0.09722222222222222 0.075177304964539
