0 0.87890625 0.3646144650328751 0.0703125 0.05977286312014345
0 0.10323660714285714 0.7704722056186492 0.07700892857142858 0.07053197848176927
0 0.17912946428571427 0.7809324566646743 0.0546875 0.05319784817692767
0 0.4536830357142857 0.7647937836222355 0.06361607142857142 0.05439330543933055
0 0.6635044642857143 0.6643753735803944 0.06138392857142857 0.06276150627615062
0 0.8041294642857143 0.35923490735206215 0.06808035714285714 0.06933652121936641
0 0.44140625 0.6775254034668261 0.05915178571428571 0.08069336521219367
0 0.19754464285714285 0.6948595337716676 0.05580357142857143 0.05319784817692767
0 0.4419642857142857 0.6126718469814704 0.03794642857142857 0.021518230723251645
0 0.32979910714285715 0.6628810520023909 0.04352678571428571 0.029886431560071727
0 0.38058035714285715 0.661685594739988 0.029017857142857144 0.032277346084877465
0 0.6657366071428571 0.5119545726240287 0.05022321428571429 0.0639569635385535
0 0.6702008928571429 0.4178123132098028 0.052455357142857144 0.0968320382546324
