0 0.3168103448275862 0.4123989218328841 0.06465517241379311 0.05750224618149147
0 0.34339080459770116 0.5584007187780773 0.07471264367816093 0.08355795148247978
0 0.3204022988505747 0.6388140161725068 0.04885057471264368 0.05390835579514825
0 0.2449712643678161 0.6154537286612758 0.05890804597701149 0.07547169811320754
0 0.23994252873563218 0.692722371967655 0.06609195402298851 0.044923629829290206
0 0.17600574712643677 0.6635220125786163 0.027298850574712645 0.0637915543575921
0 0.19899425287356323 0.45956873315363883 0.05028735632183908 0.009883198562443846
0 0.555316091954023 0.6042228212039533 0.035919540229885055 0.018867924528301886
0 0.5186781609195402 0.6338724168912848 0.05459770114942529 0.03863432165318958
0 0.6415229885057471 0.6545372866127583 0.04454022988505747 0.020664869721473494
0 0.41020114942528735 0.6913746630727763 0.05316091954022988 0.013477088948787063
0 0.1257183908045977 0.6675651392632524 0.04454022988505747 0.0215633423180593
0 0.21910919540229884 0.4119496855345912 0.06465517241379311 0.036837376460017966
0 0.21767241379310345 0.38140161725067384 0.03879310344827586 0.015274034141958671
0 0.5035919540229885 0.44294699011680144 0.04741379310344827 0.008984725965858042
0 0.47485632183908044 0.3935309973045822 0.05890804597701149 0.03593890386343217
0 0.4870689655172414 0.412848158131177 0.05172413793103448 0.03863432165318958
0 0.5258620689655172 0.3908355795148248 0.05747126436781609 0.019766397124887692
