0 0.5081967213114754 0.3050259965337955 0.10491803278688525 0.11091854419410745
0 0.6295081967213115 0.3856152512998267 0.06557377049180328 0.04679376083188908
0 0.5393442622950819 0.43500866551126516 0.09508196721311475 0.09012131715771231
0 0.2540983606557377 0.23483535528596186 0.08196721311475409 0.025996533795493933
0 0.31475409836065577 0.39081455805892545 0.09836065573770492 0.053726169844020795
0 0.639344262295082 0.28682842287694976 0.09836065573770492 0.07452339688041594
0 0.24918032786885247 0.18197573656845753 0.09180327868852459 0.0658578856152513
0 0.26557377049180325 0.3024263431542461 0.1377049180327869 0.05025996533795494
0 0.3622950819672131 0.207105719237435 0.10163934426229508 0.14038128249566725
0 0.4 0.3344887348353553 0.07868852459016394 0.07279029462738301
0 0.4311475409836066 0.4506065857885615 0.07540983606557378 0.05545927209705372
