0 0.6885964912280702 0.7898123324396783 0.06140350877192982 0.021447721179624665
0 0.6732456140350878 0.8230563002680965 0.08333333333333333 0.030026809651474532
0 0.5833333333333334 0.7908847184986595 0.08771929824561403 0.027882037533512063
0 0.5614035087719298 0.8268096514745308 0.07894736842105263 0.03324396782841823
0 0.668859649122807 0.7436997319034853 0.07456140350877193 0.04075067024128686
0 0.6403508771929824 0.6884718498659518 0.07017543859649122 0.04396782841823056
0 0.7171052631578947 0.5040214477211796 0.10087719298245613 0.05254691689008043
0 0.5263157894736842 0.46809651474530833 0.12280701754385964 0.04718498659517426
0 0.706140350877193 0.45415549597855226 0.11403508771929824 0.032171581769437
0 0.6600877192982456 0.3796246648793566 0.10087719298245613 0.06756032171581769
0 0.6447368421052632 0.06273458445040214 0.07894736842105263 0.030026809651474532
0 0.3925438596491228 0.3002680965147453 0.09210526315789473 0.05254691689008043
