0 0.6165644171779141 0.2168284789644013 0.03768624014022787 0.05177993527508091
0 0.4785276073619632 0.4243527508090615 0.05433829973707274 0.12378640776699029
0 0.6183172655565293 0.3535598705501618 0.014899211218229623 0.03398058252427184
0 0.6345311130587205 0.45550161812297735 0.040315512708150744 0.08090614886731391
0 0.542068361086766 0.24190938511326862 0.04820333041191937 0.08090614886731391
0 0.6752848378615249 0.2912621359223301 0.028921998247151623 0.061488673139158574
0 0.366783523225241 0.41504854368932037 0.021910604732690624 0.07766990291262135
0 0.7151621384750219 0.23341423948220064 0.033304119193689745 0.11731391585760517
0 0.5569675723049956 0.5691747572815534 0.025416301489921123 0.06877022653721683
0 0.7751971954425942 0.5392394822006472 0.051709027169149865 0.1076051779935275
0 0.694127957931639 0.40048543689320387 0.033304119193689745 0.15210355987055016
0 0.5376862401402279 0.3855177993527508 0.02716914986853637 0.052588996763754045
0 0.42024539877300615 0.44619741100323623 0.03067484662576687 0.08656957928802589
0 0.485977212971078 0.5218446601941747 0.03593339176161262 0.021035598705501618
0 0.8308501314636284 0.5076860841423948 0.029798422436459245 0.054207119741100325
0 0.6134969325153374 0.28640776699029125 0.026292725679228746 0.06472491909385113
0 0.7782646801051709 0.4016990291262136 0.04732690622261174 0.12216828478964402
