0 0.4954648526077097 0.09317963496637849 0.13378684807256236 0.09221902017291066
0 0.31405895691609975 0.202209414024976 0.10657596371882086 0.09125840537944284
0 0.4603174603174603 0.2132564841498559 0.1360544217687075 0.09029779058597502
0 0.5839002267573696 0.24687800192122958 0.12018140589569161 0.12295869356388088
0 0.4376417233560091 0.3102785782901057 0.09977324263038549 0.08069164265129683
0 0.2868480725623583 0.3069164265129683 0.07936507936507936 0.10662824207492795
0 0.2981859410430839 0.46829971181556196 0.13378684807256236 0.10470701248799232
0 0.46485260770975056 0.5081652257444764 0.10430839002267574 0.14024975984630164
0 0.6235827664399093 0.489433237271854 0.12244897959183673 0.10278578290105668
0 0.30839002267573695 0.5941402497598463 0.14058956916099774 0.10086455331412104
0 0.43197278911564624 0.633045148895293 0.10204081632653061 0.06147934678194044
0 0.6247165532879818 0.6186359269932757 0.10204081632653061 0.10566762728146013
0 0.5702947845804989 0.36935638808837656 0.10204081632653061 0.08549471661863593
