0 0.612603305785124 0.10894495412844037 0.08057851239669421 0.05389908256880734
0 0.7024793388429752 0.11181192660550458 0.0640495867768595 0.05733944954128441
0 0.7024793388429752 0.17803899082568808 0.09090909090909091 0.04988532110091743
0 0.7143595041322314 0.25200688073394495 0.11466942148760331 0.06364678899082568
0 0.4369834710743802 0.22047018348623854 0.049586776859504134 0.034977064220183485
0 0.6074380165289256 0.1978211009174312 0.047520661157024795 0.07224770642201835
0 0.3140495867768595 0.24197247706422018 0.045454545454545456 0.06880733944954129
0 0.7732438016528925 0.419151376146789 0.06921487603305786 0.05389908256880734
0 0.7789256198347108 0.4908256880733945 0.08057851239669421 0.05733944954128441
0 0.3584710743801653 0.40309633027522934 0.049586776859504134 0.04357798165137615
0 0.33264462809917356 0.450401376146789 0.05165289256198347 0.040711009174311925
0 0.3285123966942149 0.5464449541284404 0.047520661157024795 0.0389908256880734
0 0.7887396694214877 0.5894495412844036 0.056818181818181816 0.052752293577981654
0 0.8491735537190083 0.5831422018348624 0.05165289256198347 0.05963302752293578
0 0.8651859504132231 0.6465022935779816 0.060950413223140494 0.047591743119266054
0 0.7892561983471075 0.6473623853211009 0.047520661157024795 0.058486238532110095
0 0.7799586776859504 0.7095756880733946 0.047520661157024795 0.04415137614678899
0 0.8615702479338843 0.7047018348623854 0.07644628099173553 0.04128440366972477
0 0.6466942148760331 0.6797591743119266 0.049586776859504134 0.025802752293577983
0 0.7866735537190083 0.7677752293577982 0.03409090909090909 0.04472477064220184
0 0.8631198347107438 0.7588876146788991 0.06921487603305786 0.047591743119266054
0 0.5625 0.5338302752293578 0.03409090909090909 0.05389908256880734
0 0.59349173553719 0.5389908256880734 0.03409090909090909 0.045871559633027525
0 0.6337809917355371 0.5450114678899083 0.042355371900826444 0.0338302752293578
0 0.6198347107438017 0.7961582568807339 0.049586776859504134 0.03727064220183486
0 0.6647727272727273 0.8173738532110092 0.040289256198347105 0.024655963302752295
0 0.41735537190082644 0.8119266055045872 0.045454545454545456 0.026376146788990827
0 0.4059917355371901 0.555045871559633 0.04132231404958678 0.02408256880733945
0 0.22933884297520662 0.43549311926605505 0.05578512396694215 0.023509174311926607
