0 0.2447289156626506 0.1846553966189857 0.05572289156626506 0.07802340702210664
0 0.7853915662650602 0.24902470741222366 0.06475903614457831 0.07932379713914174
0 0.7771084337349398 0.37776332899869963 0.060240963855421686 0.12873862158647595
0 0.5444277108433735 0.1775032509752926 0.0677710843373494 0.04811443433029909
0 0.5820783132530121 0.3940182054616385 0.0677710843373494 0.0494148244473342
0 0.1588855421686747 0.35955786736020806 0.05572289156626506 0.08192457737321196
0 0.15436746987951808 0.45513654096228867 0.07680722891566265 0.0754226267880364
0 0.24246987951807228 0.38491547464239273 0.06325301204819277 0.07022106631989597
0 0.32153614457831325 0.40312093628088425 0.03765060240963856 0.013003901170351105
0 0.16114457831325302 0.606631989596879 0.06927710843373494 0.07672301690507152
0 0.23870481927710843 0.599479843953186 0.07379518072289157 0.054616384915474644
