0 0.7833333333333333 0.17572463768115942 0.08333333333333333 0.06521739130434782
0 0.36041666666666666 0.4157608695652174 0.07916666666666666 0.05253623188405797
0 0.4284722222222222 0.3432971014492754 0.07083333333333333 0.06340579710144928
0 0.5048611111111111 0.38632246376811596 0.08472222222222223 0.06793478260869565
0 0.6743055555555556 0.20380434782608695 0.07361111111111111 0.07971014492753623
0 0.6854166666666667 0.5810688405797102 0.08472222222222223 0.08605072463768115
0 0.6597222222222222 0.33469202898550726 0.05277777777777778 0.06793478260869565
0 0.6798611111111111 0.3976449275362319 0.059722222222222225 0.07971014492753623
0 0.7625 0.39266304347826086 0.08611111111111111 0.0625
0 0.6638888888888889 0.49592391304347827 0.06666666666666667 0.06431159420289854
0 0.13472222222222222 0.6875 0.1 0.08876811594202899
0 0.11319444444444444 0.7576992753623188 0.07916666666666666 0.035326086956521736
