0 0.6122004357298475 0.2755102040816326 0.05010893246187364 0.08763505402160865
0 0.6198257080610022 0.3967587034813926 0.05228758169934641 0.08283313325330131
0 0.6557734204793029 0.5234093637454982 0.026143790849673203 0.07683073229291716
0 0.5522875816993464 0.3289315726290516 0.058823529411764705 0.15606242496998798
0 0.5533769063180828 0.492797118847539 0.07407407407407407 0.10444177671068428
0 0.4624183006535948 0.3235294117647059 0.0664488017429194 0.16926770708283315
0 0.46296296296296297 0.5168067226890757 0.05228758169934641 0.1908763505402161
0 0.3747276688453159 0.375750300120048 0.06535947712418301 0.2112845138055222
0 0.3404139433551198 0.5126050420168067 0.020697167755991286 0.06962785114045618
0 0.3812636165577342 0.5276110444177671 0.04139433551198257 0.030012004801920768
0 0.3818082788671024 0.5762304921968787 0.029411764705882353 0.057623049219687875
0 0.5615468409586056 0.6038415366146459 0.03594771241830065 0.031212484993997598
