0 0.5290199809705043 0.248567335243553 0.049476688867745006 0.05396370582617001
0 0.538058991436727 0.31805157593123207 0.08848715509039011 0.05826170009551098
0 0.5694576593720266 0.38371537726838584 0.0390104662226451 0.03772683858643744
0 0.5470980019029495 0.45009551098376316 0.09514747859181731 0.06638013371537727
0 0.5461465271170314 0.5308022922636103 0.07992388201712655 0.07402101241642789
0 0.5347288296860133 0.6599808978032474 0.09514747859181731 0.12416427889207259
0 0.50523311132255 0.7776981852913085 0.08372978116079924 0.07306590257879657
0 0.5042816365366318 0.8510028653295129 0.08563273073263558 0.041069723018147083
0 0.6936251189343482 0.21752626552053486 0.07992388201712655 0.027220630372492838
0 0.6998097050428164 0.27411652340019105 0.07516650808753568 0.05730659025787966
0 0.7140818268315889 0.3407354345749761 0.0390104662226451 0.03677172874880611
0 0.7259752616555661 0.3987583572110793 0.08372978116079924 0.055396370582617004
0 0.7345385347288297 0.471585482330468 0.08943862987630828 0.06160458452722063
0 0.7435775451950524 0.5627984718242598 0.071360608943863 0.06829035339063992
0 0.769267364414843 0.6470869149952244 0.071360608943863 0.06303724928366762
0 0.768791627021884 0.7359121298949379 0.03235014272121789 0.05635148042024833
0 0.7887725975261656 0.7879656160458453 0.1065651760228354 0.030563514804202482
