0 0.6674364896073903 0.30864928909952605 0.12471131639722864 0.05568720379146919
0 0.6593533487297921 0.3732227488151659 0.13625866050808313 0.058056872037914695
0 0.7205542725173211 0.4487559241706161 0.07852193995381063 0.06457345971563981
0 0.6824480369515011 0.5313981042654028 0.14549653579676675 0.05924170616113744
0 0.7147806004618937 0.6018957345971564 0.11778290993071594 0.058056872037914695
0 0.6824480369515011 0.673281990521327 0.12240184757505773 0.05509478672985782
0 0.6593533487297921 0.7431872037914692 0.10854503464203233 0.05509478672985782
0 0.5265588914549654 0.30924170616113744 0.09699769053117784 0.0485781990521327
0 0.5265588914549654 0.37114928909952605 0.09699769053117784 0.06457345971563981
0 0.5612009237875288 0.4369075829383886 0.09699769053117784 0.04917061611374408
0 0.558891454965358 0.5074052132701422 0.10161662817551963 0.0740521327014218
0 0.5612009237875288 0.6072274881516587 0.09699769053117784 0.07345971563981042
0 0.523094688221709 0.6990521327014217 0.14549653579676675 0.0509478672985782
0 0.4930715935334873 0.7686611374407583 0.10392609699769054 0.04087677725118483
0 0.3891454965357968 0.3243483412322275 0.11316397228637413 0.06575829383886256
0 0.39838337182448036 0.45260663507109006 0.15011547344110854 0.07464454976303317
0 0.3441108545034642 0.601303317535545 0.18475750577367206 0.07227488151658767
0 0.33833718244803695 0.6993483412322274 0.12240184757505773 0.0764218009478673
