0 0.08925979680696662 0.3963466440101954 0.06531204644412192 0.05862361937128292
0 0.15820029027576196 0.34834324553950724 0.0783744557329463 0.06627017841971113
0 0.21843251088534107 0.3096856414613424 0.05079825834542816 0.038232795242141036
0 0.24600870827285923 0.3602378929481733 0.04499274310595065 0.05777400169923534
0 0.8715529753265603 0.1265930331350892 0.059506531204644414 0.04078164825828377
0 0.8795355587808418 0.18181818181818182 0.02902757619738752 0.037383177570093455
0 0.7793904208998549 0.22897196261682243 0.06676342525399129 0.05692438402718777
0 0.7728592162554426 0.14443500424808836 0.062409288824383166 0.02888700084961767
0 0.772133526850508 0.16440101954120645 0.04354136429608128 0.01954120645709431
0 0.6952104499274311 0.24044180118946473 0.07256894049346879 0.06627017841971113
0 0.8599419448476052 0.25148683092608326 0.027576197387518143 0.07646559048428207
0 0.6995645863570392 0.1627017841971113 0.055152394775036286 0.04333050127442651
0 0.7670537010159652 0.28674596431605776 0.036284470246734396 0.05862361937128292
0 0.6952104499274311 0.2965165675446049 0.04354136429608128 0.02888700084961767
0 0.6879535558780842 0.3462192013593883 0.03773584905660377 0.03653355989804588
