0 0.2018970189701897 0.21721958925750395 0.08943089430894309 0.08372827804107424
0 0.35365853658536583 0.25118483412322273 0.11653116531165311 0.17377567140600317
0 0.46070460704607047 0.2093206951026856 0.07588075880758807 0.09320695102685624
0 0.5894308943089431 0.20695102685624012 0.06775067750677506 0.08214849921011058
0 0.7005420054200542 0.21248025276461296 0.06233062330623306 0.052132701421800945
0 0.17073170731707318 0.31911532385466035 0.13008130081300814 0.0947867298578199
0 0.4742547425474255 0.32385466034755134 0.07046070460704607 0.07582938388625593
0 0.5853658536585366 0.3285939968404423 0.06504065040650407 0.09794628751974724
0 0.7086720867208672 0.32148499210110587 0.0948509485094851 0.09320695102685624
0 0.19647696476964768 0.4676145339652449 0.0948509485094851 0.15481832543443919
0 0.37533875338753386 0.42812006319115326 0.12195121951219512 0.0947867298578199
0 0.4959349593495935 0.4218009478672986 0.06504065040650407 0.07266982622432859
0 0.5894308943089431 0.41390205371248023 0.06775067750677506 0.0315955766192733
0 0.7046070460704607 0.42890995260663506 0.04336043360433604 0.03949447077409163
0 0.3821138211382114 0.5347551342812006 0.07046070460704607 0.05529225908372828
0 0.5257452574525745 0.5355450236966824 0.14092140921409213 0.06951026856240126
0 0.6788617886178862 0.5110584518167457 0.0948509485094851 0.05529225908372828
