0 0.7991858887381276 0.18679775280898878 0.09497964721845319 0.12640449438202248
0 0.8941655359565808 0.336376404494382 0.12211668928086838 0.16151685393258428
0 0.6994572591587517 0.1720505617977528 0.12075983717774763 0.1306179775280899
0 0.7435549525101763 0.32092696629213485 0.1112618724559023 0.12219101123595505
0 0.8554952510176391 0.4824438202247191 0.1044776119402985 0.13904494382022473
0 0.6004070556309362 0.18469101123595505 0.10990502035278155 0.15589887640449437
0 0.6478968792401628 0.34269662921348315 0.07462686567164178 0.10393258426966293
0 0.6981004070556309 0.44452247191011235 0.08276797829036635 0.09129213483146068
0 0.5271370420624152 0.19241573033707865 0.06919945725915876 0.12921348314606743
0 0.5671641791044776 0.37991573033707865 0.09769335142469471 0.1699438202247191
0 0.2672998643147897 0.17275280898876405 0.08683853459972862 0.14606741573033707
0 0.21031207598371776 0.324438202247191 0.05970149253731343 0.12078651685393259
0 0.1350067842605156 0.5007022471910112 0.0773405698778833 0.1502808988764045
0 0.35956580732700133 0.15519662921348315 0.09226594301221167 0.09410112359550561
0 0.324966078697422 0.2731741573033708 0.06648575305291723 0.09129213483146068
0 0.2537313432835821 0.4311797752808989 0.10312075983717775 0.1601123595505618
0 0.41994572591587515 0.2247191011235955 0.06377204884667571 0.14325842696629212
0 0.3548168249660787 0.38764044943820225 0.08548168249660787 0.15730337078651685
0 0.32632293080054275 0.5133426966292135 0.07462686567164178 0.09691011235955056
0 0.4470827679782904 0.4157303370786517 0.08276797829036635 0.12640449438202248
0 0.189280868385346 0.6039325842696629 0.052917232021709636 0.02247191011235955
