0 0.6259445843828715 0.38461538461538464 0.12846347607052896 0.07122507122507123
0 0.593198992443325 0.4964387464387464 0.042821158690176324 0.0868945868945869
0 0.6095717884130982 0.5897435897435898 0.09571788413098237 0.09971509971509972
0 0.46977329974811083 0.41239316239316237 0.11335012594458438 0.14102564102564102
0 0.45717884130982367 0.5655270655270656 0.14357682619647355 0.14814814814814814
0 0.3261964735516373 0.4024216524216524 0.13350125944584382 0.12393162393162394
0 0.2947103274559194 0.5641025641025641 0.13602015113350127 0.18518518518518517
0 0.19143576826196473 0.37606837606837606 0.1309823677581864 0.08831908831908832
0 0.1712846347607053 0.4494301994301994 0.09571788413098237 0.09544159544159544
0 0.15365239294710328 0.542022792022792 0.09571788413098237 0.07834757834757834
0 0.07052896725440806 0.40028490028490027 0.04534005037783375 0.1225071225071225
