0 0.15558194774346792 0.09900990099009901 0.13064133016627077 0.1272984441301273
0 0.16270783847980996 0.29066478076379065 0.16389548693586697 0.13437057991513437
0 0.17933491686460806 0.4306930693069307 0.05938242280285035 0.10891089108910891
0 0.36104513064133015 0.14356435643564355 0.057007125890736345 0.14002828854314003
0 0.32422802850356297 0.3444130127298444 0.0831353919239905 0.16265912305516267
0 0.5118764845605701 0.1371994342291372 0.1496437054631829 0.15275813295615276
0 0.5095011876484561 0.3302687411598303 0.09263657957244656 0.15134370579915135
0 0.5154394299287411 0.516973125884017 0.1377672209026128 0.14285714285714285
0 0.6900237529691211 0.12446958981612447 0.13064133016627077 0.10466760961810467
0 0.6912114014251781 0.268033946251768 0.10926365795724466 0.12305516265912306
0 0.6365795724465558 0.4144271570014144 0.06175771971496437 0.10466760961810467
