0 0.8312236286919831 0.24693042291950887 0.07172995780590717 0.06548431105047749
0 0.8660337552742616 0.3451568894952251 0.09071729957805907 0.06821282401091405
0 0.9071729957805907 0.43519781718963163 0.046413502109704644 0.06548431105047749
0 0.7162447257383966 0.2755798090040928 0.09915611814345991 0.08458390177353342
0 0.7331223628691983 0.38267394270122784 0.06962025316455696 0.0723055934515689
0 0.7805907172995781 0.48567530695770805 0.07172995780590717 0.07639836289222374
0 0.6075949367088608 0.26875852660300137 0.05485232067510549 0.06821282401091405
0 0.6170886075949367 0.3942701227830832 0.08227848101265822 0.11732605729877217
0 0.6455696202531646 0.5061391541609823 0.0970464135021097 0.06821282401091405
0 0.5189873417721519 0.4870395634379263 0.08860759493670886 0.11186903137789904
0 0.3881856540084388 0.24624829467939974 0.05907172995780591 0.01227830832196453
0 0.4061181434599156 0.5893587994542974 0.09071729957805907 0.06275579809004093
0 0.31223628691983124 0.5791268758526603 0.03375527426160337 0.05320600272851296
0 0.16139240506329114 0.5477489768076398 0.06118143459915612 0.020463847203274217
