0 0.5843828715365239 0.46379853095487933 0.11083123425692695 0.0776495278069255
0 0.5818639798488665 0.5535152151101784 0.14105793450881612 0.05141657922350472
0 0.552896725440806 0.6316894018887723 0.06297229219143577 0.07135362014690451
0 0.5289672544080605 0.7224554039874082 0.1309823677581864 0.080797481636936
0 0.3904282115869018 0.4601259181532004 0.1309823677581864 0.09968520461699895
0 0.39420654911838793 0.574501573976915 0.10831234256926953 0.07660020986358866
0 0.3879093198992443 0.6647429171038824 0.13602015113350127 0.09758656873032528
0 0.21914357682619648 0.47481636935991606 0.14609571788413098 0.09758656873032528
0 0.24055415617128464 0.5813221406086044 0.10831234256926953 0.09653725078698845
0 0.15491183879093198 0.5891920251836307 0.07808564231738035 0.09548793284365163
0 0.5566750629722922 0.11070304302203568 0.12594458438287154 0.07240293809024134
0 0.5604534005037783 0.20356768100734524 0.10831234256926953 0.0944386149003148
0 0.42191435768261965 0.13273871983210914 0.11838790931989925 0.12696747114375656
