0 0.25524809160305345 0.11770244821092278 0.05629770992366412 0.029504080351537978
0 0.1741412213740458 0.2344632768361582 0.04103053435114504 0.054613935969868174
0 0.15410305343511452 0.3145009416195857 0.08110687022900763 0.06779661016949153
0 0.13263358778625955 0.40929064657878217 0.0916030534351145 0.08160703075957314
0 0.14599236641221375 0.5034526051475204 0.061068702290076333 0.08286252354048965
0 0.15267175572519084 0.5847457627118644 0.06679389312977099 0.0696798493408663
0 0.1784351145038168 0.6710608913998745 0.0648854961832061 0.07909604519774012
0 0.1965648854961832 0.7630257376020088 0.08206106870229007 0.09227871939736347
0 0.3291984732824427 0.1497175141242938 0.06297709923664122 0.07470182046453233
0 0.3029580152671756 0.23540489642184556 0.07919847328244274 0.08411801632140616
0 0.2967557251908397 0.3157564344005022 0.09923664122137404 0.04143126177024482
0 0.29103053435114506 0.40929064657878217 0.08396946564885496 0.1029504080351538
0 0.2724236641221374 0.5188323917137476 0.11545801526717557 0.0973006905210295
0 0.31440839694656486 0.7727558066541117 0.08874045801526717 0.10797237915881984
0 0.7333015267175572 0.14469554300062776 0.08301526717557252 0.05712492153170119
0 0.7666984732824428 0.22504708097928436 0.08110687022900763 0.05963590709353421
0 0.8024809160305344 0.7476459510357816 0.04198473282442748 0.04268675455116133
0 0.7853053435114504 0.8182674199623352 0.04961832061068702 0.052102950408035156
0 0.7347328244274809 0.5489642184557438 0.06870229007633588 0.05586942875078468
0 0.6665076335877863 0.5386064030131826 0.05820610687022901 0.06277463904582549
0 0.8959923664122137 0.5590081607030759 0.04198473282442748 0.054613935969868174
0 0.8897900763358778 0.6311989956057753 0.025763358778625955 0.0709353421217828
0 0.8311068702290076 0.5448838669177652 0.05916030534351145 0.04268675455116133
0 0.8349236641221374 0.610797237915882 0.06679389312977099 0.060263653483992465
0 0.6999045801526718 0.7225360954174513 0.05248091603053435 0.026365348399246705
0 0.6560114503816794 0.8166980539861896 0.046755725190839696 0.04394224733207784
0 0.6889312977099237 0.2401129943502825 0.05152671755725191 0.05084745762711865
