0 0.4910979228486647 0.5039106145251396 0.06528189910979229 0.10279329608938548
0 0.4807121661721068 0.6273743016759776 0.06528189910979229 0.09944134078212291
0 0.4844213649851632 0.7396648044692737 0.057863501483679525 0.06927374301675977
0 0.40059347181008903 0.524022346368715 0.10385756676557864 0.1787709497206704
0 0.39465875370919884 0.6977653631284916 0.05637982195845697 0.10167597765363129
0 0.29821958456973297 0.4983240223463687 0.06231454005934718 0.12067039106145251
0 0.3026706231454006 0.6044692737430167 0.0712166172106825 0.03798882681564246
0 0.31305637982195844 0.7139664804469273 0.09495548961424333 0.11173184357541899
0 0.2195845697329377 0.4810055865921788 0.0771513353115727 0.09050279329608939
0 0.2032640949554896 0.5977653631284916 0.10385756676557864 0.08491620111731843
0 0.20845697329376855 0.6653631284916202 0.10237388724035608 0.030167597765363128
0 0.20252225519287834 0.729050279329609 0.10534124629080119 0.08156424581005586
0 0.1142433234421365 0.4463687150837989 0.08902077151335312 0.0659217877094972
0 0.11275964391691394 0.5083798882681564 0.08605341246290801 0.04692737430167598
0 0.10756676557863501 0.5994413407821229 0.07566765578635015 0.09497206703910614
0 0.5 0.25251396648044694 0.12166172106824925 0.17206703910614526
0 0.3367952522255193 0.25977653631284914 0.11869436201780416 0.10391061452513967
0 0.18768545994065283 0.3078212290502793 0.12314540059347182 0.11955307262569832
