0 0.2665929203539823 0.4174757281553398 0.09955752212389381 0.10679611650485436
0 0.23783185840707965 0.554004854368932 0.09955752212389381 0.09344660194174757
0 0.4004424778761062 0.39866504854368934 0.05309734513274336 0.05218446601941747
0 0.35398230088495575 0.5109223300970874 0.10619469026548672 0.09951456310679611
0 0.5210176991150443 0.3932038834951456 0.09955752212389381 0.07281553398058252
0 0.4856194690265487 0.5279126213592233 0.11283185840707964 0.0970873786407767
0 0.6415929203539823 0.39927184466019416 0.05752212389380531 0.08737864077669903
0 0.6349557522123894 0.537621359223301 0.13716814159292035 0.14320388349514562
0 0.7743362831858407 0.375 0.09734513274336283 0.0970873786407767
0 0.7688053097345132 0.4878640776699029 0.09070796460176991 0.10922330097087378
0 0.8241150442477876 0.24939320388349515 0.1172566371681416 0.061893203883495146
