0 0.5690121786197564 0.06280909990108803 0.12855209742895804 0.08011869436201781
0 0.5338294993234101 0.21315529179030662 0.2124492557510149 0.19386745796241345
0 0.5723951285520974 0.3961424332344214 0.2462787550744249 0.14836795252225518
0 0.6596752368064953 0.5492087042532147 0.15020297699594046 0.1201780415430267
0 0.6765899864682002 0.673837784371909 0.1975642760487145 0.08555885262116716
0 0.6495263870094723 0.7532146389713156 0.16508795669824086 0.04648862512363996
0 0.648849797023004 0.8293768545994066 0.12855209742895804 0.076162215628091
0 0.2307171853856563 0.19362017804154302 0.10960757780784844 0.040059347181008904
0 0.23410013531799728 0.2692878338278932 0.08119079837618404 0.06280909990108803
0 0.1975642760487145 0.345944609297725 0.11637347767253045 0.05885262116716122
0 0.04397834912043302 0.26384767556874383 0.08795669824086604 0.046983184965380814
0 0.04194857916102842 0.34297725024727993 0.08389715832205684 0.05489614243323442
