0 0.616 0.34436758893280633 0.1408 0.10375494071146245
0 0.6784 0.47282608695652173 0.1088 0.10770750988142293
0 0.7144 0.5874505928853755 0.0752 0.09189723320158102
0 0.752 0.7080039525691699 0.1024 0.10177865612648221
0 0.516 0.4189723320158103 0.1008 0.09090909090909091
0 0.5856 0.5202569169960475 0.0544 0.06818181818181818
0 0.6264 0.6319169960474308 0.0816 0.06027667984189723
0 0.656 0.7109683794466403 0.048 0.06620553359683795
0 0.4088 0.4397233201581028 0.0848 0.08498023715415019
0 0.316 0.441699604743083 0.088 0.07509881422924901
0 0.1936 0.4189723320158103 0.096 0.09090909090909091
0 0.4304 0.49703557312252966 0.0832 0.017786561264822136
0 0.1944 0.6274703557312253 0.0624 0.029644268774703556
0 0.452 0.6837944664031621 0.0624 0.023715415019762844
