0 0.2 0.712491738268341 0.10275229357798166 0.05023132848645076
0 0.21651376146788992 0.7865168539325843 0.062385321100917435 0.06345009914077991
0 0.3357798165137615 0.8155981493721084 0.11009174311926606 0.03965631196298744
0 0.47522935779816516 0.7997356245869134 0.07339449541284404 0.07402511566424323
0 0.7137614678899082 0.7045604758757436 0.08807339449541285 0.04230006609385327
0 0.7229357798165138 0.7640449438202247 0.062385321100917435 0.05023132848645076
0 0.3486238532110092 0.6549900859220092 0.10642201834862386 0.0356906807666887
0 0.1798165137614679 0.5452742894910774 0.07706422018348624 0.07534699272967614
0 0.1779816513761468 0.6338400528750826 0.08807339449541285 0.056840713813615336
0 0.48990825688073397 0.5228023793787178 0.07339449541284404 0.046265697290152015
0 0.6623853211009174 0.325181758096497 0.09541284403669725 0.0449438202247191
0 0.6862385321100918 0.38532716457369465 0.11376146788990826 0.043621943159286185
0 0.7045871559633028 0.449438202247191 0.12110091743119267 0.05023132848645076
0 0.12110091743119267 0.29874421678783875 0.12110091743119267 0.04758757435558493
0 0.44954128440366975 0.651685393258427 0.07339449541284404 0.04758757435558493
0 0.7009174311926606 0.5247851949768672 0.12844036697247707 0.05816259087904825
0 0.708256880733945 0.6325181758096498 0.12110091743119267 0.06477197620621282
0 0.3688073394495413 0.39788499669530736 0.05871559633027523 0.029081295439524125
0 0.4073394495412844 0.47191011235955055 0.062385321100917435 0.018506278916060808
0 0.4036697247706422 0.4990085922009253 0.06972477064220184 0.03304692663582287
0 0.3889908256880734 0.03502974223397224 0.11376146788990826 0.048909451421017845
0 0.41651376146788993 0.10112359550561797 0.08807339449541285 0.056840713813615336
0 0.44403669724770645 0.23132848645076007 0.05504587155963303 0.026437541308658295
0 0.5357798165137615 0.06411103767349637 0.09174311926605505 0.059484467944481166
0 0.5871559633027523 0.12954395241242564 0.10642201834862386 0.04758757435558493
0 0.6091743119266055 0.2267019167217449 0.07706422018348624 0.056840713813615336
0 0.7064220183486238 0.08856576338400529 0.08807339449541285 0.06609385327164574
0 0.7009174311926606 0.16457369464639787 0.10642201834862386 0.03304692663582287
0 0.710091743119266 0.23132848645076007 0.10275229357798166 0.037012557832121616
