0 0.3773049645390071 0.1687719298245614 0.0851063829787234 0.031578947368421054
0 0.36099290780141846 0.2256140350877193 0.075177304964539 0.06385964912280702
0 0.3574468085106383 0.29368421052631577 0.04539007092198582 0.04421052631578947
0 0.3617021276595745 0.3698245614035088 0.09645390070921986 0.07157894736842105
0 0.23829787234042554 0.18070175438596492 0.09645390070921986 0.08210526315789474
0 0.23333333333333334 0.2789473684210526 0.075177304964539 0.05964912280701754
0 0.2297872340425532 0.3568421052631579 0.09078014184397164 0.08210526315789474
0 0.12978723404255318 0.17508771929824563 0.06666666666666667 0.05263157894736842
0 0.12836879432624113 0.23684210526315788 0.075177304964539 0.051228070175438595
0 0.13049645390070921 0.3101754385964912 0.05106382978723404 0.047719298245614036
0 0.275177304964539 0.45649122807017545 0.04822695035460993 0.011929824561403509
0 0.3879432624113475 0.6126315789473684 0.06382978723404255 0.051929824561403506
0 0.4177304964539007 0.6796491228070175 0.06382978723404255 0.05824561403508772
0 0.41631205673758864 0.7431578947368421 0.05531914893617021 0.05052631578947368
0 0.49361702127659574 0.6108771929824561 0.09361702127659574 0.08491228070175438
0 0.5127659574468085 0.724561403508772 0.07801418439716312 0.08771929824561403
0 0.5943262411347517 0.6094736842105263 0.06524822695035461 0.06666666666666667
0 0.6092198581560284 0.6803508771929825 0.07234042553191489 0.030175438596491227
