0 0.8953598484848485 0.37358916478555304 0.050189393939393936 0.08201655379984951
0 0.9076704545454546 0.48269375470278403 0.038825757575757576 0.10158013544018059
0 0.9166666666666666 0.5624529721595184 0.030303030303030304 0.03686982693754703
0 0.9180871212121212 0.6512415349887133 0.03314393939393939 0.10308502633559068
0 0.6410984848484849 0.3148984198645598 0.043560606060606064 0.062452972159518436
0 0.6609848484848485 0.3897667419112114 0.04734848484848485 0.07373965387509406
0 0.6832386363636364 0.5063957863054929 0.07102272727272728 0.07223476297968397
0 0.6927083333333334 0.6369450714823175 0.036931818181818184 0.09104589917231001
0 0.3380681818181818 0.17832957110609482 0.03787878787878788 0.021068472535741158
0 0.5615530303030303 0.5665914221218962 0.03977272727272727 0.024078254326561323
0 0.09943181818181818 0.35929270127915724 0.03977272727272727 0.0398796087283672
0 0.3210227272727273 0.31715575620767494 0.041666666666666664 0.029345372460496615
0 0.3574810606060606 0.4187358916478555 0.021780303030303032 0.012791572610985704
0 0.3560606060606061 0.4431903686982694 0.032196969696969696 0.030097817908201655
0 0.7940340909090909 0.6580135440180587 0.036931818181818184 0.03837471783295711
0 0.3115530303030303 0.445823927765237 0.02462121212121212 0.03837471783295711
0 0.5572916666666666 0.445823927765237 0.017992424242424244 0.035364936042136946
0 0.5378787878787878 0.163280662151994 0.03977272727272727 0.02708803611738149
0 0.3546401515151515 0.6933784800601956 0.035037878787878785 0.02633559066967645
0 0.806344696969697 0.37434161023325807 0.04450757575757576 0.035364936042136946
