0 0.1828752642706131 0.3728 0.12473572938689217 0.0992
0 0.3086680761099366 0.2312 0.10570824524312897 0.0752
0 0.3298097251585624 0.3864 0.06342494714587738 0.1328
0 0.4693446088794926 0.3224 0.13530655391120508 0.232
0 0.6215644820295984 0.264 0.08879492600422834 0.112
0 0.6585623678646935 0.4296 0.06976744186046512 0.1008
0 0.7621564482029598 0.2824 0.13742071881606766 0.1264
0 0.7854122621564482 0.4312 0.0824524312896406 0.1168
0 0.9101479915433404 0.2848 0.08668076109936575 0.0992
0 0.781183932346723 0.5976 0.07399577167019028 0.0976
0 0.861522198731501 0.5848 0.10359408033826638 0.1648
