0 0.5210355987055016 0.22255639097744362 0.07928802588996764 0.09473684210526316
0 0.5275080906148867 0.3176691729323308 0.07281553398058252 0.03684210526315789
0 0.5210355987055016 0.4026315789473684 0.06796116504854369 0.04586466165413534
0 0.5493527508090615 0.6037593984962406 0.06796116504854369 0.17894736842105263
0 0.5525889967637541 0.7894736842105263 0.04854368932038835 0.1293233082706767
0 0.42354368932038833 0.31203007518796994 0.03964401294498382 0.10827067669172932
0 0.40898058252427183 0.4281954887218045 0.06229773462783172 0.06842105263157895
0 0.4243527508090615 0.5086466165413533 0.03964401294498382 0.015789473684210527
0 0.4162621359223301 0.5939849624060151 0.03640776699029126 0.07518796992481203
0 0.26941747572815533 0.30639097744360905 0.06634304207119741 0.11503759398496241
0 0.27427184466019416 0.41578947368421054 0.025889967637540454 0.07819548872180451
0 0.28923948220064727 0.5082706766917293 0.0412621359223301 0.0887218045112782
0 0.2916666666666667 0.5969924812030075 0.03802588996763754 0.06315789473684211
0 0.27467637540453077 0.7052631578947368 0.08656957928802589 0.11879699248120301
0 0.27548543689320387 0.8150375939849624 0.05906148867313916 0.06616541353383458
0 0.18891585760517798 0.6894736842105263 0.050970873786407765 0.08421052631578947
0 0.20186084142394822 0.7691729323308271 0.04773462783171521 0.022556390977443608
0 0.19457928802588997 0.8244360902255639 0.03640776699029126 0.06992481203007518
0 0.36084142394822005 0.2657894736842105 0.0372168284789644 0.02631578947368421
0 0.3567961165048544 0.31090225563909774 0.03398058252427184 0.05338345864661654
