0 0.6651917404129793 0.6693227091633466 0.04424778761061947 0.06374501992031872
0 0.6755162241887905 0.7835325365205843 0.07079646017699115 0.09296148738379814
0 0.6932153392330384 0.8877822045152722 0.0471976401179941 0.057104913678618856
0 0.5412979351032449 0.6779548472775564 0.09734513274336283 0.08366533864541832
0 0.532448377581121 0.8154050464807437 0.12094395280235988 0.10358565737051793
0 0.7935103244837758 0.08167330677290836 0.10029498525073746 0.057104913678618856
0 0.8112094395280236 0.15604249667994688 0.058997050147492625 0.07569721115537849
0 0.8097345132743363 0.2556440903054449 0.05604719764011799 0.041168658698539175
0 0.8023598820058997 0.3598937583001328 0.12979351032448377 0.10092961487383798
0 0.6666666666666666 0.1646746347941567 0.08259587020648967 0.034528552456839307
0 0.6710914454277286 0.2556440903054449 0.05604719764011799 0.08632138114209828
0 0.6533923303834809 0.36387782204515273 0.09144542772861357 0.0796812749003984
0 0.6519174041297935 0.5066401062416999 0.11799410029498525 0.15272244355909695
0 0.5117994100294986 0.199867197875166 0.16224188790560473 0.1553784860557769
0 0.5398230088495575 0.35856573705179284 0.08849557522123894 0.10092961487383798
0 0.5294985250737463 0.4847277556440903 0.10324483775811209 0.09296148738379814
0 0.5457227138643068 0.602921646746348 0.08259587020648967 0.055776892430278883
0 0.3480825958702065 0.12151394422310757 0.058997050147492625 0.06772908366533864
0 0.4144542772861357 0.2848605577689243 0.10914454277286136 0.03851261620185923
0 0.42920353982300885 0.3665338645418327 0.07374631268436578 0.05046480743691899
0 0.4277286135693215 0.4754316069057105 0.10029498525073746 0.0903054448871182
