0 0.503099173553719 0.4928751047778709 0.07024793388429752 0.07711651299245599
0 0.48863636363636365 0.5800502933780386 0.049586776859504134 0.06035205364626991
0 0.4793388429752066 0.6475272422464375 0.06198347107438017 0.04945515507124895
0 0.46487603305785125 0.7334450963956413 0.07024793388429752 0.06705783738474434
0 0.28047520661157027 0.17937971500419111 0.06921487603305786 0.06202849958088852
0 0.22572314049586778 0.2644593461860855 0.060950413223140494 0.05951383067896061
0 0.1978305785123967 0.3629505448449287 0.06301652892561983 0.10226320201173512
0 0.12758264462809918 0.5314333612740989 0.06714876033057851 0.06370494551550712
0 0.28770661157024796 0.2720033528918692 0.060950413223140494 0.08466051969823973
0 0.7784090909090909 0.12740989103101424 0.056818181818181816 0.015088013411567477
0 0.24793388429752067 0.5431684828164292 0.045454545454545456 0.02179379715004191
0 0.9390495867768595 0.23805532271584243 0.07644628099173553 0.05699916177703269
0 0.36260330578512395 0.29379715004191115 0.04338842975206612 0.04945515507124895
0 0.4287190082644628 0.3021793797150042 0.0640495867768595 0.07963118189438391
