0 0.6309751434034416 0.7821576763485477 0.0841300191204589 0.035961272475795295
0 0.22848948374760994 0.7783540802213001 0.0745697896749522 0.014522821576763486
0 0.38910133843212236 0.7655601659751037 0.07839388145315487 0.03734439834024896
0 0.8221797323135756 0.6815352697095436 0.07648183556405354 0.014522821576763486
0 0.3852772466539197 0.5124481327800829 0.07839388145315487 0.035961272475795295
0 0.38718929254302104 0.6327800829875518 0.08221797323135756 0.03734439834024896
0 0.21606118546845124 0.6680497925311203 0.0841300191204589 0.012448132780082987
0 0.4321223709369025 0.23132780082987553 0.0994263862332696 0.058782849239280774
0 0.40152963671128106 0.3029045643153527 0.11089866156787763 0.058091286307053944
0 0.2695984703632887 0.2524204702627939 0.11089866156787763 0.05255878284923928
0 0.26195028680688337 0.30428769017980634 0.09560229445506692 0.05255878284923928
0 0.6309751434034416 0.12690179806362378 0.0841300191204589 0.04910096818810512
0 0.7437858508604207 0.1334716459197787 0.06500956022944551 0.030428769017980636
0 0.4588910133843212 0.08091286307053942 0.0841300191204589 0.04564315352697095
0 0.34608030592734224 0.0912863070539419 0.08030592734225621 0.029045643153526972
0 0.4694072657743786 0.04426002766251729 0.07839388145315487 0.012448132780082987
