0 0.8729582577132486 0.5676943699731903 0.07259528130671507 0.08981233243967829
0 0.8629764065335753 0.67828418230563 0.05989110707803993 0.09651474530831099
0 0.779491833030853 0.5918230563002681 0.07078039927404718 0.08981233243967829
0 0.7749546279491834 0.6642091152815014 0.029038112522686024 0.06836461126005362
0 0.8194192377495463 0.17024128686327078 0.05263157894736842 0.0938337801608579
0 0.8067150635208712 0.28150134048257375 0.02722323049001815 0.05093833780160858
0 0.6960072595281307 0.2808310991957105 0.0780399274047187 0.09517426273458444
0 0.5952813067150635 0.34785522788203754 0.09800362976406533 0.15683646112600536
0 0.49637023593466423 0.4075067024128686 0.05263157894736842 0.08042895442359249
0 0.470961887477314 0.5227882037533512 0.045372050816696916 0.0938337801608579
0 0.4827586206896552 0.6306970509383378 0.025408348457350273 0.036193029490616625
0 0.3856624319419238 0.5650134048257373 0.06352087114337568 0.1193029490616622
0 0.2731397459165154 0.596514745308311 0.019963702359346643 0.040214477211796246
0 0.31669691470054445 0.5945040214477212 0.023593466424682397 0.04691689008042895
0 0.38838475499092556 0.6802949061662198 0.06896551724137931 0.04423592493297587
0 0.3103448275862069 0.6749329758713136 0.05807622504537205 0.049597855227882036
