0 0.15208333333333332 0.13793103448275862 0.14166666666666666 0.12567049808429118
0 0.13541666666666666 0.2524904214559387 0.08333333333333333 0.06360153256704981
0 0.121875 0.32375478927203066 0.06041666666666667 0.0421455938697318
0 0.109375 0.4095785440613027 0.12291666666666666 0.10038314176245211
0 0.3072916666666667 0.1532567049808429 0.11458333333333333 0.05517241379310345
0 0.3125 0.23180076628352492 0.125 0.06206896551724138
0 0.3 0.33371647509578545 0.10833333333333334 0.09885057471264368
0 0.27395833333333336 0.4160919540229885 0.15208333333333332 0.03984674329501916
0 0.26875 0.47509578544061304 0.10416666666666667 0.06743295019157088
0 0.7010416666666667 0.07739463601532567 0.09375 0.05363984674329502
0 0.7416666666666667 0.21839080459770116 0.1 0.07662835249042145
0 0.5635416666666667 0.07241379310344828 0.09791666666666667 0.03295019157088123
0 0.5729166666666666 0.21379310344827587 0.07916666666666666 0.027586206896551724
0 0.5979166666666667 0.32222222222222224 0.05 0.013026819923371647
0 0.5854166666666667 0.346360153256705 0.075 0.026053639846743294
0 0.6708333333333333 0.36053639846743296 0.0625 0.0421455938697318
