0 0.49569583931133426 0.5621592148309705 0.06456241032998565 0.016357688113413305
0 0.4483500717360115 0.42802617230098144 0.035868005738880916 0.05997818974918211
0 0.4935437589670014 0.42639040348964014 0.043041606886657105 0.0697928026172301
0 0.554519368723099 0.42039258451472195 0.05021520803443329 0.064340239912759
0 0.4921090387374462 0.21919302071973829 0.054519368723098996 0.03271537622682661
0 0.24820659971305595 0.3871319520174482 0.04591104734576758 0.021810250817884406
0 0.2546628407460545 0.4334787350054526 0.04447632711621234 0.03816793893129771
0 0.11119081779053085 0.4100327153762268 0.04447632711621234 0.05234460196292257
0 0.15136298421807748 0.4116684841875682 0.024390243902439025 0.05561613958560523
0 0.18938307030129126 0.4133042529989095 0.040172166427546625 0.05234460196292257
