0 0.322360953461975 0.16023007395234182 0.036322360953461974 0.09038619556285948
0 0.30703745743473326 0.24732949876746096 0.04199772985244041 0.07066557107641742
0 0.2582292849035187 0.32210353327855384 0.07832009080590238 0.05094494658997535
0 0.2576617480136209 0.40468364831553 0.08626560726447219 0.0895645028759244
0 0.4069239500567537 0.11010682004930156 0.06242905788876277 0.06737880032867707
0 0.3779795686719637 0.22308956450287593 0.06129398410896708 0.10271158586688578
0 0.4767309875141884 0.16967953985209533 0.06129398410896708 0.09120788824979457
0 0.481838819523269 0.26787181594083814 0.060158910329171394 0.011503697617091208
0 0.5283768444948922 0.41659819227608874 0.046538024971623154 0.014790468364831553
0 0.5 0.4400164338537387 0.053348467650397274 0.03697617091207888
0 0.24404086265607264 0.5866885784716516 0.06583427922814983 0.08216926869350863
0 0.25879682179341656 0.7099424815119145 0.05221339387060159 0.0838126540673788
0 0.15493757094211125 0.594494658997535 0.039727582292849034 0.0961380443714051
0 0.16572077185017026 0.7218570254724733 0.056753688989784334 0.114215283483977
0 0.4052213393870602 0.5595727198027938 0.06356413166855845 0.011503697617091208
