0 0.42418032786885246 0.5087655222790358 0.13934426229508196 0.07669831994156319
0 0.4026639344262295 0.6084733382030679 0.10860655737704918 0.08473338203067933
0 0.5911885245901639 0.5087655222790358 0.10040983606557377 0.08254200146092038
0 0.555327868852459 0.6102994886778671 0.11475409836065574 0.10007304601899196
0 0.7520491803278688 0.504017531044558 0.1598360655737705 0.06281957633308985
0 0.7223360655737705 0.6029948867786705 0.16188524590163936 0.10883856829802775
0 0.8217213114754098 0.712563915266618 0.07377049180327869 0.13367421475529584
0 0.41290983606557374 0.18407596785975164 0.1168032786885246 0.08327246165084003
0 0.39139344262295084 0.27940102264426586 0.0860655737704918 0.08108108108108109
0 0.5512295081967213 0.21256391526661797 0.15163934426229508 0.1110299488677867
0 0.6444672131147541 0.06391526661796933 0.1290983606557377 0.0635500365230095
