0 0.6709006928406467 0.6951335877862596 0.06235565819861432 0.05438931297709924
0 0.6478060046189377 0.7838740458015268 0.07621247113163972 0.0715648854961832
0 0.5808314087759815 0.49093511450381677 0.10392609699769054 0.06202290076335878
0 0.5889145496535797 0.5896946564885496 0.07852193995381063 0.10877862595419847
0 0.4815242494226328 0.6264312977099237 0.08545034642032333 0.10019083969465649
0 0.7090069284064665 0.24188931297709923 0.08314087759815242 0.05057251908396947
0 0.6951501154734411 0.3077290076335878 0.07390300230946882 0.05438931297709924
0 0.6974595842956121 0.37309160305343514 0.05542725173210162 0.03435114503816794
0 0.6928406466512702 0.4174618320610687 0.08314087759815242 0.04103053435114504
0 0.5808314087759815 0.24188931297709923 0.09006928406466513 0.0715648854961832
0 0.5739030023094688 0.33110687022900764 0.07159353348729793 0.07442748091603053
0 0.5866050808314087 0.4150763358778626 0.07390300230946882 0.05916030534351145
0 0.4896073903002309 0.2476145038167939 0.05542725173210162 0.07919847328244274
0 0.48036951501154734 0.3525763358778626 0.07390300230946882 0.07538167938931298
0 0.4515011547344111 0.4642175572519084 0.06697459584295612 0.033396946564885496
0 0.45842956120092376 0.5224236641221374 0.09006928406466513 0.06583969465648855
0 0.36027713625866054 0.25 0.09699769053117784 0.06679389312977099
0 0.4330254041570439 0.15601145038167938 0.10392609699769054 0.042938931297709926
