0 0.7184466019417476 0.6309055118110236 0.05825242718446602 0.06496062992125984
0 0.7309292649098474 0.718996062992126 0.05825242718446602 0.09350393700787402
0 0.8009708737864077 0.6107283464566929 0.06796116504854369 0.09350393700787402
0 0.8176144244105409 0.6953740157480315 0.08460471567267684 0.0639763779527559
0 0.5547850208044383 0.6126968503937008 0.049930651872399444 0.014763779527559055
0 0.11234396671289876 0.406496062992126 0.06102635228848821 0.08661417322834646
0 0.19902912621359223 0.39173228346456695 0.0651872399445215 0.06299212598425197
0 0.1796116504854369 0.4808070866141732 0.0651872399445215 0.06791338582677166
0 0.2815533980582524 0.4286417322834646 0.0638002773925104 0.08366141732283465
0 0.34119278779472956 0.562007874015748 0.049930651872399444 0.07283464566929133
0 0.427877947295423 0.5570866141732284 0.09015256588072122 0.04133858267716536
0 0.41262135922330095 0.6171259842519685 0.05409153952843273 0.0610236220472441
0 0.5325936199722607 0.3676181102362205 0.06102635228848821 0.022637795275590553
0 0.6137309292649098 0.10039370078740158 0.04854368932038835 0.027559055118110236
0 0.3779472954230236 0.16781496062992127 0.04576976421636616 0.018700787401574805
0 0.2926490984743412 0.10974409448818898 0.05825242718446602 0.022637795275590553
0 0.30859916782246877 0.1481299212598425 0.059639389736477116 0.04429133858267716
