0 0.35732387227572227 0.17260656883298392 0.025342118601115054 0.0517120894479385
0 0.35580334515965534 0.330188679245283 0.031424227065382664 0.07617051013277429
0 0.4419665484034465 0.30328441649196364 0.030410542321338063 0.04332634521313766
0 0.526862645717182 0.06324248777078965 0.02889001520527116 0.03843466107617051
0 0.5174860618347694 0.13556953179594688 0.026355803345159655 0.07966457023060797
0 0.5144450076026356 0.33508036338225017 0.02027369488089204 0.08315863032844165
0 0.4652812975164724 0.4406009783368274 0.031424227065382664 0.04122990915443746
0 0.5276229092752154 0.46505939902166316 0.027369488089204256 0.07337526205450734
0 0.6282311201216422 0.19357092941998602 0.041054232133806386 0.08665269042627533
0 0.6259503294475418 0.350104821802935 0.031424227065382664 0.06988120195667366
0 0.23390775468829195 0.3693221523410203 0.041054232133806386 0.0649895178197065
0 0.5136847440446022 0.6995108315863033 0.026862645717181957 0.04332634521313766
0 0.5481500253421187 0.6995108315863033 0.03294475418144957 0.04612159329140461
0 0.5131779016725798 0.7568134171907757 0.027876330461226558 0.04472396925227114
0 0.4607197161682717 0.756114605171209 0.03649265078560568 0.04332634521313766
0 0.4498226051697922 0.8211041229909154 0.02889001520527116 0.04332634521313766
