0 0.10714285714285714 0.1 0.03571428571428571 0.05714285714285714
0 0.11469780219780219 0.23095238095238096 0.059065934065934064 0.14761904761904762
0 0.15728021978021978 0.37142857142857144 0.08104395604395605 0.11904761904761904
0 0.18818681318681318 0.11904761904761904 0.10164835164835165 0.1357142857142857
0 0.22527472527472528 0.2654761904761905 0.08241758241758242 0.12142857142857143
0 0.39217032967032966 0.11369047619047619 0.07280219780219781 0.0630952380952381
0 0.6504120879120879 0.10476190476190476 0.0673076923076923 0.07142857142857142
0 0.28983516483516486 0.5059523809523809 0.07142857142857142 0.06666666666666667
0 0.2980769230769231 0.631547619047619 0.07142857142857142 0.12976190476190477
0 0.35233516483516486 0.7386904761904762 0.03708791208791209 0.041666666666666664
0 0.4258241758241758 0.8125 0.07417582417582418 0.12023809523809524
0 0.4951923076923077 0.6678571428571428 0.059065934065934064 0.1
0 0.5968406593406593 0.6458333333333334 0.11675824175824176 0.1773809523809524
0 0.7644230769230769 0.39880952380952384 0.061813186813186816 0.08333333333333333
0 0.739010989010989 0.518452380952381 0.07967032967032966 0.11547619047619048
0 0.7108516483516484 0.6613095238095238 0.07554945054945054 0.13452380952380952
