0 0.7768987341772152 0.6544085068675233 0.0379746835443038 0.01595037660611431
0 0.3995253164556962 0.7470093043863536 0.04588607594936709 0.021267168808152416
0 0.40783227848101267 0.6457687195392113 0.029272151898734177 0.017279574656623838
0 0.44026898734177217 0.5254762959680992 0.040348101265822785 0.021267168808152416
0 0.3995253164556962 0.5482941958351795 0.03164556962025317 0.03234381922906513
0 0.4798259493670886 0.6222862206468763 0.038765822784810125 0.035002215330084185
0 0.6162974683544303 0.6362428001772265 0.03322784810126582 0.0203810367744794
0 0.6127373417721519 0.5436420026583961 0.030854430379746837 0.0203810367744794
0 0.8330696202531646 0.32809038546743463 0.07911392405063292 0.04031900753212229
0 0.8354430379746836 0.38103677447939743 0.07436708860759493 0.03898980948161276
0 0.84375 0.4286663712893221 0.07199367088607594 0.04563579973416039
0 0.7143987341772152 0.33274257864421797 0.028481012658227847 0.046964997784669914
0 0.7171677215189873 0.39011962782454584 0.043512658227848104 0.048294195835179445
0 0.7662183544303798 0.35179441736818784 0.04509493670886076 0.06025697828976517
0 0.7709651898734177 0.409392999556934 0.05458860759493671 0.044306601683650866
0 0.7527689873417721 0.12073548958794861 0.07674050632911393 0.0412051395657953
0 0.7891613924050633 0.15750996898537883 0.07674050632911393 0.042977403633141335
0 0.8057753164556962 0.22950819672131148 0.08623417721518987 0.07354895879486044
0 0.6020569620253164 0.26849800620292424 0.056962025316455694 0.02303943287549845
0 0.6079905063291139 0.3524590163934426 0.03560126582278481 0.02968542312804608
0 0.09018987341772151 0.3987594151528578 0.05063291139240506 0.052281789986708016
0 0.14082278481012658 0.4437306158617634 0.07911392405063292 0.048294195835179445
0 0.16099683544303797 0.19782897651750112 0.048259493670886076 0.042977403633141335
0 0.1439873417721519 0.2797961896322552 0.056962025316455694 0.03234381922906513
0 0.14438291139240506 0.34027470093043866 0.0814873417721519 0.05405405405405406
0 0.056566455696202535 0.3367301727957466 0.049841772151898736 0.046964997784669914
0 0.3010284810126582 0.32809038546743463 0.05458860759493671 0.04031900753212229
