0 0.1457384515289525 0.13638486688463336 0.05204944697462589 0.06539000467071462
0 0.13337670787247885 0.2125175151798225 0.06115810019518542 0.06258757589911257
0 0.1262199089134678 0.294021485287249 0.06896551724137931 0.0733302195235871
0 0.11873780091086532 0.38276506305464736 0.054001301236174366 0.0639887902849136
0 0.10670136629798309 0.465436711816908 0.07026675341574495 0.04810836057916861
0 0.10279765777488614 0.537365716954694 0.05204944697462589 0.0639887902849136
0 0.10279765777488614 0.6062587575899112 0.05204944697462589 0.04950957496496964
0 0.11027976577748862 0.6716487622606259 0.044892648015614836 0.06258757589911257
0 0.20396877033181524 0.16090611863615134 0.05009759271307743 0.04810836057916861
0 0.20689655172413793 0.22699673049976646 0.05595315549772284 0.06539000467071462
0 0.1977878985035784 0.31177020084072865 0.02992843201040989 0.06959364782811771
0 0.197462589459987 0.4012143858010276 0.06701366297983084 0.06912657636618402
0 0.4977228366948601 0.25969173283512376 0.04294079375406636 0.058851004203643156
0 0.5026024723487313 0.340028024287716 0.04098893949251789 0.07192900513778608
0 0.5136629798308393 0.4033162073797291 0.03318152244632401 0.07613264829518916
0 0.5256994144437215 0.7673984119570294 0.057254391672088484 0.06539000467071462
0 0.5907612231620039 0.23049976646426903 0.057254391672088484 0.05091078935077067
0 0.6128822381262199 0.29659037832788415 0.06506180871828236 0.06258757589911257
0 0.6213402732595966 0.3524054180289584 0.05595315549772284 0.038766931340495095
0 0.6307742355237476 0.4086875291919664 0.06701366297983084 0.046707146193367584
0 0.6337020169160703 0.4680056048575432 0.03513337670787248 0.06165343297524521
0 0.6421600520494469 0.5247547874824848 0.0741704619388419 0.038766931340495095
0 0.653220559531555 0.561886968706212 0.048145738451528954 0.02802428771602055
0 0.664281067013663 0.6263428304530593 0.048145738451528954 0.08407286314806166
0 0.6447625243981783 0.8337225595516113 0.09108653220559532 0.0560485754320411
0 0.7739102147039688 0.2697337692666978 0.05530253741054001 0.05464736104624007
0 0.7908262849707222 0.34329752452125173 0.0631099544567339 0.04390471742176553
0 0.8009108653220559 0.3979448855674918 0.0468445022771633 0.05698271835590846
0 0.7228366948601171 0.5053713218122373 0.05074821080026025 0.06632414759458197
0 0.7407286922576448 0.5833722559551612 0.0631099544567339 0.04390471742176553
0 0.7423552374756018 0.6489957963568426 0.05204944697462589 0.05464736104624007
