0 0.5959051724137931 0.112316715542522 0.07327586206896551 0.07331378299120235
0 0.5948275862068966 0.20762463343108503 0.05172413793103448 0.06686217008797654
0 0.6217672413793104 0.2944281524926686 0.04741379310344827 0.02932551319648094
0 0.6131465517241379 0.3824046920821114 0.08405172413793104 0.07741935483870968
0 0.6131465517241379 0.47683284457478003 0.07327586206896551 0.07976539589442816
0 0.6072198275862069 0.5894428152492669 0.08081896551724138 0.07859237536656892
0 0.6158405172413793 0.7043988269794721 0.11745689655172414 0.10791788856304986
0 0.728448275862069 0.24545454545454545 0.06896551724137931 0.07331378299120235
0 0.728448275862069 0.3348973607038123 0.05387931034482758 0.08914956011730206
0 0.7273706896551724 0.4290322580645161 0.05603448275862069 0.05571847507331378
0 0.7209051724137931 0.5096774193548387 0.09698275862068965 0.07624633431085044
0 0.7365301724137931 0.6035190615835777 0.08081896551724138 0.07976539589442816
0 0.7419181034482759 0.6982404692082111 0.08081896551724138 0.08504398826979472
0 0.7564655172413793 0.7882697947214077 0.04741379310344827 0.05513196480938416
0 0.47575431034482757 0.12228739002932551 0.06357758620689655 0.06158357771260997
0 0.47737068965517243 0.21378299120234603 0.07112068965517242 0.07565982404692081
0 0.4671336206896552 0.29178885630498536 0.04202586206896552 0.03695014662756598
0 0.4547413793103448 0.3662756598240469 0.125 0.07448680351906159
0 0.4482758620689655 0.4563049853372434 0.09051724137931035 0.0656891495601173
0 0.4639008620689655 0.5521994134897361 0.059267241379310345 0.08387096774193549
0 0.4579741379310345 0.6516129032258065 0.07112068965517242 0.07155425219941348
0 0.4735991379310345 0.7334310850439882 0.04849137931034483 0.08387096774193549
0 0.4709051724137931 0.8082111436950147 0.07327586206896551 0.05161290322580645
0 0.3254310344827586 0.2929618768328446 0.04741379310344827 0.04516129032258064
0 0.33135775862068967 0.3791788856304985 0.08297413793103449 0.08152492668621701
0 0.3141163793103448 0.501466275659824 0.0980603448275862 0.08680351906158358
0 0.3108836206896552 0.5970674486803519 0.10021551724137931 0.0563049853372434
0 0.32058189655172414 0.6689149560117302 0.11530172413793104 0.04046920821114369
0 0.3130387931034483 0.7589442815249267 0.09590517241379311 0.0656891495601173
0 0.20420258620689655 0.3721407624633431 0.08728448275862069 0.12140762463343109
0 0.16056034482758622 0.5222873900293256 0.10775862068965517 0.09912023460410557
0 0.1476293103448276 0.6436950146627566 0.07327586206896551 0.09090909090909091
0 0.18211206896551724 0.7824046920821114 0.04310344827586207 0.05865102639296188
