0 0.4918578830495929 0.27669039145907476 0.06291635825314582 0.05249110320284697
0 0.4996299037749815 0.35898576512455516 0.09622501850481126 0.06316725978647687
0 0.500740192450037 0.4194839857651246 0.06291635825314582 0.06316725978647687
0 0.4863064396743153 0.47286476868327404 0.056254626202812734 0.03202846975088968
0 0.9063656550703183 0.3790035587188612 0.09696521095484827 0.10053380782918149
0 0.48741672834937083 0.5209074733096085 0.05995558845299778 0.05604982206405694
0 0.4829755736491488 0.5840747330960854 0.07623982235381199 0.05693950177935943
0 0.4740932642487047 0.6445729537366548 0.0614359733530718 0.0400355871886121
0 0.4759437453737972 0.7090747330960854 0.06513693560325684 0.07206405693950178
0 0.9174685418208735 0.520017793594306 0.049592894152479645 0.06672597864768683
