0 0.5396276595744681 0.26740576496674057 0.026063829787234042 0.010643015521064302
0 0.6893617021276596 0.2729490022172949 0.031914893617021274 0.013747228381374724
0 0.877127659574468 0.19889135254988913 0.027659574468085105 0.037694013303769404
0 0.9159574468085107 0.2385809312638581 0.030851063829787233 0.028381374722838137
0 0.9311170212765958 0.2722838137472284 0.022872340425531913 0.020399113082039913
0 0.9367021276595745 0.3099778270509978 0.03404255319148936 0.041685144124168516
0 0.9481382978723404 0.35232815964523284 0.03031914893617021 0.03503325942350333
0 0.9611702127659575 0.39046563192904654 0.030851063829787233 0.03325942350332594
0 0.8651595744680851 0.23458980044345898 0.026063829787234042 0.03636363636363636
0 0.8837765957446808 0.2709534368070953 0.023936170212765957 0.03370288248337029
0 0.898936170212766 0.3212860310421286 0.031914893617021274 0.029711751662971176
0 0.9111702127659574 0.357649667405765 0.030851063829787233 0.037694013303769404
0 0.910372340425532 0.3924611973392461 0.026063829787234042 0.01862527716186253
0 0.8361702127659575 0.26430155210643014 0.035106382978723406 0.03636363636363636
0 0.7992021276595744 0.2776053215077605 0.04521276595744681 0.04966740576496674
0 0.6015957446808511 0.41685144124168516 0.043617021276595745 0.013303769401330377
0 0.2670212765957447 0.28824833702882485 0.02553191489361702 0.04966740576496674
0 0.26382978723404255 0.33126385809312636 0.015957446808510637 0.031042128603104215
0 0.25585106382978723 0.37028824833702884 0.035106382978723406 0.04434589800443459
0 0.3122340425531915 0.25543237250554324 0.02872340425531915 0.031929046563192905
0 0.2978723404255319 0.3073170731707317 0.019148936170212766 0.054988913525498895
0 0.2928191489361702 0.35898004434589803 0.03563829787234043 0.040354767184035474
0 0.2502659574468085 0.8964523281596453 0.027127659574468086 0.024390243902439025
0 0.24627659574468086 0.9334811529933481 0.015957446808510637 0.023059866962305987
0 0.2154255319148936 0.8951219512195122 0.019148936170212766 0.040354767184035474
0 0.21462765957446808 0.9292682926829269 0.02074468085106383 0.02261640798226164
0 0.1752659574468085 0.8851441241685144 0.022872340425531913 0.03370288248337029
0 0.17606382978723403 0.9314855875831486 0.02127659574468085 0.040354767184035474
0 0.14707446808510638 0.8864745011086475 0.014361702127659574 0.03902439024390244
0 0.14388297872340425 0.9274944567627494 0.03031914893617021 0.03237250554323725
0 0.10851063829787234 0.8824833702882483 0.04042553191489362 0.04434589800443459
0 0.6659574468085107 0.3596452328159645 0.027659574468085105 0.031042128603104215
0 0.6337765957446808 0.35033259423503327 0.027127659574468086 0.03636363636363636
0 0.5925531914893617 0.360310421286031 0.015957446808510637 0.04301552106430155
0 0.5547872340425531 0.35365853658536583 0.043617021276595745 0.040354767184035474
0 0.2566489361702128 0.61019955654102 0.017553191489361703 0.031929046563192905
0 0.2542553191489362 0.6472283813747228 0.02553191489361702 0.030598669623059866
0 0.2590425531914894 0.6893569844789357 0.015957446808510637 0.037694013303769404
0 0.21888297872340426 0.6343680709534368 0.02925531914893617 0.040354767184035474
0 0.22606382978723405 0.6773835920177383 0.027659574468085105 0.03237250554323725
0 0.17207446808510637 0.6532150776053215 0.05159574468085106 0.03725055432372506
0 0.6928191489361702 0.4926829268292683 0.04521276595744681 0.01507760532150776
0 0.6960106382978724 0.4099778270509978 0.032446808510638296 0.013747228381374724
0 0.3002659574468085 0.40465631929046564 0.023936170212765957 0.019068736141906874
0 0.4797872340425532 0.3782705099778271 0.022340425531914895 0.041685144124168516
0 0.4765957446808511 0.46762749445676277 0.02553191489361702 0.029711751662971176
0 0.6523936170212766 0.2465631929046563 0.032446808510638296 0.04700665188470066
0 0.4340425531914894 0.2616407982261641 0.02446808510638298 0.03902439024390244
0 0.3558510638297872 0.48736141906873615 0.03829787234042553 0.041685144124168516
0 0.3074468085106383 0.4960088691796009 0.022340425531914895 0.019068736141906874
0 0.36223404255319147 0.5658536585365853 0.02553191489361702 0.03458980044345898
0 0.47686170212765955 0.26297117516629714 0.05159574468085106 0.04434589800443459
0 0.4218085106382979 0.470509977827051 0.022340425531914895 0.021286031042128603
