0 0.49867021276595747 0.22744845360824742 0.10904255319148937 0.22036082474226804
0 0.49069148936170215 0.45554123711340205 0.0851063829787234 0.13788659793814434
0 0.5079787234042553 0.6069587628865979 0.0398936170212766 0.06958762886597938
0 0.6748670212765957 0.19909793814432988 0.20079787234042554 0.19201030927835053
0 0.6462765957446809 0.3956185567010309 0.09840425531914894 0.14948453608247422
0 0.6662234042553191 0.6114690721649485 0.125 0.21262886597938144
0 0.8457446808510638 0.30541237113402064 0.07446808510638298 0.16752577319587628
0 0.7952127659574468 0.5399484536082474 0.11170212765957446 0.20876288659793815
0 0.49933510638297873 0.6817010309278351 0.06515957446808511 0.020618556701030927
0 0.31050531914893614 0.18878865979381443 0.12101063829787234 0.1713917525773196
0 0.33643617021276595 0.40012886597938147 0.09840425531914894 0.15850515463917525
0 0.34175531914893614 0.5682989690721649 0.05851063829787234 0.08762886597938144
0 0.18218085106382978 0.23002577319587628 0.1276595744680851 0.19458762886597938
0 0.21675531914893617 0.4259020618556701 0.10904255319148937 0.14304123711340205
0 0.2386968085106383 0.601159793814433 0.08111702127659574 0.18170103092783504
