0 0.5413625304136253 0.3689432395016151 0.0202757502027575 0.03553299492385787
0 0.5669099756690997 0.3735579141670512 0.021086780210867802 0.031841255191509
0 0.5993511759935117 0.37494231656668203 0.021086780210867802 0.029072450392247345
0 0.694647201946472 0.08075680664513152 0.062449310624493104 0.05814490078449469
0 0.6987023519870236 0.14674665436086756 0.062449310624493104 0.05814490078449469
0 0.6942416869424168 0.23096446700507614 0.043795620437956206 0.06045223811721274
0 0.7777777777777778 0.08398707891093678 0.0535279805352798 0.06460544531610521
0 0.7741281427412814 0.1481310567604984 0.046228710462287104 0.05537609598523304
0 0.7822384428223844 0.2178126442085833 0.0575831305758313 0.049838486386709735
0 0.8438767234387672 0.2436548223350254 0.06082725060827251 0.06183664051684356
0 0.8207623682076237 0.308952468850946 0.042173560421735604 0.04199353945546839
0 0.9063260340632603 0.2383479464697739 0.0413625304136253 0.048454083987078914
0 0.8771289537712895 0.31149053991693587 0.030008110300081103 0.05537609598523304
0 0.8576642335766423 0.36963544070143056 0.0413625304136253 0.05260729118597139
0 0.7116788321167883 0.2863405629903092 0.028386050283860504 0.01338255652976465
0 0.6885644768856448 0.39663128749423165 0.0373073803730738 0.01430549146285187
0 0.6954582319545823 0.3721735117674204 0.023519870235198703 0.029072450392247345
0 0.7141119221411192 0.37332718043377944 0.0186536901865369 0.021227503461006
0 0.7360097323600974 0.3786340562990309 0.025141930251419302 0.023534840793724043
0 0.3037307380373074 0.6232118135671435 0.0413625304136253 0.04107060452238117
0 0.28548256285482565 0.6707429626211352 0.055150040551500405 0.032764190124596214
0 0.24493106244931062 0.6026765113059529 0.038929440389294405 0.03691739732348869
0 0.22506082725060828 0.6622058144900784 0.046228710462287104 0.05260729118597139
0 0.19951338199513383 0.6010613751730502 0.0373073803730738 0.03553299492385787
0 0.18085969180859693 0.6529764651592063 0.027575020275750203 0.03137978772496539
