0 0.1705607476635514 0.35884831460674155 0.021287642782969886 0.018258426966292134
0 0.05399792315680166 0.3669241573033708 0.02284527518172378 0.021769662921348316
0 0.18276220145379024 0.5948033707865169 0.023883696780893044 0.02949438202247191
0 0.18561786085150572 0.7296348314606742 0.020249221183800622 0.028089887640449437
0 0.2980269989615784 0.5948033707865169 0.02284527518172378 0.016853932584269662
0 0.416926272066459 0.5888342696629213 0.021806853582554516 0.014747191011235955
0 0.11967808930425752 0.6285112359550562 0.03374870197300104 0.05056179775280899
0 0.11967808930425752 0.6853932584269663 0.01921079958463136 0.037921348314606744
0 0.05893042575285566 0.09410112359550561 0.02336448598130841 0.028089887640449437
0 0.29543094496365524 0.07303370786516854 0.020768431983385256 0.018258426966292134
0 0.29854620976116303 0.21418539325842698 0.023883696780893044 0.02949438202247191
0 0.3161993769470405 0.2050561797752809 0.020768431983385256 0.018258426966292134
0 0.43639667705088264 0.19487359550561797 0.0264797507788162 0.03581460674157303
0 0.47897196261682246 0.1952247191011236 0.0347871235721703 0.05056179775280899
0 0.4683281412253375 0.3261938202247191 0.030114226375908618 0.03441011235955056
0 0.2998442367601246 0.47577247191011235 0.017133956386292833 0.016151685393258428
0 0.1806853582554517 0.46348314606741575 0.02284527518172378 0.021067415730337078
0 0.7453271028037384 0.8233848314606742 0.0264797507788162 0.03581460674157303
0 0.8878504672897196 0.617626404494382 0.03115264797507788 0.05266853932584269
0 0.8847352024922118 0.6766151685393258 0.030114226375908618 0.04564606741573034
0 0.8834371754932503 0.7247191011235955 0.018172377985462097 0.028089887640449437
0 0.8704569055036345 0.7844101123595506 0.0347871235721703 0.05898876404494382
0 0.8665628245067497 0.84375 0.030114226375908618 0.047050561797752806
0 0.822429906542056 0.5955056179775281 0.021806853582554516 0.028089887640449437
