0 0.5401188707280832 0.12895927601809956 0.08766716196136701 0.10588235294117647
0 0.5534918276374443 0.26108597285067875 0.11144130757800892 0.09683257918552036
0 0.5549777117384844 0.4004524886877828 0.1649331352154532 0.14570135746606336
0 0.5728083209509658 0.5298642533936652 0.08766716196136701 0.07873303167420814
0 0.5965824665676077 0.6452488687782806 0.06686478454680535 0.09773755656108597
0 0.5832095096582467 0.7565610859728507 0.04011887072808321 0.09230769230769231
0 0.3410104011887073 0.34524886877828054 0.14413075780089152 0.13122171945701358
0 0.337295690936107 0.4601809954751131 0.08023774145616643 0.06968325791855204
0 0.36181277860326894 0.5610859728506787 0.08469539375928678 0.08144796380090498
0 0.3410104011887073 0.6846153846153846 0.06092124814264487 0.10045248868778281
0 0.17459138187221396 0.4828054298642534 0.06092124814264487 0.07149321266968325
0 0.19836552748885586 0.5809954751131222 0.06983655274888559 0.09049773755656108
