0 0.7941433566433567 0.4308814204185162 0.06905594405594405 0.08433734939759036
0 0.8028846153846154 0.5504121750158529 0.062062937062937064 0.08623969562460368
0 0.8146853146853147 0.6972098922003804 0.08566433566433566 0.17057704502219403
0 0.6673951048951049 0.2222574508560558 0.056818181818181816 0.08687381103360811
0 0.6700174825174825 0.3303741280913126 0.051573426573426576 0.08750792644261256
0 0.6691433566433567 0.4327837666455295 0.05332167832167832 0.07799619530754598
0 0.6643356643356644 0.525998731769182 0.050699300699300696 0.07419150285351934
0 0.6743881118881119 0.6261889663918834 0.06381118881118882 0.07419150285351934
0 0.6324300699300699 0.738427393785669 0.10402097902097902 0.07926442612555486
0 0.3793706293706294 0.12365250475586556 0.045454545454545456 0.06467977171845275
0 0.34833916083916083 0.1943563728598605 0.027097902097902096 0.05009511731135067
0 0.4868881118881119 0.1258719086873811 0.055944055944055944 0.013316423589093214
0 0.5209790209790209 0.07641090678503487 0.043706293706293704 0.017121116043119847
0 0.5152972027972028 0.09987317691819911 0.032342657342657344 0.027266962587190868
