0 0.30265848670756645 0.13346613545816732 0.07770961145194274 0.10756972111553785
0 0.2822085889570552 0.2536520584329349 0.0408997955010225 0.05046480743691899
0 0.2770961145194274 0.3665338645418327 0.12065439672801637 0.11952191235059761
0 0.23517382413087934 0.5332005312084993 0.12269938650306748 0.15803452855245684
0 0.4049079754601227 0.14010624169986718 0.11042944785276074 0.12350597609561753
0 0.4059304703476483 0.2702523240371846 0.11247443762781185 0.09163346613545817
0 0.3946830265848671 0.47277556440903057 0.15950920245398773 0.15405046480743692
0 0.35685071574642124 0.6573705179282868 0.09611451942740286 0.16733067729083664
0 0.5746421267893661 0.23638778220451528 0.17177914110429449 0.1407702523240372
0 0.7259713701431493 0.39641434262948205 0.044989775051124746 0.014608233731739707
