0 0.5873320537428023 0.05651595744680851 0.08829174664107485 0.08643617021276596
0 0.5796545105566219 0.16954787234042554 0.07293666026871401 0.09441489361702128
0 0.6737044145873321 0.16489361702127658 0.0690978886756238 0.08244680851063829
0 0.5911708253358925 0.269281914893617 0.1343570057581574 0.08377659574468085
0 0.3493282149712092 0.10106382978723404 0.04990403071017274 0.0425531914893617
0 0.43953934740882916 0.10039893617021277 0.09980806142034548 0.04654255319148936
0 0.33013435700575816 0.14627659574468085 0.09596928982725528 0.013297872340425532
0 0.33589251439539347 0.2859042553191489 0.07677543186180422 0.010638297872340425
0 0.345489443378119 0.3949468085106383 0.08061420345489444 0.05053191489361702
0 0.43570057581573896 0.40625 0.10748560460652591 0.04654255319148936
0 0.6103646833013435 0.3663563829787234 0.09596928982725528 0.07313829787234043
0 0.6026871401151631 0.45345744680851063 0.07293666026871401 0.07446808510638298
0 0.7063339731285988 0.3803191489361702 0.08829174664107485 0.06382978723404255
0 0.7005758157389635 0.4601063829787234 0.08445297504798464 0.07712765957446809
0 0.29558541266794625 0.5212765957446809 0.11132437619961612 0.02925531914893617
0 0.29942418426103645 0.5465425531914894 0.08829174664107485 0.034574468085106384
0 0.6161228406909789 0.5651595744680851 0.10748560460652591 0.09042553191489362
0 0.72552783109405 0.557845744680851 0.07293666026871401 0.0625
0 0.6449136276391555 0.6615691489361702 0.1343570057581574 0.08643617021276596
0 0.7600767754318618 0.6469414893617021 0.08061420345489444 0.09175531914893617
