0 0.7258347978910369 0.12488436632747456 0.15114235500878734 0.13691026827012026
0 0.7355008787346221 0.37187789084181316 0.19156414762741653 0.2479185938945421
0 0.7478031634446397 0.5999074930619797 0.12126537785588752 0.19703977798334876
0 0.5263620386643234 0.19935245143385755 0.17750439367311072 0.14153561517113783
0 0.4947275922671353 0.39037927844588344 0.19156414762741653 0.15356151711378355
0 0.4973637961335677 0.5888066604995374 0.1968365553602812 0.11563367252543941
0 0.29349736379613356 0.19241443108233117 0.11599297012302284 0.17946345975948197
0 0.28734622144112476 0.38020351526364476 0.13884007029876977 0.13506012950971322
0 0.2961335676625659 0.5013876040703052 0.08611599297012303 0.08140610545790934
0 0.24253075571177504 0.5689176688251619 0.14411247803163443 0.10545790934320073
