0 0.7413217623497997 0.15628718762395874 0.04472630173564753 0.02380007933359778
0 0.7683578104138852 0.19813566045220152 0.0534045393858478 0.03847679492264974
0 0.7827102803738317 0.2596191987306624 0.04205607476635514 0.036890122967076555
0 0.8080774365821095 0.3149543831812773 0.07543391188251002 0.055533518445061485
0 0.8127503337783711 0.3817929393097977 0.05807743658210948 0.054343514478381594
0 0.8137516688918558 0.46112653708845697 0.08678237650200267 0.07259024196747323
0 0.7793724966622163 0.522015073383578 0.03137516688918558 0.05156683855612852
0 0.7660213618157543 0.5967869892899643 0.05807743658210948 0.07655692185640618
0 0.9062082777036048 0.35204284014280046 0.07142857142857142 0.07655692185640618
0 0.897196261682243 0.43018643395477985 0.05740987983978638 0.058310194367314556
0 0.8828437917222964 0.4962316541055137 0.06875834445927904 0.0634668782229274
0 0.25867823765020026 0.2126140420468068 0.04472630173564753 0.014280047600158666
0 0.2273030707610147 0.3423244744149147 0.048731642189586116 0.019833399444664817
0 0.6835781041388518 0.5168583895279651 0.04005340453938585 0.019833399444664817
0 0.25634178905206945 0.5787385957953193 0.036048064085447265 0.027766759222530742
0 0.38985313751668893 0.6574771915906387 0.049399198931909215 0.02657675525585085
0 0.19626168224299065 0.17096390321301072 0.06675567423230974 0.049980166600555334
0 0.16622162883845126 0.2364141213804046 0.056074766355140186 0.05950019833399445
0 0.1375166889185581 0.30245934153113846 0.03337783711615487 0.056723522411741376
0 0.11148197596795728 0.3752479174930583 0.0534045393858478 0.057120190400634666
0 0.1081441922563418 0.45993653312177707 0.04672897196261682 0.08052360174533915
0 0.10947930574098798 0.5418484728282428 0.05740987983978638 0.057120190400634666
0 0.0260347129506008 0.34291947639825465 0.050734312416555405 0.07417691392304641
0 0.6244993324432577 0.22173740579135265 0.038050734312416554 0.019833399444664817
0 0.2863818424566088 0.39964299880999604 0.03337783711615487 0.021023403411344704
0 0.6949265687583445 0.3605712019040063 0.04005340453938585 0.019833399444664817
0 0.2596795727636849 0.4228480761602539 0.042723631508678236 0.03332011106703689
0 0.24632843791722298 0.5035700119000397 0.050734312416555405 0.02261007536691789
0 0.6735647530040053 0.5946053153510512 0.04672897196261682 0.027766759222530742
