0 0.8944209039548022 0.4861407249466951 0.0614406779661017 0.05202558635394456
0 0.8845338983050848 0.54136460554371 0.041666666666666664 0.04818763326226013
0 0.8213276836158192 0.4639658848614073 0.062146892655367235 0.021321961620469083
0 0.821680790960452 0.5081023454157783 0.05296610169491525 0.050746268656716415
0 0.809322033898305 0.5808102345415779 0.08192090395480225 0.07078891257995736
0 0.7906073446327684 0.6407249466950959 0.057203389830508475 0.04904051172707889
0 0.78954802259887 0.6946695095948827 0.059322033898305086 0.04776119402985075
0 0.5798022598870056 0.4560767590618337 0.05508474576271186 0.013219616204690832
0 0.2245762711864407 0.45927505330490404 0.046610169491525424 0.011940298507462687
0 0.568502824858757 0.5353944562899787 0.05084745762711865 0.020042643923240937
0 0.5268361581920904 0.5908315565031983 0.0423728813559322 0.013219616204690832
0 0.525776836158192 0.6074626865671642 0.03036723163841808 0.022601279317697228
0 0.7231638418079096 0.5319829424307037 0.0423728813559322 0.026865671641791045
0 0.565677966101695 0.6113006396588486 0.031073446327683617 0.017484008528784647
0 0.24187853107344634 0.6100213219616205 0.03742937853107345 0.03624733475479744
0 0.3968926553672316 0.6953091684434968 0.05084745762711865 0.02771855010660981
0 0.2687146892655367 0.7093816631130064 0.033192090395480225 0.029424307036247335
0 0.4032485875706215 0.7840085287846482 0.038135593220338986 0.031982942430703626
0 0.0547316384180791 0.4767590618336887 0.03742937853107345 0.046908315565031986
0 0.061087570621468926 0.5326226012793177 0.033192090395480225 0.05714285714285714
0 0.1239406779661017 0.46417910447761196 0.07980225988700565 0.029424307036247335
0 0.10981638418079095 0.5134328358208955 0.04590395480225989 0.05031982942430704
0 0.1317090395480226 0.5688699360341152 0.06002824858757062 0.05202558635394456
0 0.1617231638418079 0.6181236673773988 0.03531073446327684 0.04392324093816631
0 0.1550141242937853 0.6673773987206824 0.048728813559322036 0.03837953091684435
0 0.2983757062146893 0.7953091684434968 0.048728813559322036 0.05458422174840085
0 0.5554378531073446 0.05970149253731343 0.03742937853107345 0.009381663113006396
0 0.3767655367231638 0.25884861407249465 0.028954802259887006 0.013646055437100213
0 0.5688559322033898 0.261407249466951 0.041666666666666664 0.021321961620469083
0 0.5755649717514124 0.3447761194029851 0.05084745762711865 0.02515991471215352
0 0.3824152542372881 0.600639658848614 0.048728813559322036 0.02771855010660981
0 0.7245762711864406 0.6147121535181237 0.03531073446327684 0.029424307036247335
0 0.5346045197740112 0.7021321961620469 0.03954802259887006 0.022601279317697228
0 0.5434322033898306 0.7820895522388059 0.04025423728813559 0.03070362473347548
0 0.3767655367231638 0.5272921108742005 0.033192090395480225 0.022601279317697228
0 0.22916666666666666 0.5366737739872068 0.03742937853107345 0.02771855010660981
