0 0.4904891304347826 0.5020275750202757 0.02309782608695652 0.0681265206812652
0 0.49252717391304346 0.5774533657745337 0.019021739130434784 0.050283860502838604
0 0.5234375 0.5462287104622872 0.04008152173913043 0.05271695052716951
0 0.5380434782608695 0.6338199513381995 0.029891304347826088 0.08191403081914031
0 0.5696331521739131 0.6208434712084347 0.025135869565217392 0.062449310624493104
0 0.9585597826086957 0.05068937550689376 0.019021739130434784 0.034874290348742905
0 0.9504076086956522 0.10218978102189781 0.01358695652173913 0.024330900243309004
0 0.9425951086956522 0.15855636658556366 0.03192934782608696 0.047850770478507706
0 0.9276494565217391 0.22546634225466342 0.025135869565217392 0.0681265206812652
0 0.9245923913043478 0.062449310624493104 0.024456521739130436 0.058394160583941604
0 0.9042119565217391 0.18613138686131386 0.03260869565217391 0.0851581508515815
0 0.8400135869565217 0.17193836171938362 0.059103260869565216 0.07623682076236821
0 0.5203804347826086 0.27696674776966745 0.024456521739130436 0.0202757502027575
0 0.5027173913043478 0.137875101378751 0.02309782608695652 0.040551500405515
0 0.4921875 0.31346309813463097 0.015625 0.0332522303325223
0 0.49966032608695654 0.37793998377939986 0.029211956521739132 0.055150040551500405
0 0.532608695652174 0.1386861313868613 0.021739130434782608 0.064882400648824
0 0.5641983695652174 0.14436334144363341 0.022418478260869564 0.06001622060016221
0 0.4952445652173913 0.2562854825628548 0.024456521739130436 0.05190592051905921
0 0.5271739130434783 0.3418491484184915 0.025815217391304348 0.0575831305758313
0 0.5658967391304348 0.3426601784266018 0.04483695652173913 0.0705596107055961
0 0.5981657608695652 0.16463909164639093 0.02377717391304348 0.012976480129764802
0 0.41813858695652173 0.22262773722627738 0.025135869565217392 0.0770478507704785
0 0.38722826086956524 0.24128142741281428 0.021739130434782608 0.047850770478507706
0 0.391304347826087 0.2980535279805353 0.03260869565217391 0.0364963503649635
