0 0.41796554552912224 0.5391383495145631 0.051681706316652996 0.07342233009708737
0 0.4228876127973749 0.5970873786407767 0.054963084495488104 0.04247572815533981
0 0.3535684987694832 0.7621359223300971 0.06890894175553733 0.07160194174757281
0 0.25881870385561934 0.808252427184466 0.051681706316652996 0.07160194174757281
0 0.2616899097621001 0.8674150485436893 0.06070549630844955 0.05036407766990291
0 0.34085315832649715 0.8577063106796117 0.027071369975389663 0.035800970873786406
0 0.3580803937653815 0.814623786407767 0.03855619360131255 0.03944174757281554
0 0.7621000820344545 0.6234830097087378 0.044298605414273995 0.05036407766990291
0 0.3785890073831009 0.6969053398058253 0.03691550451189499 0.040655339805825245
0 0.49548810500410173 0.5224514563106796 0.03937653814602133 0.061893203883495146
