0 0.7366167023554604 0.1619718309859155 0.06852248394004283 0.07042253521126761
0 0.7248394004282656 0.2546948356807512 0.07922912205567452 0.09859154929577464
0 0.6477516059957173 0.15199530516431925 0.08779443254817987 0.09507042253521127
0 0.6134903640256959 0.2546948356807512 0.11777301927194861 0.08450704225352113
0 0.215203426124197 0.25410798122065725 0.0835117773019272 0.08333333333333333
0 0.22162740899357602 0.3644366197183099 0.08779443254817987 0.09272300469483569
0 0.20770877944325483 0.47300469483568075 0.07708779443254818 0.09389671361502347
0 0.3372591006423983 0.26173708920187794 0.09207708779443255 0.07511737089201878
0 0.31156316916488225 0.3744131455399061 0.07066381156316917 0.07981220657276995
0 0.3094218415417559 0.4671361502347418 0.08779443254817987 0.04460093896713615
0 0.3286937901498929 0.5580985915492958 0.1006423982869379 0.07394366197183098
0 0.430406852248394 0.551056338028169 0.03854389721627409 0.057511737089201875
0 0.48501070663811563 0.5393192488262911 0.057815845824411134 0.062206572769953054
