0 0.4107402031930334 0.6407942238267148 0.03773584905660377 0.026714801444043323
0 0.4629898403483309 0.6451263537906137 0.03483309143686502 0.032490974729241874
0 0.5297532656023222 0.6577617328519856 0.07547169811320754 0.03898916967509025
0 0.5994194484760522 0.631768953068592 0.04934687953555878 0.018772563176895306
0 0.4521044992743106 0.4967509025270758 0.05370101596516691 0.01588447653429603
0 0.2728592162554427 0.5148014440433213 0.03483309143686502 0.054873646209386284
0 0.3026124818577649 0.6115523465703971 0.08272859216255443 0.03754512635379061
0 0.8548621190130624 0.6425992779783394 0.08127721335268505 0.018772563176895306
0 0.16690856313497823 0.20541516245487365 0.06386066763425254 0.04259927797833935
0 0.1690856313497823 0.2552346570397112 0.0420899854862119 0.049819494584837545
0 0.17198838896952104 0.29819494584837547 0.033381712626995644 0.020216606498194945
0 0.16400580551523947 0.33357400722021663 0.03193033381712627 0.034657039711191336
0 0.2416545718432511 0.19783393501805055 0.033381712626995644 0.03898916967509025
0 0.23730043541364296 0.251985559566787 0.05660377358490566 0.04043321299638989
0 0.24891146589259797 0.31299638989169676 0.09433962264150944 0.04404332129963899
0 0.3033381712626996 0.2036101083032491 0.06966618287373004 0.05054151624548736
