0 0.7494623655913979 0.511352885525071 0.08817204301075268 0.06149479659413434
0 0.7268817204301076 0.6040681173131505 0.09462365591397849 0.07473982970671712
0 0.7118279569892473 0.7000946073793756 0.09462365591397849 0.06811731315042574
0 0.6268817204301075 0.522232734153264 0.11827956989247312 0.08136234626300852
0 0.610752688172043 0.5998107852412489 0.07741935483870968 0.05676442762535478
0 0.5806451612903226 0.6811731315042573 0.1032258064516129 0.08893093661305582
0 0.4860215053763441 0.5014191106906338 0.13333333333333333 0.0586565752128666
0 0.46021505376344085 0.586565752128666 0.16344086021505377 0.0946073793755913
0 0.43548387096774194 0.684484389782403 0.11397849462365592 0.09933774834437085
0 0.3010752688172043 0.5354777672658467 0.2064516129032258 0.1173131504257332
0 0.26021505376344084 0.663670766319773 0.11182795698924732 0.09933774834437085
0 0.15913978494623657 0.48722800378429515 0.1032258064516129 0.06622516556291391
0 0.14193548387096774 0.5648060548722801 0.08172043010752689 0.06244087038789026
0 0.12473118279569892 0.6395458845789972 0.09462365591397849 0.05676442762535478
