0 0.20112359550561798 0.09672949002217295 0.0853932584269663 0.046008869179600884
0 0.22247191011235956 0.16546563192904656 0.07415730337078652 0.07815964523281596
0 0.21179775280898877 0.27439024390243905 0.10674157303370786 0.1164079822616408
0 0.23426966292134832 0.39135254988913526 0.08876404494382023 0.09090909090909091
0 0.24213483146067416 0.479490022172949 0.06629213483146068 0.07760532150776053
0 0.2353932584269663 0.5759423503325942 0.07977528089887641 0.07760532150776053
0 0.19831460674157303 0.6796008869179601 0.12247191011235956 0.07427937915742794
0 0.16573033707865167 0.7807649667405765 0.09101123595505618 0.10698447893569844
0 0.30674157303370786 0.12527716186252771 0.08314606741573034 0.04212860310421286
0 0.3359550561797753 0.20509977827050999 0.06741573033707865 0.10421286031042129
0 0.34831460674157305 0.30210643015521066 0.09662921348314607 0.06651884700665188
0 0.350561797752809 0.38774944567627495 0.1393258426966292 0.0582039911308204
0 0.34101123595505617 0.48226164079822614 0.07752808988764046 0.10643015521064302
0 0.3348314606741573 0.5773281596452328 0.0853932584269663 0.05709534368070954
0 0.3185393258426966 0.6854212860310421 0.09101123595505618 0.11252771618625278
0 0.3 0.789079822616408 0.11235955056179775 0.06374722838137473
0 0.5393258426966292 0.2926829268292683 0.08314606741573034 0.08980044345898004
0 0.5662921348314607 0.4254434589800443 0.06741573033707865 0.0803769401330377
0 0.5870786516853933 0.5266075388026608 0.10449438202247191 0.10310421286031042
0 0.596629213483146 0.6313747228381374 0.10112359550561797 0.08093126385809313
0 0.43651685393258427 0.6313747228381374 0.06404494382022471 0.08536585365853659
0 0.44662921348314605 0.7455654101995566 0.13370786516853933 0.09977827050997783
0 0.6876404494382022 0.4063192904656319 0.10112359550561797 0.13747228381374724
0 0.750561797752809 0.7699556541019955 0.1146067415730337 0.09090909090909091
0 0.597752808988764 0.7336474501108647 0.1258426966292135 0.08148558758314856
0 0.6129213483146068 0.8143015521064302 0.16067415730337078 0.06097560975609756
0 0.748314606741573 0.6507760532150776 0.07191011235955057 0.05543237250554324
