0 0.19631901840490798 0.9412010008340284 0.05083260297984225 0.040033361134278564
0 0.12839614373356706 0.9284820683903253 0.06222611744084137 0.03628023352793995
0 0.2353198948290973 0.8463302752293578 0.06222611744084137 0.044620517097581316
0 0.16608238387379493 0.8384070058381985 0.04294478527607362 0.03628023352793995
0 0.21998247151621383 0.890116763969975 0.06485539000876424 0.040450375312760634
0 0.1520595968448729 0.8834445371142619 0.04294478527607362 0.03211009174311927
0 0.5780017528483786 0.048790658882402 0.06222611744084137 0.04420350291909925
0 0.5933391761612621 0.1134278565471226 0.05959684487291849 0.0658882402001668
0 0.588957055214724 0.16492910758965804 0.05083260297984225 0.029608006672226857
0 0.6047326906222612 0.201209341117598 0.05959684487291849 0.029608006672226857
0 0.48729184925503943 0.05942452043369475 0.0736196319018405 0.05212677231025855
0 0.5113935144609991 0.14678899082568808 0.07099035933391762 0.08757297748123437
0 0.406660823838738 0.06880733944954129 0.06485539000876424 0.0633861551292744
0 0.4474145486415425 0.17723102585487907 0.08501314636283962 0.09424520433694746
0 0.31200701139351444 0.0750625521267723 0.07887817703768624 0.04837364470391994
0 0.33567046450482035 0.15221017514595497 0.09290096406660824 0.05504587155963303
0 0.4715162138475022 0.24437030859049208 0.04732690622261174 0.026688907422852376
0 0.6735319894829097 0.05546288573811509 0.06222611744084137 0.05504587155963303
0 0.6682734443470639 0.1542952460383653 0.06748466257668712 0.11009174311926606
0 0.8080631025416302 0.07151793160967473 0.06485539000876424 0.057964970809007504
0 0.6538124452234881 0.225604670558799 0.05083260297984225 0.010842368640533779
