0 0.13561320754716982 0.3049921996879875 0.04009433962264151 0.08580343213728549
0 0.15683962264150944 0.4290171606864275 0.08726415094339622 0.0998439937597504
0 0.2983490566037736 0.31357254290171604 0.12028301886792453 0.1310452418096724
0 0.43514150943396224 0.3096723868954758 0.08254716981132075 0.1419656786271451
0 0.4386792452830189 0.44305772230889234 0.03773584905660377 0.0904836193447738
0 0.5613207547169812 0.28939157566302653 0.07075471698113207 0.1606864274570983
0 0.5542452830188679 0.45865834633385333 0.09433962264150944 0.12168486739469579
0 0.7063679245283019 0.22620904836193448 0.11084905660377359 0.1060842433697348
0 0.7358490566037735 0.36427457098283933 0.08962264150943396 0.12012480499219969
0 0.7063679245283019 0.5132605304212169 0.09669811320754718 0.11544461778471139
