0 0.5657894736842105 0.2366785079928952 0.13157894736842105 0.15008880994671403
0 0.5808270676691729 0.39298401420959145 0.13909774436090225 0.10923623445825932
0 0.6983082706766918 0.338809946714032 0.08458646616541353 0.11811722912966252
0 0.3599624060150376 0.20959147424511546 0.17481203007518797 0.09769094138543517
0 0.36654135338345867 0.31261101243339257 0.13909774436090225 0.07460035523978685
0 0.44360902255639095 0.4147424511545293 0.13909774436090225 0.055062166962699825
0 0.43609022556390975 0.5261989342806395 0.10902255639097744 0.11634103019538189
0 0.2462406015037594 0.4467140319715808 0.15413533834586465 0.12966252220248667
0 0.5930451127819549 0.5399644760213144 0.11466165413533834 0.152753108348135
0 0.6898496240601504 0.6181172291296625 0.07894736842105263 0.13676731793960922
