0 0.33562992125984253 0.13831258644536654 0.0265748031496063 0.027662517289073305
0 0.33070866141732286 0.19248501613646843 0.03346456692913386 0.059474412171507604
0 0.3257874015748031 0.2471184877823882 0.02952755905511811 0.026740433379437527
0 0.31028543307086615 0.30567081604426005 0.043799212598425195 0.06454587367450439
0 0.3061023622047244 0.3812816966343937 0.04330708661417323 0.05532503457814661
0 0.3004429133858268 0.4573536191793453 0.043799212598425195 0.08022130013831259
0 0.2709153543307087 0.5567081604426003 0.04675196850393701 0.07883817427385892
0 0.2485236220472441 0.6639004149377593 0.0718503937007874 0.08575380359612725
0 0.30413385826771655 0.12932226832641772 0.03937007874015748 0.059474412171507604
0 0.29970472440944884 0.21092669432918396 0.03937007874015748 0.06685108344859382
0 0.27583661417322836 0.272706316274781 0.02214566929133858 0.03273397879207008
0 0.27017716535433073 0.33148916551406177 0.03937007874015748 0.06085753803596127
0 0.2561515748031496 0.3985707699400646 0.041830708661417325 0.0714615029967727
0 0.2357283464566929 0.4762563393268787 0.04625984251968504 0.06085753803596127
0 0.22588582677165353 0.5382664822498847 0.04921259842519685 0.04472106961733518
0 0.21186023622047245 0.5928999538958045 0.03198818897637795 0.05901337021668972
0 0.19143700787401574 0.6712770862148455 0.05019685039370079 0.07653296449976948
0 0.15551181102362205 0.7879207007837713 0.04330708661417323 0.06731212540341171
0 0.13656496062992127 0.8460119870908253 0.036909448818897635 0.046104195481788846
0 0.2357283464566929 0.26094974642692487 0.04330708661417323 0.07468879668049792
0 0.21186023622047245 0.3545412632549562 0.054625984251968504 0.06454587367450439
0 0.20127952755905512 0.4248501613646842 0.06200787401574803 0.060396496081143385
0 0.17445866141732283 0.5027662517289073 0.050688976377952756 0.06592899953895805
0 0.1592027559055118 0.5857538035961273 0.04773622047244094 0.08160442600276625
0 0.1309055118110236 0.6758875057630245 0.04232283464566929 0.06177962194559705
0 0.11491141732283465 0.7390502535730752 0.04084645669291338 0.046104195481788846
0 0.08390748031496063 0.8287229137851545 0.04675196850393701 0.051175656984785614
0 0.39320866141732286 0.15882895343476255 0.03248031496062992 0.060396496081143385
0 0.38976377952755903 0.22083909635776855 0.045275590551181105 0.05532503457814661
0 0.37426181102362205 0.2747810050714615 0.04773622047244094 0.03411710465652374
0 0.3617125984251969 0.3268787459658829 0.03937007874015748 0.05901337021668972
0 0.3543307086614173 0.40387275242047027 0.03937007874015748 0.06823420931304748
0 0.32923228346456695 0.524896265560166 0.05019685039370079 0.06316274781005071
0 0.3243110236220472 0.6272475795297372 0.038385826771653545 0.07238358690640849
0 0.3061023622047244 0.7088520055325035 0.04625984251968504 0.05394190871369295
0 0.2984744094488189 0.7840018441678193 0.050688976377952756 0.059474412171507604
0 0.45570866141732286 0.14246196403872752 0.03641732283464567 0.06177962194559705
0 0.44881889763779526 0.210696173351775 0.03346456692913386 0.06454587367450439
0 0.4311023622047244 0.32295988934993086 0.05216535433070866 0.051175656984785614
0 0.42470472440944884 0.3835869064084832 0.05610236220472441 0.06454587367450439
0 0.406496062992126 0.4769479022591056 0.03937007874015748 0.11203319502074689
0 0.3959153543307087 0.5726141078838174 0.024114173228346455 0.07100046104195482
0 0.37426181102362205 0.7332872291378515 0.041830708661417325 0.0318118948824343
0 0.5120570866141733 0.13900414937759337 0.036909448818897635 0.041954817888427844
0 0.5091043307086615 0.19110189027201474 0.014271653543307087 0.05394190871369295
0 0.5076279527559056 0.2471184877823882 0.031003937007874016 0.0396496081143384
0 0.4923720472440945 0.29737206085753803 0.04478346456692913 0.05532503457814661
0 0.4867125984251969 0.359612724757953 0.04232283464566929 0.04887044721069617
0 0.48031496062992124 0.41839557399723376 0.04625984251968504 0.041954817888427844
0 0.4812992125984252 0.4644997694790226 0.03937007874015748 0.034578146611341634
0 0.468503937007874 0.5138312586445366 0.03937007874015748 0.059474412171507604
0 0.468996062992126 0.5947441217150761 0.04921259842519685 0.08944213923467036
0 0.4500492125984252 0.6758875057630245 0.04478346456692913 0.0516366989396035
0 0.5927657480314961 0.20378054402950668 0.04084645669291338 0.05255878284923928
0 0.5927657480314961 0.2800829875518672 0.043799212598425195 0.05763024435223606
0 0.5851377952755905 0.34001844167819273 0.025590551181102362 0.04103273397879207
0 0.5920275590551181 0.3921161825726141 0.03937007874015748 0.047487321346242506
0 0.5957185039370079 0.4665744582757031 0.03789370078740158 0.06177962194559705
0 0.5851377952755905 0.545412632549562 0.028543307086614175 0.06454587367450439
0 0.578986220472441 0.6127247579529738 0.03789370078740158 0.0516366989396035
0 0.5120570866141733 0.6233287229137852 0.031003937007874016 0.08298755186721991
0 0.5169783464566929 0.7088520055325035 0.034940944881889764 0.05394190871369295
0 0.5688976377952756 0.7042415859843246 0.023622047244094488 0.060396496081143385
0 0.6513287401574803 0.1053480866758875 0.031003937007874016 0.0198248040571692
0 0.6513287401574803 0.1574458275703089 0.03395669291338583 0.06316274781005071
0 0.6589566929133859 0.2782388197325957 0.04330708661417323 0.05394190871369295
0 0.6653543307086615 0.3404794836330106 0.03937007874015748 0.04472106961733518
0 0.7116141732283464 0.1318579990779161 0.04232283464566929 0.046104195481788846
0 0.7249015748031497 0.18971876440756108 0.04921259842519685 0.05394190871369295
0 0.7418799212598425 0.2544951590594744 0.024114173228346455 0.04333794375288151
0 0.7615649606299213 0.3450899031811895 0.054625984251968504 0.11203319502074689
0 0.7832185039370079 0.45597049331489165 0.04773622047244094 0.06731212540341171
0 0.8031496062992126 0.6475334255417243 0.05905511811023622 0.0714615029967727
0 0.812992125984252 0.727293683725219 0.06200787401574803 0.06224066390041494
0 0.7736220472440944 0.11272475795297372 0.04232283464566929 0.05301982480405717
0 0.7876476377952756 0.17750115260488705 0.025098425196850394 0.05532503457814661
0 0.8206200787401575 0.28861226371599813 0.04084645669291338 0.06731212540341171
0 0.8341535433070866 0.3755186721991701 0.04232283464566929 0.056708160442600276
0 0.859251968503937 0.4624250806823421 0.04232283464566929 0.08852005532503458
0 0.8614665354330708 0.5645458736745044 0.043799212598425195 0.09451360073766712
0 0.8841043307086615 0.673812816966344 0.04084645669291338 0.08437067773167359
