0 0.6112372304199774 0.22916666666666666 0.03064699205448354 0.0763888888888889
0 0.6163450624290578 0.3793402777777778 0.03859250851305335 0.0920138888888889
0 0.6157775255391601 0.5494791666666666 0.021566401816118047 0.06770833333333333
0 0.6606129398410897 0.22135416666666666 0.03859250851305335 0.10590277777777778
0 0.6606129398410897 0.3125 0.0340522133938706 0.052083333333333336
0 0.6566401816118048 0.4001736111111111 0.03064699205448354 0.09895833333333333
0 0.6634506242905789 0.5243055555555556 0.03518728717366629 0.0625
0 0.7162315550510783 0.2404513888888889 0.04540295119182747 0.11284722222222222
0 0.7094211123723042 0.3567708333333333 0.03178206583427923 0.06770833333333333
0 0.7258796821793416 0.5494791666666666 0.05561861520998865 0.1371527777777778
0 0.35811577752553914 0.23524305555555555 0.04880817253121453 0.14756944444444445
0 0.38081725312145287 0.3940972222222222 0.06923950056753689 0.1423611111111111
0 0.369466515323496 0.5407986111111112 0.03518728717366629 0.1232638888888889
0 0.37230419977298523 0.6328125 0.04540295119182747 0.03993055555555555
0 0.43473325766174803 0.19270833333333334 0.036322360953461974 0.059027777777777776
0 0.43813847900113506 0.2803819444444444 0.03178206583427923 0.0954861111111111
0 0.452894438138479 0.4895833333333333 0.04086265607264472 0.09722222222222222
0 0.5022701475595914 0.22135416666666666 0.06696935300794551 0.1440972222222222
0 0.5221339387060159 0.4913194444444444 0.043132803632236094 0.06944444444444445
0 0.5278093076049943 0.5815972222222222 0.0340522133938706 0.08680555555555555
0 0.10499432463110102 0.3489583333333333 0.03518728717366629 0.15625
0 0.08967082860385925 0.5269097222222222 0.049943246311010214 0.13368055555555555
0 0.18331441543700341 0.2048611111111111 0.06696935300794551 0.14583333333333334
