0 0.42916666666666664 0.2099820143884892 0.08888888888888889 0.04226618705035971
0 0.43680555555555556 0.2751798561151079 0.04861111111111111 0.07553956834532374
0 0.42916666666666664 0.3448741007194245 0.04722222222222222 0.053057553956834536
0 0.40555555555555556 0.4262589928057554 0.08888888888888889 0.08093525179856115
0 0.4 0.5305755395683454 0.11388888888888889 0.11510791366906475
0 0.39652777777777776 0.6596223021582733 0.07916666666666666 0.0764388489208633
0 0.5743055555555555 0.19334532374100719 0.0875 0.09172661870503597
0 0.5875 0.30800359712230213 0.06944444444444445 0.10701438848920863
0 0.5854166666666667 0.414568345323741 0.05416666666666667 0.06115107913669065
0 0.5715277777777777 0.5368705035971223 0.11805555555555555 0.12589928057553956
0 0.575 0.664568345323741 0.10277777777777777 0.10251798561151079
0 0.2798611111111111 0.2189748201438849 0.059722222222222225 0.040467625899280574
0 0.2625 0.306205035971223 0.07777777777777778 0.09982014388489209
0 0.26666666666666666 0.41861510791366907 0.044444444444444446 0.04226618705035971
0 0.24444444444444444 0.48426258992805754 0.09444444444444444 0.051258992805755396
0 0.24583333333333332 0.5741906474820144 0.11666666666666667 0.09442446043165467
0 0.8166666666666667 0.266636690647482 0.07777777777777778 0.1052158273381295
0 0.8361111111111111 0.37050359712230213 0.04722222222222222 0.06474820143884892
0 0.8465277777777778 0.48111510791366907 0.08194444444444444 0.10611510791366907
0 0.8625 0.6070143884892086 0.10833333333333334 0.11510791366906475
0 0.8777777777777778 0.7086330935251799 0.07777777777777778 0.05575539568345324
0 0.7 0.20818345323741008 0.09444444444444444 0.10881294964028777
0 0.6944444444444444 0.3340827338129496 0.10833333333333334 0.09262589928057553
0 0.69375 0.4464928057553957 0.09861111111111111 0.08183453237410072
0 0.7013888888888888 0.5732913669064749 0.09166666666666666 0.12140287769784172
0 0.6993055555555555 0.6933453237410072 0.10416666666666667 0.0539568345323741
