0 0.4722222222222222 0.09602272727272727 0.03819444444444445 0.11022727272727273
0 0.4548611111111111 0.23011363636363635 0.0625 0.10568181818181818
0 0.4809027777777778 0.3619318181818182 0.03819444444444445 0.05795454545454545
0 0.4791666666666667 0.4653409090909091 0.08680555555555555 0.11477272727272728
0 0.4696180555555556 0.5886363636363636 0.08506944444444445 0.08636363636363636
0 0.4548611111111111 0.7170454545454545 0.1284722222222222 0.12954545454545455
0 0.46875 0.8397727272727272 0.08680555555555555 0.07727272727272727
0 0.3585069444444444 0.38125 0.08506944444444445 0.06931818181818182
0 0.3611111111111111 0.4903409090909091 0.06944444444444445 0.09886363636363636
0 0.359375 0.5818181818181818 0.059027777777777776 0.038636363636363635
0 0.3402777777777778 0.6789772727272727 0.06944444444444445 0.10340909090909091
0 0.3038194444444444 0.7818181818181819 0.09027777777777778 0.09318181818181819
0 0.3107638888888889 0.8852272727272728 0.0763888888888889 0.05227272727272727
0 0.6189236111111112 0.19318181818181818 0.08854166666666667 0.09090909090909091
0 0.6258680555555556 0.3386363636363636 0.046875 0.10454545454545454
0 0.6310763888888888 0.46193181818181817 0.10590277777777778 0.1215909090909091
0 0.6484375 0.6119318181818182 0.078125 0.09204545454545454
0 0.6588541666666666 0.7232954545454545 0.0920138888888889 0.10568181818181818
