0 0.292259083728278 0.3638655462184874 0.07898894154818326 0.050980392156862744
0 0.30252764612954186 0.47086834733893557 0.0679304897314376 0.03865546218487395
0 0.37756714060031593 0.3764705882352941 0.06003159557661927 0.04929971988795518
0 0.4146919431279621 0.44985994397759105 0.09004739336492891 0.035854341736694675
0 0.46524486571879936 0.37366946778711485 0.07109004739336493 0.047058823529411764
0 0.5110584518167457 0.4330532212885154 0.07109004739336493 0.048179271708683476
0 0.5829383886255924 0.3708683473389356 0.10110584518167456 0.04145658263305322
0 0.5766192733017378 0.442296918767507 0.053712480252764615 0.018487394957983194
0 0.6350710900473934 0.442296918767507 0.05687203791469194 0.039775910364145656
0 0.31911532385466035 0.2605042016806723 0.0631911532385466 0.014565826330532213
0 0.330173775671406 0.3988795518207283 0.05687203791469194 0.014565826330532213
0 0.23617693522906794 0.1495798319327731 0.07109004739336493 0.043697478991596636
0 0.2156398104265403 0.22100840336134453 0.0679304897314376 0.03753501400560224
0 0.19747235387045814 0.25322128851540615 0.037914691943127965 0.021288515406162466
0 0.1334913112164297 0.28095238095238095 0.0679304897314376 0.018487394957983194
0 0.2480252764612954 0.07563025210084033 0.07898894154818326 0.032492997198879554
0 0.3246445497630332 0.06638655462184874 0.052132701421800945 0.05322128851540616
