0 0.19801980198019803 0.42433795712484235 0.0594059405940594 0.07440100882723834
0 0.28415841584158413 0.4546027742749054 0.061386138613861385 0.11223203026481715
0 0.400990099009901 0.4306431273644388 0.10891089108910891 0.09962168978562422
0 0.5306930693069307 0.4401008827238335 0.10693069306930693 0.09331651954602774
0 0.6118811881188119 0.46595208070617905 0.07920792079207921 0.10970996216897856
0 0.48415841584158414 0.573139974779319 0.02178217821782178 0.06431273644388398
0 0.48415841584158414 0.5220680958385876 0.04950495049504951 0.0201765447667087
0 0.5237623762376238 0.5668348045397226 0.04554455445544554 0.07944514501891552
0 0.1712871287128713 0.3133669609079445 0.07326732673267326 0.07187894073139975
0 0.29405940594059404 0.18789407313997478 0.12475247524752475 0.13366960907944514
0 0.2891089108910891 0.3133669609079445 0.09108910891089109 0.10970996216897856
0 0.43366336633663366 0.2055485498108449 0.023762376237623763 0.05548549810844893
0 0.43267326732673267 0.1746532156368222 0.06534653465346535 0.02395964691046658
0 0.46831683168316834 0.2137452711223203 0.04554455445544554 0.07187894073139975
