0 0.7735294117647059 0.5877300613496933 0.056862745098039215 0.051533742331288344
0 0.7068627450980393 0.5877300613496933 0.03725490196078431 0.03680981595092025
0 0.6313725490196078 0.5865030674846625 0.06666666666666667 0.044171779141104296
0 0.44901960784313727 0.5932515337423313 0.047058823529411764 0.09693251533742331
0 0.3382352941176471 0.5441717791411043 0.09607843137254903 0.1165644171779141
0 0.5166666666666667 0.5766871165644172 0.056862745098039215 0.012269938650306749
0 0.47058823529411764 0.149079754601227 0.050980392156862744 0.08466257668711656
0 0.453921568627451 0.2773006134969325 0.056862745098039215 0.11533742331288344
0 0.3637254901960784 0.2674846625766871 0.10784313725490197 0.05889570552147239
0 0.29411764705882354 0.3294478527607362 0.050980392156862744 0.015950920245398775
0 0.7735294117647059 0.11779141104294479 0.07254901960784314 0.09325153374233129
0 0.7676470588235295 0.27607361963190186 0.10392156862745099 0.1276073619631902
0 0.7068627450980393 0.12515337423312883 0.052941176470588235 0.09079754601226994
0 0.6656862745098039 0.1588957055214724 0.07254901960784314 0.07239263803680981
0 0.6656862745098039 0.2674846625766871 0.07647058823529412 0.08834355828220859
0 0.5892156862745098 0.13067484662576687 0.06862745098039216 0.10429447852760736
