0 0.3974358974358974 0.04332129963898917 0.05982905982905983 0.04332129963898917
0 0.3871794871794872 0.09963898916967509 0.05299145299145299 0.03754512635379061
0 0.4 0.17292418772563176 0.11623931623931624 0.10469314079422383
0 0.36923076923076925 0.2779783393501805 0.08547008547008547 0.05776173285198556
0 0.34786324786324785 0.35379061371841153 0.09401709401709402 0.07220216606498195
0 0.3367521367521368 0.4451263537906137 0.1094017094017094 0.07581227436823104
0 0.3316239316239316 0.5462093862815884 0.11965811965811966 0.11768953068592057
0 0.5709401709401709 0.11227436823104693 0.06153846153846154 0.07148014440433213
0 0.5581196581196581 0.196028880866426 0.05982905982905983 0.04259927797833935
0 0.541025641025641 0.2888086642599278 0.09401709401709402 0.08953068592057761
0 0.5521367521367522 0.3974729241877256 0.11623931623931624 0.09891696750902527
0 0.5136752136752136 0.49530685920577616 0.0735042735042735 0.0664259927797834
0 0.5025641025641026 0.6068592057761732 0.1264957264957265 0.11335740072202166
0 0.45897435897435895 0.7133574007220217 0.10085470085470086 0.07509025270758123
0 0.18461538461538463 0.2624548736462094 0.09914529914529914 0.07725631768953069
0 0.14786324786324787 0.35018050541516244 0.10085470085470086 0.06064981949458484
0 0.13675213675213677 0.4263537906137184 0.08547008547008547 0.06570397111913358
