0 0.5751911639762107 0.15505522514868308 0.0356839422259983 0.09260832625318606
0 0.5730671197960917 0.26677994902293967 0.03313508920985556 0.07986406117247238
0 0.5688190314358539 0.36703483432455397 0.028037383177570093 0.06287170773152082
0 0.5951571792693288 0.45539507221750214 0.05692438402718777 0.09005947323704333
0 0.6427357689039932 0.19243840271877655 0.05012744265080714 0.0790144435004248
0 0.6486830926083262 0.2829226847918437 0.038232795242141036 0.07986406117247238
0 0.6550552251486831 0.38912489379779097 0.04927782497875956 0.07986406117247238
0 0.7319456244689889 0.2102803738317757 0.051826677994902294 0.08411214953271028
0 0.740016992353441 0.32752761257434154 0.05777400169923534 0.10110450297366186
0 0.7306711979609176 0.41886151231945623 0.03058623619371283 0.07816482582837724
