0 0.6215443279313632 0.36812358703843256 0.05910390848427073 0.04747550866616428
0 0.6239275500476644 0.43632253202712884 0.05052430886558627 0.06782215523737754
0 0.6267874165872259 0.5033911077618689 0.03527168732125834 0.04220045214770158
0 0.6306005719733079 0.5892991710625471 0.06005719733079123 0.10851544837980406
0 0.6415633937082936 0.693293142426526 0.055290753098188754 0.07686510926902788
0 0.6582459485224023 0.7705350414468727 0.03908484270734033 0.07008289374529013
0 0.511439466158246 0.28108515448379806 0.06196377502383222 0.0587792012057272
0 0.5076263107721639 0.3579502637528259 0.058150619637750235 0.06330067822155237
0 0.5204957102001907 0.4325546345139412 0.030505243088655862 0.04370761115297664
0 0.5290753098188751 0.49924642049736245 0.0667302192564347 0.08666164280331574
0 0.5376549094375596 0.6047475508666165 0.05147759771210677 0.08214016578749057
0 0.550047664442326 0.6887716654107008 0.055290753098188754 0.0828937452901281
0 0.5686367969494757 0.7712886209495102 0.04671115347950429 0.04747550866616428
0 0.4251668255481411 0.31688018085908065 0.0667302192564347 0.07159005275056518
0 0.4261201143946616 0.4400904295403165 0.02478551000953289 0.07535795026375283
0 0.4513822688274547 0.5218538055764883 0.03336510962821735 0.04747550866616428
0 0.440419447092469 0.6412961567445365 0.08007626310772165 0.11303692539562923
