0 0.29257246376811596 0.16165413533834586 0.1286231884057971 0.16390977443609023
0 0.29891304347826086 0.343609022556391 0.07608695652173914 0.18195488721804512
0 0.3007246376811594 0.5 0.05434782608695652 0.07368421052631578
0 0.47282608695652173 0.2503759398496241 0.16666666666666666 0.3022556390977444
0 0.4791666666666667 0.51203007518797 0.09963768115942029 0.15789473684210525
0 0.615036231884058 0.16165413533834586 0.08152173913043478 0.13082706766917293
0 0.6105072463768116 0.32857142857142857 0.08695652173913043 0.18195488721804512
0 0.6096014492753623 0.5142857142857142 0.1358695652173913 0.10225563909774436
0 0.769927536231884 0.17593984962406015 0.11956521739130435 0.11428571428571428
0 0.7427536231884058 0.3849624060150376 0.11956521739130435 0.3037593984962406
