0 0.5763888888888888 0.18434873949579833 0.06944444444444445 0.0661764705882353
0 0.5625 0.3324579831932773 0.05092592592592592 0.07247899159663866
0 0.5613425925925926 0.4432773109243697 0.05324074074074074 0.09243697478991597
0 0.5503472222222222 0.571953781512605 0.08217592592592593 0.1207983193277311
0 0.6736111111111112 0.21271008403361344 0.06481481481481481 0.08718487394957983
0 0.6603009259259259 0.37184873949579833 0.07291666666666667 0.09873949579831932
0 0.6608796296296297 0.5042016806722689 0.0763888888888889 0.10504201680672269
0 0.5694444444444444 0.7216386554621849 0.011574074074074073 0.05042016806722689
0 0.4681712962962963 0.23897058823529413 0.056712962962962965 0.08088235294117647
0 0.4554398148148148 0.3492647058823529 0.061342592592592594 0.07668067226890757
0 0.4519675925925926 0.4585084033613445 0.04513888888888889 0.08928571428571429
0 0.41724537037037035 0.5808823529411765 0.09143518518518519 0.12394957983193278
0 0.3454861111111111 0.34506302521008403 0.03587962962962963 0.07457983193277311
0 0.3425925925925926 0.4632352941176471 0.0763888888888889 0.12815126050420167
0 0.31828703703703703 0.5919117647058824 0.06018518518518518 0.07878151260504201
0 0.3119212962962963 0.6875 0.019675925925925927 0.06197478991596639
