0 0.36519114688128773 0.1985731272294887 0.09859154929577464 0.06658739595719382
0 0.37525150905432597 0.2990487514863258 0.09456740442655935 0.0535077288941736
0 0.3672032193158954 0.3864447086801427 0.04225352112676056 0.054696789536266346
0 0.37424547283702214 0.48513674197384066 0.07645875251509054 0.08323424494649227
0 0.5110663983903421 0.19262782401902498 0.08450704225352113 0.08323424494649227
0 0.5120724346076458 0.30083234244946494 0.08249496981891348 0.08323424494649227
0 0.49899396378269617 0.4244946492271106 0.07243460764587525 0.11652794292508918
0 0.6106639839034205 0.31391200951248516 0.07847082494969819 0.07609988109393578
0 0.6106639839034205 0.4042806183115339 0.06639839034205232 0.014268727705112961
0 0.6016096579476862 0.45005945303210465 0.06841046277665996 0.06777645659928656
0 0.48993963782696176 0.549346016646849 0.05835010060362173 0.04042806183115339
