0 0.23566084788029926 0.23693086003372682 0.08229426433915212 0.07925801011804384
0 0.23815461346633415 0.3954468802698145 0.08229426433915212 0.12310286677908938
0 0.24064837905236908 0.5463743676222597 0.06733167082294264 0.050590219224283306
0 0.3740648379052369 0.2639123102866779 0.11471321695760599 0.11973018549747048
0 0.3765586034912718 0.42495784148397975 0.12468827930174564 0.16863406408094436
0 0.5286783042394015 0.2875210792580101 0.11970074812967581 0.15008431703204048
0 0.5374064837905237 0.4881956155143339 0.1172069825436409 0.12310286677908938
0 0.6658354114713217 0.2984822934232715 0.11970074812967581 0.14839797639123103
0 0.6870324189526185 0.5050590219224284 0.14214463840399003 0.1399662731871838
0 0.8403990024937655 0.4418212478920742 0.1396508728179551 0.09106239460370995
0 0.814214463840399 0.5236087689713322 0.09725685785536159 0.1163575042158516
