0 0.8096740273396424 0.05120274914089347 0.04416403785488959 0.044673539518900345
0 0.8070452155625657 0.13917525773195877 0.04311251314405889 0.08041237113402062
0 0.7949526813880127 0.21374570446735394 0.03785488958990536 0.03161512027491409
0 0.8180862250262881 0.27353951890034367 0.08832807570977919 0.06872852233676977
0 0.8249211356466877 0.35876288659793815 0.06624605678233439 0.06735395189003436
0 0.8322818086225027 0.45326460481099656 0.0683491062039958 0.08728522336769759
0 0.8233438485804416 0.5670103092783505 0.06309148264984227 0.07147766323024055
0 0.7939011566771819 0.6989690721649484 0.08832807570977919 0.12920962199312716
0 0.7050473186119873 0.06666666666666667 0.08096740273396424 0.08109965635738832
0 0.7150368033648791 0.17147766323024055 0.016824395373291272 0.04742268041237113
0 0.7229232386961093 0.13402061855670103 0.03259726603575184 0.012371134020618556
0 0.7429022082018928 0.17147766323024055 0.03680336487907466 0.05567010309278351
