0 0.764512595837897 0.17777777777777778 0.0832420591456736 0.04111111111111111
0 0.7727272727272727 0.22833333333333333 0.047097480832420595 0.04666666666666667
0 0.8072289156626506 0.2633333333333333 0.03943044906900329 0.034444444444444444
0 0.8269441401971522 0.3213888888888889 0.05257393209200438 0.058333333333333334
0 0.8242059145673604 0.39694444444444443 0.0624315443592552 0.0661111111111111
0 0.8220153340635268 0.47305555555555556 0.07338444687842278 0.059444444444444446
0 0.7907995618838992 0.5819444444444445 0.09857612267250822 0.095
0 0.8088718510405257 0.6925 0.07776560788608981 0.09166666666666666
0 0.6144578313253012 0.11527777777777778 0.06571741511500548 0.018333333333333333
0 0.2897042716319825 0.22972222222222222 0.03176341730558598 0.017222222222222222
0 0.6916757940854327 0.2461111111111111 0.047097480832420595 0.023333333333333334
0 0.6955093099671413 0.3630555555555556 0.04381161007667032 0.030555555555555555
0 0.6681270536692223 0.5033333333333333 0.05257393209200438 0.027777777777777776
0 0.6812705366922235 0.6052777777777778 0.05257393209200438 0.019444444444444445
0 0.6117196056955093 0.6905555555555556 0.044906900328587074 0.015555555555555555
0 0.1429353778751369 0.2772222222222222 0.0755750273822563 0.05444444444444444
0 0.12814895947426067 0.3591666666666667 0.06790799561883899 0.07277777777777777
0 0.12267250821467689 0.42916666666666664 0.0832420591456736 0.065
0 0.12924424972617743 0.5233333333333333 0.0963855421686747 0.07
0 0.16319824753559695 0.6019444444444444 0.06571741511500548 0.07388888888888889
0 0.23658269441401972 0.7375 0.054764512595837894 0.019444444444444445
0 0.39813800657174153 0.7725 0.04928806133625411 0.03722222222222222
0 0.27163198247535597 0.3386111111111111 0.03723986856516977 0.018333333333333333
0 0.2667031763417306 0.49472222222222223 0.03614457831325301 0.02388888888888889
0 0.2858707557502738 0.5847222222222223 0.03943044906900329 0.02388888888888889
0 0.34446878422782035 0.6838888888888889 0.047097480832420595 0.015555555555555555
