0 0.7833511205976521 0.4732954545454545 0.032017075773746 0.028409090909090908
0 0.7705442902881536 0.5357954545454545 0.032017075773746 0.07386363636363637
0 0.7646744930629669 0.6488636363636363 0.02454642475987193 0.045454545454545456
0 0.7225186766275347 0.48522727272727273 0.07470651013874066 0.075
0 0.7145144076840982 0.5761363636363637 0.04375667022411953 0.07045454545454545
0 0.21664887940234792 0.7238636363636364 0.07257203842049093 0.10681818181818181
0 0.2934898612593383 0.70625 0.061899679829242264 0.10340909090909091
0 0.3281750266808965 0.43863636363636366 0.03948772678762007 0.06136363636363636
0 0.37459978655282816 0.43579545454545454 0.04909284951974386 0.05568181818181818
0 0.28441835645677693 0.22954545454545455 0.022411953041622197 0.09318181818181819
0 0.27801494130202775 0.584659090909091 0.022411953041622197 0.0375
0 0.6141942369263608 0.42329545454545453 0.054429028815368194 0.026136363636363635
0 0.3297758804695838 0.5920454545454545 0.06616862326574173 0.09318181818181819
0 0.4247598719316969 0.6261363636363636 0.03415154749199573 0.08181818181818182
0 0.2854855923159018 0.42727272727272725 0.035218783351120594 0.045454545454545456
