0 0.14272211720226843 0.283001808318264 0.062381852551984876 0.0922242314647378
0 0.21833648393194707 0.22603978300180833 0.08128544423440454 0.09041591320072333
0 0.22873345935727787 0.3291139240506329 0.06049149338374291 0.09764918625678119
0 0.29773156899810965 0.2332730560578662 0.054820415879017016 0.07233273056057866
0 0.31285444234404536 0.3227848101265823 0.07372400756143667 0.06329113924050633
0 0.3780718336483932 0.22875226039783003 0.045368620037807186 0.034358047016274866
0 0.390359168241966 0.29475587703435807 0.03969754253308128 0.07956600361663653
0 0.5604914933837429 0.25587703435804704 0.05103969754253308 0.06690777576853527
0 0.5945179584120983 0.3779385171790235 0.04725897920604915 0.09764918625678119
0 0.6389413988657845 0.189873417721519 0.08695652173913043 0.1518987341772152
0 0.6975425330812854 0.3399638336347197 0.06805293005671077 0.07956600361663653
0 0.7079395085066162 0.42495479204339964 0.06994328922495274 0.07233273056057866
0 0.7674858223062382 0.1844484629294756 0.11720226843100189 0.11211573236889692
0 0.8166351606805293 0.33815551537070526 0.07939508506616257 0.15913200723327306
0 0.9035916824196597 0.33815551537070526 0.045368620037807186 0.0325497287522604
