0 0.2769556025369979 0.3002773925104022 0.11416490486257928 0.1262135922330097
0 0.3192389006342495 0.4972260748959778 0.08456659619450317 0.15950069348127602
0 0.2949260042283298 0.6546463245492372 0.05708245243128964 0.08599167822468794
0 0.42283298097251587 0.2933425797503467 0.08456659619450317 0.10402219140083217
0 0.427061310782241 0.4403606102635229 0.08456659619450317 0.10679611650485436
0 0.43868921775898523 0.6206657420249653 0.11627906976744186 0.1317614424410541
0 0.6046511627906976 0.30097087378640774 0.11839323467230443 0.13869625520110956
0 0.6257928118393234 0.5117891816920943 0.14376321353065538 0.13592233009708737
0 0.7579281183932347 0.2933425797503467 0.10359408033826638 0.1539528432732316
0 0.7452431289640592 0.5263522884882108 0.0824524312896406 0.07350901525658807
0 0.8097251585623678 0.5145631067961165 0.046511627906976744 0.09986130374479889
