0 0.795131845841785 0.22023809523809523 0.0973630831643002 0.08766233766233766
0 0.7961460446247465 0.31222943722943725 0.06693711967545639 0.07251082251082251
0 0.7596348884381339 0.42857142857142855 0.12373225152129817 0.15367965367965367
0 0.6815415821501014 0.2261904761904762 0.11764705882352941 0.10822510822510822
0 0.6501014198782962 0.35443722943722944 0.11156186612576065 0.06385281385281386
0 0.7099391480730223 0.5248917748917749 0.10953346855983773 0.14285714285714285
0 0.44726166328600403 0.18885281385281386 0.06693711967545639 0.03354978354978355
0 0.4563894523326572 0.4015151515151515 0.0973630831643002 0.06493506493506493
0 0.33874239350912777 0.32521645021645024 0.09330628803245436 0.02922077922077922
0 0.33468559837728196 0.36634199134199136 0.08113590263691683 0.05303030303030303
