0 0.4630606860158311 0.15305164319248826 0.03781882145998241 0.08826291079812207
0 0.4665787159190853 0.23990610328638498 0.05013192612137203 0.07981220657276995
0 0.4573438874230431 0.3244131455399061 0.036939313984168866 0.04976525821596244
0 0.45602462620932277 0.41737089201877936 0.05013192612137203 0.09483568075117371
0 0.39797713280562885 0.160093896713615 0.044854881266490766 0.0647887323943662
0 0.40281442392260336 0.25586854460093894 0.047493403693931395 0.08544600938967137
0 0.3988566402814424 0.3657276995305164 0.044854881266490766 0.10046948356807511
0 0.4023746701846966 0.4666666666666667 0.04309586631486367 0.0676056338028169
0 0.3289357959542656 0.24178403755868544 0.05452946350043975 0.10234741784037558
0 0.3201407211961302 0.3948356807511737 0.06684256816182937 0.09483568075117371
0 0.3496042216358839 0.5765258215962441 0.04661389621811785 0.04131455399061033
