0 0.4945750452079566 0.25625 0.06329113924050633 0.07361111111111111
0 0.48553345388788427 0.44513888888888886 0.06690777576853527 0.0875
0 0.364376130198915 0.2465277777777778 0.09945750452079566 0.07083333333333333
0 0.3887884267631103 0.4666666666666667 0.06871609403254973 0.05277777777777778
0 0.6880650994575045 0.3076388888888889 0.0705244122965642 0.07916666666666666
0 0.7079566003616636 0.5097222222222222 0.06690777576853527 0.08888888888888889
0 0.798372513562387 0.31666666666666665 0.08860759493670886 0.058333333333333334
0 0.8227848101265823 0.5493055555555556 0.10126582278481013 0.0763888888888889
0 0.8842676311030742 0.5888888888888889 0.07233273056057866 0.016666666666666666
0 0.720614828209765 0.7944444444444444 0.08499095840867993 0.09444444444444444
