0 0.42610364683301344 0.13471502590673576 0.1343570057581574 0.13241220495106507
0 0.46833013435700577 0.29620034542314333 0.18426103646833014 0.16637881404720783
0 0.5124760076775432 0.4386873920552677 0.1381957773512476 0.1001727115716753
0 0.5124760076775432 0.5310880829015544 0.19193857965451055 0.05469199769717904
0 0.5527831094049904 0.6597582037996546 0.15738963531669867 0.1807714450201497
0 0.572936660268714 0.7829591249280369 0.14395393474088292 0.057570523891767415
0 0.21401151631477927 0.09930915371329879 0.11324376199616124 0.0535405872193437
0 0.190978886756238 0.15630397236614854 0.12092130518234165 0.06044905008635579
0 0.1708253358925144 0.22251007484168106 0.10748560460652591 0.0535405872193437
0 0.1401151631477927 0.28929188255613125 0.1420345489443378 0.0535405872193437
