0 0.9060446780551905 0.1721311475409836 0.08804204993429698 0.1223203026481715
0 0.8699080157687253 0.33354350567465324 0.0735873850197109 0.17528373266078184
0 0.8613666228646518 0.44955863808322827 0.056504599211563734 0.06683480453972257
0 0.7542706964520368 0.07061790668348046 0.08935611038107753 0.0605296343001261
0 0.7431011826544021 0.20113493064312737 0.05913272010512484 0.1601513240857503
0 0.7339027595269383 0.35435056746532156 0.04336399474375821 0.0807061790668348
0 0.7102496714848883 0.5264817150063051 0.09592641261498029 0.15258511979823455
0 0.6419185282522996 0.09962168978562422 0.07752956636005257 0.15889029003783103
0 0.6373193166885677 0.2717528373266078 0.10775295663600526 0.1424968474148802
0 0.6274638633377135 0.42055485498108447 0.08278580814717477 0.10718789407313997
0 0.6208935611038108 0.5561160151324086 0.07227332457293036 0.14123581336696092
0 0.6097240473061761 0.692938209331652 0.06307490144546649 0.08953341740226986
0 0.5065703022339028 0.4369482976040353 0.1038107752956636 0.17780580075662042
0 0.519053876478318 0.6015132408575031 0.12089356110381078 0.09331651954602774
0 0.4126149802890933 0.27616645649432536 0.10512483574244415 0.15384615384615385
0 0.39750328515111694 0.48360655737704916 0.06701708278580815 0.21059268600252207
0 0.2720105124835742 0.2793190416141236 0.11300919842312747 0.21311475409836064
