0 0.5399590163934426 0.21897810218978103 0.06147540983606557 0.06934306569343066
0 0.5348360655737705 0.3170620437956204 0.030737704918032786 0.05018248175182482
0 0.516905737704918 0.4215328467153285 0.0584016393442623 0.09671532846715329
0 0.5973360655737705 0.19844890510948904 0.055327868852459015 0.06478102189781022
0 0.5881147540983607 0.29288321167883213 0.04918032786885246 0.060218978102189784
0 0.5870901639344263 0.39233576642335766 0.04918032786885246 0.11861313868613138
0 0.5589139344262295 0.5022810218978102 0.07274590163934426 0.09397810218978102
0 0.6818647540983607 0.23083941605839417 0.06659836065573771 0.09854014598540146
0 0.6736680327868853 0.3362226277372263 0.05635245901639344 0.09397810218978102
0 0.6752049180327869 0.4516423357664234 0.05122950819672131 0.06386861313868614
0 0.44774590163934425 0.25593065693430656 0.07377049180327869 0.05200729927007299
0 0.4395491803278688 0.33667883211678834 0.04918032786885246 0.09306569343065693
0 0.4410860655737705 0.4530109489051095 0.06659836065573771 0.09762773722627738
