0 0.2967213114754098 0.20806241872561768 0.13442622950819672 0.0858257477243173
0 0.33278688524590166 0.3107932379713914 0.10163934426229508 0.0858257477243173
0 0.3442622950819672 0.38491547464239273 0.06557377049180328 0.031209362808842653
0 0.3885245901639344 0.4726918075422627 0.11475409836065574 0.07672301690507152
0 0.43934426229508194 0.15604681404421328 0.1180327868852459 0.05721716514954486
0 0.46557377049180326 0.25617685305591675 0.12459016393442623 0.054616384915474644
0 0.5180327868852459 0.40507152145643693 0.11147540983606558 0.045513654096228866
0 0.5049180327868853 0.5019505851755527 0.07868852459016394 0.09102730819245773
0 0.29508196721311475 0.5838751625487646 0.13114754098360656 0.09102730819245773
0 0.6360655737704918 0.44733420026007803 0.10491803278688525 0.02340702210663199
0 0.6327868852459017 0.49024707412223667 0.05245901639344262 0.05201560468140442
0 0.6655737704918033 0.17490247074122237 0.09180327868852459 0.08452535760728218
0 0.24098360655737705 0.10533159947984395 0.14098360655737704 0.06501950585175553
0 0.680327868852459 0.5344603381014305 0.10819672131147541 0.033810143042912875
0 0.8114754098360656 0.22106631989596878 0.08196721311475409 0.036410923276983094
