0 0.2704 0.0771484375 0.1088 0.052734375
0 0.2232 0.14192708333333334 0.0784 0.06510416666666667
0 0.1824 0.22819010416666666 0.1024 0.09440104166666667
0 0.1488 0.3131510416666667 0.1504 0.052083333333333336
0 0.1656 0.3782552083333333 0.1072 0.046875
0 0.1976 0.4524739583333333 0.0976 0.0703125
0 0.3576 0.74609375 0.0656 0.01953125
0 0.3624 0.3444010416666667 0.0816 0.015625
0 0.348 0.6145833333333334 0.072 0.024739583333333332
0 0.2072 0.7633463541666666 0.0848 0.048828125
0 0.196 0.837890625 0.0688 0.0703125
0 0.388 0.375 0.088 0.013020833333333334
