0 0.7086720867208672 0.247074122236671 0.07317073170731707 0.04681404421326398
0 0.7005420054200542 0.3381014304291287 0.10569105691056911 0.07802340702210664
0 0.6951219512195121 0.46553966189856955 0.06775067750677506 0.08062418725617686
0 0.5447154471544715 0.2789336801040312 0.16260162601626016 0.12093628088426528
0 0.5284552845528455 0.42002600780234073 0.15176151761517614 0.08322496749024708
0 0.35636856368563685 0.30039011703511054 0.13821138211382114 0.1482444733420026
0 0.37262872628726285 0.4447334200260078 0.08943089430894309 0.054616384915474644
0 0.7222222222222222 0.5286085825747724 0.08943089430894309 0.016905071521456438
0 0.3997289972899729 0.5962288686605982 0.15989159891598917 0.12613784135240572
0 0.5799457994579946 0.5767230169050716 0.12466124661246612 0.07152145643693109
0 0.6056910569105691 0.6599479843953185 0.08401084010840108 0.06892067620286085
