0 0.40700218818380746 0.5870726495726496 0.07439824945295405 0.05235042735042735
0 0.40809628008752735 0.6575854700854701 0.06345733041575492 0.05448717948717949
0 0.4803063457330416 0.5908119658119658 0.05032822757111598 0.04487179487179487
0 0.474835886214442 0.6517094017094017 0.061269146608315096 0.053418803418803416
0 0.5404814004376368 0.592948717948718 0.0525164113785558 0.05555555555555555
0 0.550328227571116 0.6634615384615384 0.05032822757111598 0.05982905982905983
0 0.424507658643326 0.25267094017094016 0.06564551422319474 0.06303418803418803
0 0.4179431072210066 0.32371794871794873 0.07439824945295405 0.03418803418803419
0 0.5076586433260394 0.24305555555555555 0.04814004376367615 0.050213675213675216
0 0.5076586433260394 0.31036324786324787 0.0700218818380744 0.07158119658119658
0 0.563457330415755 0.24305555555555555 0.04157549234135667 0.050213675213675216
