0 0.703133589884552 0.1717557251908397 0.056074766355140186 0.0648854961832061
0 0.7363936228697087 0.23695928753180662 0.036833424958768554 0.05407124681933842
0 0.762781748213304 0.31838422391857507 0.03793293018141836 0.0693384223918575
0 0.7759758108851017 0.4176208651399491 0.028037383177570093 0.0846055979643766
0 0.26663001649257834 0.19020356234096691 0.04507971412864211 0.07124681933842239
0 0.22869708631115998 0.27067430025445294 0.028587135788894998 0.07315521628498728
0 0.21357888949972512 0.3508269720101781 0.026937877954920284 0.05534351145038168
0 0.27817482133040133 0.42843511450381677 0.029686641011544807 0.03244274809160305
0 0.35761407366684994 0.30407124681933845 0.031335898845519516 0.06361323155216285
0 0.28257284222100054 0.31265903307888043 0.032985156679494226 0.02099236641221374
0 0.348543155579989 0.19720101781170485 0.02308960967564596 0.027989821882951654
0 0.4576690489279824 0.21405852417302798 0.02473886750962067 0.06806615776081425
0 0.4365035733919736 0.2595419847328244 0.030786146234194612 0.03435114503816794
0 0.5291368884002199 0.2627226463104326 0.030236393622869707 0.03816793893129771
0 0.6275426058273776 0.20165394402035625 0.026937877954920284 0.027989821882951654
0 0.6115997800989554 0.30470737913486007 0.058823529411764705 0.06743002544529263
0 0.6220450797141286 0.38549618320610685 0.018141836173721827 0.03689567430025445
0 0.6990104452996152 0.2948473282442748 0.030236393622869707 0.02862595419847328
0 0.7006597031335899 0.41475826972010177 0.026937877954920284 0.02544529262086514
0 0.4496976360637713 0.4064885496183206 0.052776250687190766 0.0648854961832061
0 0.35514018691588783 0.40012722646310434 0.019791094007696537 0.04071246819338423
0 0.39912039582188014 0.5216284987277354 0.024189114898295765 0.04071246819338423
0 0.5695437053326003 0.49268447837150126 0.025288620120945574 0.03371501272264631
0 0.3595382078064871 0.09414758269720101 0.02308960967564596 0.022900763358778626
0 0.4370533260032985 0.10178117048346055 0.029686641011544807 0.01272264631043257
0 0.5384826827927433 0.09923664122137404 0.026937877954920284 0.01272264631043257
0 0.6146234194612424 0.10591603053435114 0.020890599230346345 0.018447837150127225
0 0.42715777899945023 0.628498727735369 0.019791094007696537 0.03689567430025445
