0 0.2403846153846154 0.04363479262672811 0.06643356643356643 0.04118663594470046
0 0.3155594405594406 0.03398617511520737 0.07517482517482517 0.02476958525345622
0 0.31774475524475526 0.06480414746543779 0.07080419580419581 0.039746543778801845
0 0.3006993006993007 0.1012384792626728 0.045454545454545456 0.02217741935483871
0 0.15734265734265734 0.05731566820276498 0.06643356643356643 0.04377880184331797
0 0.22377622377622378 0.09086981566820276 0.057692307692307696 0.023329493087557603
0 0.2172202797202797 0.12255184331797235 0.062062937062937064 0.03715437788018433
0 0.11538461538461539 0.14444124423963134 0.09090909090909091 0.034274193548387094
0 0.21547202797202797 0.17669930875576037 0.04108391608391608 0.016417050691244238
0 0.604458041958042 0.559331797235023 0.062062937062937064 0.029953917050691243
0 0.6713286713286714 0.553139400921659 0.045454545454545456 0.023329493087557603
0 0.6293706293706294 0.5908698156682027 0.06293706293706294 0.0244815668202765
0 0.673513986013986 0.5921658986175116 0.049825174825174824 0.032834101382488476
0 0.7377622377622378 0.5901497695852534 0.045454545454545456 0.02880184331797235
0 0.7041083916083916 0.7272465437788018 0.07080419580419581 0.02880184331797235
0 0.7189685314685315 0.7567684331797235 0.05856643356643357 0.027361751152073732
0 0.7897727272727273 0.8706797235023042 0.05856643356643357 0.029953917050691243
0 0.8483391608391608 0.8699596774193549 0.049825174825174824 0.02620967741935484
0 0.8085664335664335 0.9016417050691244 0.07867132867132867 0.023329493087557603
0 0.8212412587412588 0.9235311059907834 0.07080419580419581 0.023329493087557603
0 0.7666083916083916 0.7184619815668203 0.05419580419580419 0.03542626728110599
0 0.7836538461538461 0.7684331797235023 0.04632867132867133 0.039746543778801845
