0 0.5833333333333334 0.18338477366255143 0.1 0.06327160493827161
0 0.5972222222222222 0.25900205761316875 0.12777777777777777 0.07253086419753087
0 0.6027777777777777 0.31738683127572015 0.125 0.03806584362139918
0 0.6347222222222222 0.3647119341563786 0.125 0.046296296296296294
0 0.64375 0.4279835390946502 0.10694444444444444 0.06995884773662552
0 0.6791666666666667 0.5092592592592593 0.08611111111111111 0.07921810699588477
0 0.7520833333333333 0.5902777777777778 0.10416666666666667 0.07253086419753087
0 0.7680555555555556 0.6738683127572016 0.12222222222222222 0.06584362139917696
0 0.40347222222222223 0.11419753086419752 0.14583333333333334 0.043209876543209874
0 0.4027777777777778 0.17618312757201646 0.16666666666666666 0.05709876543209876
0 0.38333333333333336 0.2440843621399177 0.1638888888888889 0.06327160493827161
0 0.36736111111111114 0.3397633744855967 0.15416666666666667 0.09619341563786009
0 0.3590277777777778 0.42412551440329216 0.15694444444444444 0.05401234567901234
0 0.33541666666666664 0.511059670781893 0.10972222222222222 0.07767489711934156
0 0.3104166666666667 0.588477366255144 0.12361111111111112 0.06584362139917696
0 0.3138888888888889 0.6679526748971193 0.1388888888888889 0.09104938271604938
0 0.30486111111111114 0.7484567901234568 0.1486111111111111 0.051440329218107
0 0.30694444444444446 0.823045267489712 0.10277777777777777 0.06893004115226338
