0 0.2271880819366853 0.33146067415730335 0.0633147113594041 0.05056179775280899
0 0.5493482309124768 0.32935393258426965 0.0595903165735568 0.05196629213483146
0 0.8072625698324022 0.1601123595505618 0.09124767225325885 0.09831460674157304
0 0.776536312849162 0.24087078651685392 0.1005586592178771 0.060393258426966294
0 0.7700186219739292 0.3125 0.054003724394785846 0.060393258426966294
0 0.776536312849162 0.5196629213483146 0.14152700186219738 0.16573033707865167
0 0.43109869646182497 0.34620786516853935 0.08752327746741155 0.11095505617977527
0 0.46461824953445063 0.1952247191011236 0.054003724394785846 0.10112359550561797
0 0.34916201117318435 0.23665730337078653 0.07635009310986965 0.10814606741573034
0 0.25605214152700184 0.23876404494382023 0.054003724394785846 0.09831460674157304
0 0.2271880819366853 0.6158707865168539 0.048417132216014895 0.04073033707865169
0 0.5847299813780261 0.5990168539325843 0.0633147113594041 0.05196629213483146
