0 0.433115823817292 0.1455965909090909 0.08319738988580751 0.09517045454545454
0 0.4298531810766721 0.27698863636363635 0.0766721044045677 0.07670454545454546
0 0.4257748776508972 0.5717329545454546 0.09461663947797716 0.15767045454545456
0 0.31484502446982054 0.2372159090909091 0.08482871125611746 0.13068181818181818
0 0.27569331158238175 0.3664772727272727 0.05546492659053834 0.017045454545454544
0 0.5505709624796085 0.2109375 0.057096247960848286 0.08664772727272728
0 0.5424143556280587 0.28480113636363635 0.03425774877650897 0.03835227272727273
0 0.5554649265905384 0.3671875 0.06688417618270799 0.052556818181818184
0 0.5513866231647635 0.5518465909090909 0.05872756933115824 0.09801136363636363
0 0.5570962479608483 0.6669034090909091 0.0636215334420881 0.08664772727272728
0 0.6435562805872757 0.2109375 0.0636215334420881 0.05823863636363636
0 0.6223491027732463 0.31107954545454547 0.06688417618270799 0.11079545454545454
0 0.6394779771615008 0.6065340909090909 0.08809135399673736 0.10795454545454546
0 0.7536704730831973 0.2599431818181818 0.07177814029363784 0.07670454545454546
0 0.6835236541598695 0.3671875 0.06199021207177814 0.04403409090909091
