0 0.3784090909090909 0.6661300708306503 0.10681818181818181 0.023824855119124275
0 0.4 0.7205408886027045 0.07272727272727272 0.0669671603348358
0 0.3795454545454545 0.7884739214423696 0.05 0.031551835157759174
0 0.3931818181818182 0.8435286542176432 0.10454545454545454 0.06825499034127495
0 0.5329545454545455 0.7050869285254346 0.125 0.0849967804249839
0 0.49772727272727274 0.8081133290405667 0.09090909090909091 0.07340631036703155
0 0.3170454545454545 0.11912427559562137 0.08409090909090909 0.0592401802962009
0 0.2988636363636364 0.16645202833226014 0.10227272727272728 0.022537025112685124
0 0.2988636363636364 0.2037990985189955 0.09318181818181819 0.05215711526078558
0 0.4715909090909091 0.1493882807469414 0.16136363636363638 0.0695428203477141
