0 0.18944844124700239 0.3432510885341074 0.03836930455635491 0.06821480406386067
0 0.18585131894484413 0.4310595065312046 0.06474820143884892 0.08127721335268505
0 0.19784172661870503 0.5036284470246735 0.045563549160671464 0.04354136429608128
0 0.19424460431654678 0.5667634252539913 0.0815347721822542 0.06821480406386067
0 0.27218225419664266 0.3439767779390421 0.06474820143884892 0.0841799709724238
0 0.27218225419664266 0.4216255442670537 0.06474820143884892 0.04499274310595065
0 0.28177458033573144 0.49709724238026126 0.07434052757793765 0.08563134978229318
0 0.37889688249400477 0.3548621190130624 0.11031175059952038 0.08272859216255443
0 0.38489208633093525 0.46734397677793904 0.08393285371702638 0.09579100145137881
0 0.4832134292565947 0.40493468795355586 0.02158273381294964 0.06966618287373004
0 0.579136690647482 0.3548621190130624 0.08393285371702638 0.06531204644412192
0 0.5707434052757794 0.420899854862119 0.11031175059952038 0.040638606676342524
0 0.7601918465227818 0.37445573294629897 0.09112709832134293 0.03193033381712627
0 0.43884892086330934 0.25181422351233673 0.15827338129496402 0.047895500725689405
0 0.2314148681055156 0.20609579100145137 0.09832134292565947 0.11611030478955008
