0 0.8762993762993763 0.10681520314547838 0.05197505197505198 0.07470511140235911
0 0.8711018711018711 0.182175622542595 0.033264033264033266 0.04193971166448231
0 0.8762993762993763 0.2595019659239843 0.07276507276507277 0.06028833551769332
0 0.8669438669438669 0.3381389252948886 0.058212058212058215 0.0655307994757536
0 0.8565488565488566 0.4325032765399738 0.09147609147609148 0.1127129750982962
0 0.840956340956341 0.5517693315858454 0.0893970893970894 0.07077326343381389
0 0.7869022869022869 0.1526867627785059 0.10602910602910603 0.1218872870249017
0 0.7681912681912682 0.3237221494102228 0.1101871101871102 0.1127129750982962
0 0.7557172557172557 0.42988204456094364 0.0893970893970894 0.04456094364351245
0 0.737006237006237 0.5216251638269986 0.10602910602910603 0.09174311926605505
0 0.5176715176715176 0.49934469200524245 0.08316008316008316 0.057667103538663174
0 0.14345114345114346 0.2837483617300131 0.05405405405405406 0.035386631716906945
0 0.5550935550935551 0.2817824377457405 0.08316008316008316 0.05242463958060288
