0 0.2871819960861057 0.2349264705882353 0.049902152641878667 0.08308823529411764
0 0.29549902152641877 0.32573529411764707 0.03913894324853229 0.07205882352941176
0 0.275440313111546 0.40147058823529413 0.03424657534246575 0.03823529411764706
0 0.26810176125244617 0.48566176470588235 0.04500978473581213 0.06544117647058824
0 0.2759295499021526 0.5875 0.05675146771037182 0.057352941176470586
0 0.2744618395303327 0.6536764705882353 0.053816046966731895 0.058823529411764705
0 0.275440313111546 0.7316176470588235 0.07338551859099804 0.047058823529411764
0 0.2744618395303327 0.8113970588235294 0.053816046966731895 0.06691176470588235
0 0.38649706457925637 0.19264705882352942 0.046966731898238745 0.04411764705882353
0 0.3801369863013699 0.2529411764705882 0.04403131115459882 0.057352941176470586
0 0.7583170254403131 0.30514705882352944 0.04892367906066536 0.014705882352941176
0 0.62720156555773 0.3371323529411765 0.0410958904109589 0.022794117647058822
0 0.46673189823874756 0.33676470588235297 0.03522504892367906 0.023529411764705882
0 0.7646771037181996 0.48455882352941176 0.03424657534246575 0.033823529411764704
0 0.6066536203522505 0.4801470588235294 0.03913894324853229 0.030882352941176472
0 0.476027397260274 0.44338235294117645 0.026418786692759294 0.016176470588235296
0 0.47015655577299414 0.46691176470588236 0.03228962818003914 0.027941176470588237
0 0.3698630136986301 0.4522058823529412 0.0410958904109589 0.025
0 0.7852250489236791 0.5948529411764706 0.03228962818003914 0.01911764705882353
0 0.6394324853228963 0.6102941176470589 0.03228962818003914 0.04411764705882353
0 0.45499021526418787 0.6036764705882353 0.029354207436399216 0.04411764705882353
0 0.6374755381604696 0.756985294117647 0.036203522504892366 0.019852941176470587
0 0.4569471624266145 0.7518382352941176 0.033268101761252444 0.022794117647058822
0 0.512720156555773 0.8316176470588236 0.021526418786692758 0.016176470588235296
0 0.5058708414872799 0.8551470588235294 0.03522504892367906 0.029411764705882353
