0 0.646875 0.10531004989308625 0.03221153846153846 0.02886671418389166
0 0.6709134615384615 0.13898788310762653 0.01971153846153846 0.027797576621525304
0 0.6903846153846154 0.16553813257305774 0.026923076923076925 0.014611546685673557
0 0.640625 0.21364932287954383 0.040865384615384616 0.0345687811831789
0 0.6709134615384615 0.20901639344262296 0.03028846153846154 0.038132573057733425
0 0.7072115384615385 0.20491803278688525 0.035576923076923075 0.03563791874554526
0 0.7199519230769231 0.2434069850320741 0.028365384615384615 0.027797576621525304
0 0.725 0.28296507483962935 0.035576923076923075 0.03563791874554526
0 0.7278846153846154 0.3191375623663578 0.0375 0.021026372059871703
0 0.7278846153846154 0.38863150392017104 0.026923076923076925 0.03029223093371347
0 0.7305288461538462 0.4262295081967213 0.02451923076923077 0.03706343549536707
0 0.7740384615384616 0.39451176051318604 0.026923076923076925 0.026372059871703494
0 0.8036057692307692 0.3950463292943692 0.021634615384615384 0.03029223093371347
0 0.76875 0.441375623663578 0.03365384615384615 0.038132573057733425
0 0.3540865384615385 0.20830363506771205 0.03028846153846154 0.0345687811831789
0 0.33533653846153844 0.11457590876692801 0.03221153846153846 0.02886671418389166
0 0.2985576923076923 0.1430862437633642 0.0375 0.03029223093371347
0 0.27548076923076925 0.17533856022808267 0.026923076923076925 0.023521026372059873
0 0.303125 0.20367070563079115 0.04951923076923077 0.038132573057733425
0 0.25072115384615384 0.21240199572344975 0.03413461538461538 0.03421240199572345
0 0.24783653846153847 0.2459016393442623 0.03221153846153846 0.03278688524590164
0 0.24711538461538463 0.28367783321454026 0.026923076923076925 0.03706343549536707
0 0.6629807692307692 0.3667141838916607 0.025 0.026372059871703494
0 0.6396634615384615 0.36617961511047753 0.013942307692307693 0.011760513186029936
0 0.23557692307692307 0.38114754098360654 0.03173076923076923 0.03171774768353528
0 0.24350961538461538 0.4233784746970777 0.03413461538461538 0.03706343549536707
0 0.2016826923076923 0.39112615823235924 0.02451923076923077 0.02744119743406985
0 0.20889423076923078 0.43068424803991445 0.03221153846153846 0.040983606557377046
0 0.16706730769230768 0.396471846044191 0.026442307692307692 0.03314326443335709
0 0.16778846153846153 0.4374554526015681 0.025 0.03029223093371347
0 0.20985576923076923 0.5416963649322879 0.03028846153846154 0.03563791874554526
0 0.1858173076923077 0.5568424803991446 0.017788461538461538 0.04240912330719886
0 0.24519230769230768 0.546863863150392 0.026923076923076925 0.03029223093371347
0 0.2675480769230769 0.5871347113328581 0.03221153846153846 0.02886671418389166
0 0.26129807692307694 0.6135067712045617 0.026442307692307692 0.016037063435495366
0 0.25769230769230766 0.6585887384176764 0.026923076923076925 0.026372059871703494
0 0.25961538461538464 0.6974340698503207 0.023076923076923078 0.03563791874554526
0 0.33774038461538464 0.6749821810406272 0.01971153846153846 0.009265858873841768
0 0.3389423076923077 0.6960085531004989 0.025 0.019957234497505347
0 0.6370192307692307 0.647184604419102 0.03365384615384615 0.06200997861724875
0 0.5603365384615384 0.687455452601568 0.01971153846153846 0.026372059871703494
0 0.5079326923076923 0.6862081254454739 0.017788461538461538 0.023877405559515324
0 0.475 0.6808624376336422 0.026923076923076925 0.018175338560228082
0 0.4411057692307692 0.7442979330007128 0.01971153846153846 0.02886671418389166
0 0.47139423076923076 0.740199572344975 0.015865384615384615 0.018531717747683536
0 0.510576923076923 0.7455452601568069 0.026923076923076925 0.029223093371347115
0 0.5444711538461539 0.7567712045616536 0.023557692307692307 0.022451888809693513
0 0.7295673076923077 0.6307911617961511 0.01971153846153846 0.03421240199572345
0 0.7331730769230769 0.6769422665716323 0.0375 0.0473984319315752
0 0.7091346153846154 0.7362794012829651 0.03942307692307692 0.03706343549536707
0 0.6663461538461538 0.7170349251603706 0.035576923076923075 0.03563791874554526
0 0.7286057692307693 0.546863863150392 0.028365384615384615 0.02744119743406985
0 0.76875 0.5408054169636494 0.026923076923076925 0.03171774768353528
0 0.7341346153846153 0.5805416963649322 0.025 0.029223093371347115
0 0.7598557692307693 0.5751960085531005 0.015865384615384615 0.029223093371347115
0 0.5533653846153846 0.5206699928724162 0.023076923076923078 0.03563791874554526
0 0.5158653846153847 0.42676407697790447 0.03365384615384615 0.03029223093371347
0 0.584375 0.4485032074126871 0.028365384615384615 0.016037063435495366
0 0.3112980769230769 0.6227726300784034 0.026442307692307692 0.013186029935851747
0 0.6673076923076923 0.5311831789023521 0.026923076923076925 0.014611546685673557
