0 0.1115979381443299 0.34892584892584894 0.03350515463917526 0.036036036036036036
0 0.1154639175257732 0.39345114345114346 0.02577319587628866 0.02390852390852391
0 0.18195876288659793 0.4067914067914068 0.027835051546391754 0.018711018711018712
0 0.20670103092783504 0.4747054747054747 0.02577319587628866 0.03187803187803188
0 0.13144329896907217 0.507969507969508 0.029896907216494847 0.03465003465003465
0 0.12422680412371134 0.5620235620235621 0.031958762886597936 0.033264033264033266
0 0.2157216494845361 0.6202356202356203 0.039690721649484534 0.03465003465003465
0 0.21958762886597938 0.6533264033264033 0.027835051546391754 0.02668052668052668
0 0.21649484536082475 0.6813929313929314 0.02577319587628866 0.029452529452529453
0 0.22654639175257732 0.7153499653499653 0.03350515463917526 0.028066528066528068
0 0.236340206185567 0.7527720027720027 0.05 0.028066528066528068
0 0.2520618556701031 0.7846500346500347 0.021649484536082474 0.030838530838530838
0 0.275 0.8061330561330561 0.03556701030927835 0.025294525294525295
0 0.30463917525773193 0.8258835758835759 0.023711340206185566 0.028066528066528068
0 0.21469072164948452 0.2843035343035343 0.03350515463917526 0.04261954261954262
0 0.20747422680412372 0.32415107415107414 0.04381443298969072 0.029452529452529453
0 0.26597938144329897 0.14431739431739432 0.05360824742268041 0.04539154539154539
0 0.2175257731958763 0.23562023562023562 0.027835051546391754 0.02772002772002772
0 0.3819587628865979 0.18693693693693694 0.023711340206185566 0.021136521136521137
0 0.5515463917525774 0.18693693693693694 0.02577319587628866 0.021136521136521137
0 0.4463917525773196 0.18018018018018017 0.021649484536082474 0.018711018711018712
0 0.7597938144329897 0.3316008316008316 0.049484536082474224 0.038808038808038806
0 0.7708762886597939 0.2836105336105336 0.039690721649484534 0.044005544005544
0 0.7608247422680412 0.20166320166320167 0.031958762886597936 0.040194040194040194
0 0.7201030927835051 0.21032571032571032 0.029896907216494847 0.02286902286902287
0 0.8677835051546392 0.34424809424809427 0.031443298969072164 0.04539154539154539
0 0.872680412371134 0.3908523908523909 0.029896907216494847 0.037422037422037424
0 0.586340206185567 0.4727997227997228 0.020103092783505156 0.02252252252252252
0 0.4128865979381443 0.5242550242550242 0.029896907216494847 0.018711018711018712
0 0.30876288659793816 0.5226957726957727 0.023711340206185566 0.02390852390852391
0 0.30257731958762885 0.5514553014553014 0.027835051546391754 0.012127512127512128
0 0.2997422680412371 0.6408523908523909 0.029381443298969072 0.025294525294525295
0 0.34845360824742266 0.7872487872487872 0.027835051546391754 0.020097020097020097
0 0.5742268041237113 0.6408523908523909 0.027835051546391754 0.025294525294525295
0 0.711340206185567 0.6493416493416494 0.027835051546391754 0.021483021483021482
0 0.7806701030927835 0.6181566181566182 0.03556701030927835 0.033264033264033266
0 0.7827319587628866 0.661988911988912 0.039690721649484534 0.038461538461538464
0 0.7786082474226804 0.7027027027027027 0.02731958762886598 0.03187803187803188
0 0.7657216494845361 0.7441094941094941 0.029381443298969072 0.029452529452529453
0 0.7469072164948454 0.783957033957034 0.01958762886597938 0.039847539847539845
0 0.6974226804123711 0.5313582813582813 0.023711340206185566 0.02252252252252252
0 0.7002577319587628 0.47557172557172556 0.03350515463917526 0.02252252252252252
0 0.8162371134020618 0.5348232848232848 0.02731958762886598 0.04261954261954262
0 0.40876288659793814 0.5774428274428275 0.02577319587628866 0.02390852390852391
0 0.5871134020618557 0.5348232848232848 0.029896907216494847 0.02390852390852391
0 0.5731958762886598 0.34944559944559944 0.02577319587628866 0.029452529452529453
0 0.4634020618556701 0.3269230769230769 0.031958762886597936 0.02668052668052668
0 0.40463917525773196 0.34026334026334026 0.02577319587628866 0.018711018711018712
0 0.6734536082474227 0.2702702702702703 0.04793814432989691 0.017325017325017324
0 0.4327319587628866 0.772002772002772 0.03762886597938144 0.024255024255024255
