0 0.819001386962552 0.6372881355932203 0.07350901525658807 0.024213075060532687
0 0.8273231622746186 0.6753026634382566 0.04299583911234397 0.03631961259079903
0 0.848127600554785 0.7217917675544794 0.05409153952843273 0.0324455205811138
0 0.8058252427184466 0.7704600484261501 0.09986130374479889 0.048426150121065374
0 0.6456310679611651 0.6438256658595641 0.07350901525658807 0.021791767554479417
0 0.6074895977808599 0.7338983050847457 0.06657420249653259 0.02953995157384988
0 0.6789181692094314 0.45084745762711864 0.09292649098474341 0.049394673123486686
0 0.7981969486823856 0.43656174334140435 0.05409153952843273 0.04019370460048426
0 0.5762829403606102 0.5208232445520581 0.0957004160887656 0.022760290556900726
0 0.5804438280166435 0.55181598062954 0.08737864077669903 0.03341404358353511
0 0.8002773925104022 0.3445520581113801 0.08876560332871013 0.06828087167070218
0 0.7267683772538142 0.18595641646489103 0.0970873786407767 0.03099273607748184
0 0.4264909847434119 0.213317191283293 0.08183079056865465 0.0324455205811138
0 0.3377253814147018 0.20266343825665858 0.0651872399445215 0.043099273607748186
0 0.29542302357836336 0.29322033898305083 0.07212205270457697 0.03631961259079903
0 0.16990291262135923 0.2791767554479419 0.08460471567267684 0.043099273607748186
0 0.26282940360610263 0.4777239709443099 0.08460471567267684 0.03341404358353511
0 0.25312066574202496 0.5779661016949152 0.07350901525658807 0.04019370460048426
0 0.35159500693481277 0.5825665859564164 0.05409153952843273 0.0387409200968523
0 0.15464632454923716 0.5707021791767555 0.06241331484049931 0.03631961259079903
0 0.1664355062413315 0.5314769975786925 0.07766990291262135 0.025665859564164648
0 0.15256588072122051 0.4765133171912833 0.05825242718446602 0.04455205811138015
0 0.18585298196948682 0.40314769975786924 0.10818307905686546 0.026634382566585957
0 0.4147018030513176 0.43002421307506056 0.08044382801664356 0.03486682808716707
0 0.39389736477115117 0.31307506053268763 0.07766990291262135 0.018886198547215495
0 0.3342579750346741 0.11041162227602906 0.08044382801664356 0.0387409200968523
0 0.4840499306518724 0.17433414043583534 0.08044382801664356 0.04552058111380145
0 0.5457697642163661 0.6426150121065375 0.04299583911234397 0.03486682808716707
