0 0.3773148148148148 0.5540398740818469 0.14351851851851852 0.09024134312696747
0 0.3900462962962963 0.6794333683105981 0.1550925925925926 0.1248688352570829
0 0.2951388888888889 0.18730325288562436 0.09490740740740741 0.08709338929695698
0 0.2847222222222222 0.3174186778593914 0.11574074074074074 0.09968520461699895
0 0.2777777777777778 0.425498426023085 0.1388888888888889 0.10388247639034627
0 0.4675925925925926 0.3132214060860441 0.14351851851851852 0.06820566631689402
0 0.4652777777777778 0.4181532004197272 0.11574074074074074 0.08499475341028331
0 0.6319444444444444 0.3079748163693599 0.09722222222222222 0.08919202518363065
0 0.6574074074074074 0.4228751311647429 0.08333333333333333 0.09863588667366212
0 0.4976851851851852 0.19779643231899266 0.10185185185185185 0.07869884575026233
0 0.5960648148148148 0.5944386149003148 0.09490740740740741 0.16684155299055614
0 0.7569444444444444 0.6773347324239245 0.11574074074074074 0.080797481636936
