0 0.28702807357212 0.13834635416666666 0.07454017424975799 0.10611979166666667
0 0.2739593417231365 0.2571614583333333 0.08131655372700872 0.10546875
0 0.2744433688286544 0.3509114583333333 0.05324298160696999 0.05078125
0 0.28751210067763794 0.4514973958333333 0.09486931268151017 0.09440104166666667
0 0.2787996127783156 0.5641276041666666 0.09486931268151017 0.091796875
0 0.2749273959341723 0.650390625 0.08712487899322362 0.057291666666666664
0 0.5121006776379478 0.16015625 0.0909970958373669 0.11848958333333333
0 0.510164569215876 0.2897135416666667 0.07163601161665054 0.109375
0 0.510648596321394 0.392578125 0.04356243949661181 0.0546875
0 0.5440464666021297 0.4817708333333333 0.08325266214908035 0.09375
0 0.5537270087124879 0.6051432291666666 0.08325266214908035 0.09440104166666667
0 0.542110358180058 0.7083333333333334 0.11035818005808325 0.07942708333333333
0 0.39448209099709586 0.15625 0.06098741529525654 0.08333333333333333
0 0.39351403678606 0.2431640625 0.04356243949661181 0.047526041666666664
0 0.41045498547918685 0.3395182291666667 0.0968054211035818 0.11263020833333333
0 0.4085188770571152 0.4612630208333333 0.09293320425943853 0.10611979166666667
0 0.4181994191674734 0.5654296875 0.08131655372700872 0.083984375
0 0.41045498547918685 0.6702473958333334 0.12003872216844143 0.08919270833333333
0 0.6476282671829623 0.16373697916666666 0.08131655372700872 0.10611979166666667
0 0.6616650532429816 0.2711588541666667 0.07260406582768635 0.087890625
0 0.6819941916747337 0.3606770833333333 0.031945788964181994 0.057291666666666664
0 0.68054211035818 0.4739583333333333 0.08712487899322362 0.11588541666666667
0 0.707647628267183 0.5807291666666666 0.0755082284607938 0.08203125
0 0.7153920619554696 0.703125 0.10261374636979671 0.125
0 0.14908034849951599 0.2373046875 0.08712487899322362 0.09700520833333333
0 0.13601161665053244 0.3388671875 0.04549854791868345 0.052734375
0 0.12729912875121008 0.4524739583333333 0.0590513068731849 0.11067708333333333
