0 0.6538722826086957 0.1912980068060282 0.049592391304347824 0.025765678172095283
0 0.6623641304347826 0.24890617403986387 0.03940217391304348 0.05930967428293631
0 0.6681385869565217 0.3189110354885756 0.03192934782608696 0.04083616917841517
0 0.6756114130434783 0.3857559552746718 0.06182065217391304 0.05785123966942149
0 0.678328804347826 0.48176956733106463 0.06046195652173913 0.06611570247933884
0 0.6936141304347826 0.5943121050072921 0.08288043478260869 0.08118619348565873
0 0.5706521739130435 0.2965483714146816 0.06793478260869565 0.0904229460379193
0 0.5886548913043478 0.38235294117647056 0.03192934782608696 0.040350024307243555
0 0.5743885869565217 0.45940690325717065 0.07540760869565218 0.07875546912980068
0 0.571671195652174 0.5554205153135634 0.06997282608695653 0.08118619348565873
0 0.5842391304347826 0.6516771998055421 0.06793478260869565 0.07146329606222654
