0 0.6482617586912065 0.3699743370402053 0.081799591002045 0.10350727117194183
0 0.6646216768916156 0.4709153122326775 0.11451942740286299 0.08982035928143713
0 0.6533742331288344 0.5479041916167665 0.06748466257668712 0.033361847733105215
0 0.6768916155419223 0.6377245508982036 0.10633946830265849 0.07100085543199315
0 0.46319018404907975 0.16467065868263472 0.12474437627811862 0.0932420872540633
0 0.49079754601226994 0.3550042771599658 0.2167689161554192 0.09409751924721985
0 0.49284253578732107 0.4931565440547476 0.12269938650306748 0.1086398631308811
0 0.4652351738241309 0.632164242942686 0.16155419222903886 0.13515825491873396
0 0.5991820040899796 0.15697177074422583 0.09406952965235174 0.06928999144568007
0 0.630879345603272 0.2309666381522669 0.05930470347648262 0.03421727972626176
0 0.25255623721881393 0.3635585970915312 0.1083844580777096 0.09923011120615911
