0 0.7506043513295729 0.2520833333333333 0.11361804995970991 0.1375
0 0.8001611603545528 0.39826388888888886 0.1063658340048348 0.08541666666666667
0 0.6136180499597099 0.2923611111111111 0.0862207896857373 0.10833333333333334
0 0.6430298146655923 0.4270833333333333 0.10797743755036261 0.1
0 0.67767929089444 0.5774305555555556 0.15310233682514102 0.11736111111111111
0 0.44077356970185333 0.10034722222222223 0.11281224818694602 0.08263888888888889
0 0.4331184528605963 0.221875 0.10394842868654311 0.09097222222222222
0 0.4371474617244158 0.3489583333333333 0.10556003223207092 0.11736111111111111
0 0.4693795326349718 0.48854166666666665 0.11845286059629331 0.12152777777777778
0 0.4774375503626108 0.6232638888888888 0.10556003223207092 0.12430555555555556
0 0.48589846897663175 0.7413194444444444 0.12570507655116842 0.0798611111111111
0 0.2594681708299758 0.3736111111111111 0.09186140209508462 0.1375
0 0.28203062046736505 0.6239583333333333 0.07413376309427881 0.19236111111111112
