0 0.844775619557937 0.5158798283261803 0.02578700602813128 0.09527896995708154
0 0.8486269256530475 0.605793991416309 0.04085733422638982 0.04935622317596566
0 0.6029805760214334 0.5175965665236052 0.018419290020093772 0.050643776824034335
0 0.6071667782987274 0.5682403433476395 0.02478231748158071 0.022317596566523604
0 0.5204286671131949 0.5087982832618025 0.027461486939048894 0.04592274678111588
0 0.5261219022103149 0.559656652360515 0.016075016744809108 0.055793991416309016
0 0.34611520428667114 0.5890557939914163 0.021098459477561955 0.04763948497854077
0 0.5123911587407903 0.33304721030042916 0.02344273275284662 0.06351931330472103
0 0.4820830542531815 0.3894849785407725 0.019758874748827863 0.06223175965665236
0 0.4559611520428667 0.3927038626609442 0.019758874748827863 0.039484978540772535
0 0.4646684527796383 0.47145922746781116 0.022438044206296047 0.041630901287553645
