0 0.4869631901840491 0.10714285714285714 0.04754601226993865 0.03007518796992481
0 0.3918711656441718 0.17528195488721804 0.06901840490797546 0.047932330827067667
0 0.8335889570552147 0.45535714285714285 0.04141104294478527 0.1287593984962406
0 0.799079754601227 0.5601503759398496 0.046012269938650305 0.06203007518796992
0 0.7745398773006135 0.6588345864661654 0.08588957055214724 0.11278195488721804
0 0.6687116564417178 0.3157894736842105 0.10736196319018405 0.10526315789473684
0 0.11503067484662577 0.25469924812030076 0.08282208588957055 0.07142857142857142
0 0.22162576687116564 0.31109022556390975 0.06901840490797546 0.09586466165413533
0 0.3174846625766871 0.32706766917293234 0.07975460122699386 0.06203007518796992
0 0.26380368098159507 0.4332706766917293 0.0950920245398773 0.09210526315789473
0 0.36503067484662577 0.4483082706766917 0.08895705521472393 0.08458646616541353
