0 0.8722826086956522 0.32992465016146394 0.051630434782608696 0.07427341227125941
0 0.8790760869565217 0.4364908503767492 0.04891304347826087 0.07642626480086114
0 0.8661684782608695 0.5166846071044133 0.03940217391304348 0.062432723358449946
0 0.8729619565217391 0.6130247578040904 0.050271739130434784 0.10871905274488698
0 0.8675271739130435 0.721205597416577 0.06929347826086957 0.062432723358449946
0 0.19904891304347827 0.4041980624327234 0.02309782608695652 0.01829924650161464
0 0.234375 0.42142088266953714 0.03940217391304348 0.03982777179763186
0 0.751358695652174 0.5080731969860065 0.057065217391304345 0.05597416576964478
0 0.75 0.2960172228202368 0.04619565217391304 0.03659849300322928
0 0.7697010869565217 0.10602798708288483 0.05298913043478261 0.0527448869752422
