0 0.5535183349851338 0.299583550234253 0.08424182358771061 0.07235814679854242
0 0.5555004955401388 0.3906819364914107 0.06838453914767097 0.09213951067152525
0 0.5634291377601586 0.4685059864653826 0.03270564915758176 0.04685059864653826
0 0.5713577799801784 0.5536179073399271 0.09415262636273539 0.07339927121290994
0 0.5837462834489594 0.6525247267048412 0.10901883052527254 0.08381051535658511
0 0.5951437066402379 0.7608016657990629 0.08622398414271557 0.07860489328474753
0 0.6769078295341923 0.2860489328474753 0.08126858275520317 0.07235814679854242
0 0.6778989098116948 0.39172306090577824 0.14469772051536176 0.1015096304008329
0 0.7086223984142715 0.47969807391983343 0.053518334985133795 0.055700156168662154
0 0.7472745292368682 0.5851119208745446 0.11694747274529237 0.10098906819364914
