0 0.14351851851851852 0.1017167381974249 0.03806584362139918 0.030901287553648068
0 0.08710562414266118 0.10343347639484979 0.028120713305898493 0.027467811158798282
0 0.14180384087791495 0.16459227467811158 0.04149519890260631 0.07339055793991417
0 0.04372427983539095 0.29012875536480687 0.02709190672153635 0.04291845493562232
0 0.04921124828532236 0.3555793991416309 0.02091906721536351 0.07510729613733906
0 0.056584362139917695 0.4858369098712446 0.03292181069958848 0.07811158798283262
0 0.06704389574759945 0.5654506437768241 0.024348422496570644 0.0536480686695279
0 0.06395747599451303 0.6504291845493563 0.028463648834019206 0.061373390557939916
0 0.10185185185185185 0.44570815450643775 0.028120713305898493 0.032188841201716736
0 0.10133744855967078 0.5446351931330472 0.014746227709190672 0.027467811158798282
0 0.10373799725651578 0.6396995708154506 0.01954732510288066 0.04592274678111588
0 0.10133744855967078 0.6912017167381974 0.02709190672153635 0.04420600858369099
0 0.10373799725651578 0.27639484978540774 0.024348422496570644 0.04291845493562232
0 0.08727709190672153 0.3562231759656652 0.018175582990397805 0.030901287553648068
0 0.14180384087791495 0.3540772532188841 0.044238683127572016 0.0351931330472103
0 0.10373799725651578 0.3562231759656652 0.024348422496570644 0.03690987124463519
0 0.22325102880658437 0.13712446351931332 0.03292181069958848 0.05193133047210301
0 0.18209876543209877 0.1424892703862661 0.03429355281207133 0.10901287553648069
0 0.1416323731138546 0.27746781115879826 0.03429355281207133 0.032188841201716736
0 0.16255144032921812 0.294206008583691 0.017146776406035666 0.02017167381974249
0 0.19873113854595337 0.282618025751073 0.016117969821673524 0.027896995708154508
0 0.2242798353909465 0.43433476394849785 0.023319615912208505 0.027467811158798282
0 0.30212620027434844 0.4313304721030043 0.02194787379972565 0.024892703862660945
0 0.40260631001371744 0.5907725321888412 0.017146776406035666 0.03390557939914163
0 0.4056927297668038 0.6336909871244635 0.0205761316872428 0.04592274678111588
0 0.37397119341563784 0.6105150214592274 0.0257201646090535 0.061373390557939916
0 0.3511659807956104 0.6184549356223176 0.03429355281207133 0.07982832618025751
0 0.3149862825788752 0.6113733905579399 0.0257201646090535 0.041630901287553645
0 0.2868655692729767 0.6130901287553648 0.035322359396433474 0.0536480686695279
0 0.2587448559670782 0.6879828326180257 0.030521262002743483 0.04463519313304721
0 0.2563443072702332 0.7371244635193133 0.030521262002743483 0.04420600858369099
0 0.2623456790123457 0.7967811158798284 0.028120713305898493 0.06909871244635193
0 0.37122770919067216 0.18454935622317598 0.0257201646090535 0.03690987124463519
0 0.40877914951989025 0.17532188841201718 0.02194787379972565 0.030472103004291845
0 0.3892318244170096 0.10944206008583691 0.017146776406035666 0.039484978540772535
0 0.4092935528120713 0.1055793991416309 0.016117969821673524 0.0351931330472103
0 0.4497599451303155 0.1759656652360515 0.02091906721536351 0.0351931330472103
0 0.4761659807956104 0.18090128755364807 0.024348422496570644 0.032188841201716736
0 0.47599451303155005 0.2581545064377682 0.029492455418381344 0.024463519313304722
0 0.37448559670781895 0.26502145922746784 0.024691358024691357 0.035622317596566526
0 0.40689300411522633 0.2504291845493562 0.02091906721536351 0.030472103004291845
0 0.5961934156378601 0.18991416309012876 0.014746227709190672 0.041630901287553645
0 0.5257201646090535 0.15150214592274677 0.023319615912208505 0.04463519313304721
0 0.522633744855967 0.1905579399141631 0.019890260631001373 0.027467811158798282
0 0.625 0.192274678111588 0.02091906721536351 0.03690987124463519
0 0.7131344307270233 0.22210300429184548 0.02091906721536351 0.028755364806866954
0 0.7160493827160493 0.2918454935622318 0.017146776406035666 0.02145922746781116
0 0.6733539094650206 0.6276824034334764 0.024348422496570644 0.04592274678111588
0 0.6433470507544582 0.6236051502145923 0.023319615912208505 0.04463519313304721
0 0.6457475994513031 0.671244635193133 0.023319615912208505 0.041201716738197426
0 0.703875171467764 0.6336909871244635 0.022290809327846366 0.024463519313304722
0 0.7002743484224966 0.6742489270386266 0.026748971193415638 0.03862660944206009
0 0.6524348422496571 0.7639484978540773 0.022290809327846366 0.03347639484978541
0 0.7343964334705075 0.7371244635193133 0.03189300411522634 0.06909871244635193
0 0.8629972565157751 0.49484978540772534 0.01954732510288066 0.04463519313304721
0 0.8979766803840878 0.5034334763948498 0.02091906721536351 0.027467811158798282
0 0.9463305898491083 0.4390557939914163 0.014746227709190672 0.03347639484978541
0 0.809156378600823 0.5914163090128756 0.036694101508916326 0.04463519313304721
0 0.9346707818930041 0.6152360515021459 0.0257201646090535 0.05536480686695279
0 0.940843621399177 0.5493562231759657 0.0257201646090535 0.07982832618025751
0 0.835562414266118 0.1592274678111588 0.03326474622770919 0.05665236051502146
0 0.8667695473251029 0.5869098712446352 0.02914951989026063 0.041630901287553645
