0 0.6276515151515152 0.20961538461538462 0.020454545454545454 0.06538461538461539
0 0.6306818181818182 0.3022435897435897 0.05227272727272727 0.07243589743589744
0 0.6393939393939394 0.39775641025641023 0.04090909090909091 0.05961538461538462
0 0.6450757575757575 0.5160256410256411 0.06742424242424243 0.12051282051282051
0 0.6443181818181818 0.6548076923076923 0.0659090909090909 0.10192307692307692
0 0.6473484848484848 0.7634615384615384 0.06893939393939394 0.06282051282051282
0 0.6534090909090909 0.8618589743589744 0.06287878787878788 0.07243589743589744
0 0.1875 0.17403846153846153 0.06136363636363636 0.07756410256410257
0 0.1787878787878788 0.35160256410256413 0.03484848484848485 0.08012820512820513
0 0.15416666666666667 0.43653846153846154 0.058333333333333334 0.10256410256410256
0 0.13674242424242425 0.544551282051282 0.06439393939393939 0.1032051282051282
0 0.12007575757575757 0.642948717948718 0.056818181818181816 0.0641025641025641
0 0.11477272727272728 0.719551282051282 0.04924242424242424 0.07628205128205129
