0 0.5299145299145299 0.5437649880095923 0.10683760683760683 0.11630695443645084
0 0.5331196581196581 0.6600719424460432 0.1047008547008547 0.0803357314148681
0 0.391025641025641 0.5083932853717026 0.07264957264957266 0.08872901678657075
0 0.38995726495726496 0.6438848920863309 0.11752136752136752 0.12709832134292565
0 0.25213675213675213 0.5317745803357314 0.11538461538461539 0.1091127098321343
0 0.4861111111111111 0.2541966426858513 0.11752136752136752 0.11750599520383694
0 0.49038461538461536 0.37170263788968827 0.14743589743589744 0.06474820143884892
0 0.3611111111111111 0.22182254196642687 0.08547008547008547 0.07434052757793765
0 0.3557692307692308 0.3567146282973621 0.053418803418803416 0.13069544364508393
0 0.2361111111111111 0.24400479616306955 0.12606837606837606 0.14028776978417265
