0 0.5707885304659498 0.7001399580125962 0.10931899641577061 0.01609517144856543
0 0.7060931899641577 0.6508047585724283 0.06810035842293907 0.01959412176347096
0 0.7114695340501792 0.6812456263121064 0.07885304659498207 0.03848845346396081
0 0.3207885304659498 0.40517844646606016 0.14336917562724014 0.09097270818754374
0 0.3557347670250896 0.5041987403778866 0.0985663082437276 0.08887333799860042
0 0.35125448028673834 0.5825752274317705 0.06093189964157706 0.03988803358992302
0 0.3521505376344086 0.6686494051784465 0.08422939068100359 0.06368089573128062
0 0.31989247311827956 0.7557732680195941 0.09498207885304659 0.06578026592022393
0 0.2939068100358423 0.8376487053883834 0.1003584229390681 0.05038488453463961
0 0.6281362007168458 0.20258922323303008 0.10931899641577061 0.01609517144856543
0 0.7491039426523297 0.25997200839748075 0.05734767025089606 0.020293911826452064
0 0.6120071684587813 0.5206438068579426 0.09498207885304659 0.023792862141357594
0 0.6200716845878136 0.3477956613016095 0.0967741935483871 0.04198740377886634
0 0.3593189964157706 0.14345696291112667 0.0985663082437276 0.072778166550035
0 0.3727598566308244 0.2137858642407278 0.07168458781362007 0.03848845346396081
0 0.3996415770609319 0.26871938418474456 0.13261648745519714 0.05038488453463961
0 0.3835125448028674 0.33799860041987406 0.1039426523297491 0.05178446466060182
