0 0.5070422535211268 0.26636568848758463 0.061971830985915494 0.08577878103837472
0 0.5032863849765258 0.3860045146726862 0.06948356807511737 0.0963130173062453
0 0.5122065727699531 0.49849510910458994 0.046009389671361506 0.059443190368698266
0 0.5084507042253521 0.5989465763732129 0.08544600938967137 0.1038374717832957
0 0.5136150234741784 0.7223476297968398 0.06948356807511737 0.09480812641083522
0 0.7136150234741784 0.2072987208427389 0.06009389671361502 0.07900677200902935
0 0.7220657276995305 0.31376975169300225 0.07136150234741784 0.0963130173062453
0 0.7422535211267606 0.4108352144469526 0.03286384976525822 0.042136945071482315
0 0.752112676056338 0.5229495861550038 0.06948356807511737 0.12340105342362678
0 0.7596244131455399 0.6670428893905191 0.07699530516431925 0.1346877351392024
0 0.8492957746478873 0.4006772009029345 0.08544600938967137 0.11512415349887133
0 0.8661971830985915 0.535364936042137 0.07605633802816901 0.109104589917231
0 0.8798122065727699 0.6403310759969902 0.08075117370892018 0.07373965387509406
