0 0.20072115384615385 0.15901898734177214 0.044070512820512824 0.024789029535864978
0 0.18549679487179488 0.20991561181434598 0.05368589743589743 0.06329113924050633
0 0.1686698717948718 0.2745253164556962 0.036057692307692304 0.03955696202531646
0 0.15625 0.34968354430379744 0.0641025641025641 0.08966244725738397
0 0.11137820512820513 0.4258966244725738 0.07051282051282051 0.07647679324894514
0 0.2876602564102564 0.19672995780590719 0.038461538461538464 0.07383966244725738
0 0.26963141025641024 0.2737341772151899 0.058493589743589744 0.06751054852320675
0 0.26161858974358976 0.3291139240506329 0.04246794871794872 0.027426160337552744
0 0.2403846153846154 0.3963607594936709 0.0641025641025641 0.08280590717299578
0 0.2127403846153846 0.47151898734177217 0.07612179487179487 0.06434599156118144
0 0.1875 0.5651371308016878 0.057692307692307696 0.08808016877637131
