0 0.2087912087912088 0.6016225448334757 0.08058608058608059 0.08795900939368062
0 0.1749084249084249 0.6981212638770282 0.08241758241758242 0.05892399658411614
0 0.33882783882783885 0.605465414175918 0.08791208791208792 0.07344150298889837
0 0.5521978021978022 0.5999146029035013 0.09706959706959707 0.08625106746370624
0 0.6117216117216118 0.7169086251067464 0.15018315018315018 0.089666951323655
0 0.739010989010989 0.7237403928266439 0.07142857142857142 0.07600341588385995
0 0.6932234432234432 0.38983774551665246 0.08241758241758242 0.06404782237403928
0 0.7078754578754579 0.48633646456020496 0.09340659340659341 0.08112724167378309
0 0.8141025641025641 0.37233134073441504 0.1227106227106227 0.06148590947907771
0 0.8406593406593407 0.47566182749786506 0.06227106227106227 0.034158838599487616
0 0.8214285714285714 0.531596925704526 0.08241758241758242 0.07087959009393681
0 0.7509157509157509 0.5952177625960717 0.054945054945054944 0.029035012809564473
