0 0.33386243386243386 0.3389830508474576 0.0835978835978836 0.1320249776984835
0 0.35343915343915344 0.4892952720785013 0.0656084656084656 0.1471900089206066
0 0.3523809523809524 0.6177520071364853 0.0380952380952381 0.06155218554861731
0 0.3455026455026455 0.72078501338091 0.06031746031746032 0.08920606601248884
0 0.4396825396825397 0.3376449598572703 0.07513227513227513 0.13470115967885815
0 0.45396825396825397 0.4888492417484389 0.06772486772486773 0.1409455842997324
0 0.464021164021164 0.6231043710972346 0.047619047619047616 0.07225691347011597
0 0.43492063492063493 0.7453166815343444 0.06772486772486773 0.11685994647636039
0 0.5349206349206349 0.3568242640499554 0.07936507936507936 0.12845673505798394
0 0.5439153439153439 0.5111507582515611 0.07830687830687831 0.16770740410347904
0 0.5439153439153439 0.6708296164139161 0.05502645502645503 0.08028545941123996
0 0.5582010582010583 0.8363068688670829 0.0962962962962963 0.21855486173059768
0 0.6814814814814815 0.3581623550401427 0.09312169312169312 0.13291703835860838
0 0.6962962962962963 0.5133809099018734 0.0761904761904762 0.12934879571810884
0 0.6783068783068783 0.6498661909009813 0.042328042328042326 0.06868867082961641
0 0.6915343915343916 0.776092774308653 0.06666666666666667 0.13559322033898305
0 0.843915343915344 0.3813559322033898 0.10264550264550265 0.15611061552185548
0 0.8645502645502645 0.5798394290811775 0.11216931216931217 0.1926851025869759
