0 0.5554794520547945 0.392886345053148 0.08904109589041095 0.1169255928045789
0 0.5671232876712329 0.5335241210139002 0.0684931506849315 0.10057236304170074
0 0.5602739726027397 0.6398201144726083 0.0547945205479452 0.05151267375306623
0 0.5458904109589041 0.7346688470973017 0.11917808219178082 0.107113654946852
0 0.541095890410959 0.8532297628781684 0.1178082191780822 0.0776778413736713
0 0.6856164383561644 0.46197874080130824 0.08904109589041095 0.116107931316435
0 0.6993150684931507 0.5670482420278005 0.050684931506849315 0.05151267375306623
0 0.7328767123287672 0.660670482420278 0.12054794520547946 0.10629599345870809
0 0.7308219178082191 0.7931316434995912 0.11643835616438356 0.10793131643499591
0 0.4267123287671233 0.552739165985282 0.08356164383561644 0.06704824202780049
0 0.436986301369863 0.6733442354865086 0.0684931506849315 0.11038430089942763
0 0.41506849315068495 0.7853638593622241 0.06027397260273973 0.044971381847914965
