0 0.38946015424164526 0.06483300589390963 0.07455012853470437 0.0825147347740668
0 0.35539845758354754 0.15520628683693516 0.02956298200514139 0.05304518664047151
0 0.33161953727506427 0.24656188605108054 0.07969151670951156 0.10019646365422397
0 0.5044987146529563 0.09430255402750491 0.08868894601542417 0.09037328094302555
0 0.4440874035989717 0.18025540275049115 0.08868894601542417 0.0618860510805501
0 0.4055269922879177 0.275049115913556 0.05012853470437018 0.07858546168958742
0 0.5334190231362468 0.40520628683693516 0.06940874035989718 0.0206286836935167
0 0.7667095115681234 0.3428290766208251 0.060411311053984576 0.025540275049115914
0 0.2634961439588689 0.38163064833005894 0.04884318766066838 0.04616895874263261
0 0.756426735218509 0.5112966601178782 0.042416452442159386 0.04420432220039293
