0 0.45624332977588045 0.038228614685844056 0.03948772678762007 0.018925056775170326
0 0.45304162219850586 0.06888720666161999 0.054429028815368194 0.0348221044663134
0 0.6878335112059765 0.057910673732021196 0.03735325506937033 0.03860711582134747
0 0.736392742796158 0.052233156699470096 0.029882604055496264 0.04390613171839516
0 0.7849519743863393 0.04920514761544285 0.03735325506937033 0.045420136260408785
0 0.26680896478121663 0.4750189250567752 0.0768409818569904 0.061317183951551855
0 0.25880469583778015 0.5802422407267221 0.060832443970117396 0.09765329295987887
0 0.23265741728922093 0.6790310370931113 0.04055496264674493 0.046934140802422405
0 0.22305229455709713 0.7657077971233913 0.07470651013874066 0.10219530658591976
0 0.3623265741728922 0.45685087055261164 0.06937033084311633 0.050719152157456475
0 0.371931696905016 0.5442846328538986 0.054429028815368194 0.10143830431491295
0 0.3671291355389541 0.6514004542013626 0.044823906083244394 0.052233156699470096
0 0.3463180362860192 0.7501892505677517 0.08431163287086446 0.09538228614685844
0 0.4658484525080043 0.4708554125662377 0.06510138740661686 0.04390613171839516
0 0.46531483457844186 0.5408781226343679 0.04695837780149413 0.08402725208175625
0 0.4786552828175027 0.625662376987131 0.05016008537886873 0.05980317940953823
0 0.47385272145144075 0.7047691143073429 0.07897545357524013 0.07721423164269493
0 0.5693703308431163 0.5026495079485238 0.0864461045891142 0.08629825889477669
0 0.576307363927428 0.6044663133989402 0.08110992529348986 0.09159727479182438
0 0.15101387406616862 0.5071915215745647 0.08004268943436499 0.09538228614685844
0 0.11686232657417289 0.615442846328539 0.0672358591248666 0.09386828160484481
