0 0.38598326359832635 0.27800161160354553 0.0502092050209205 0.05962933118452861
0 0.3854602510460251 0.3485092667203868 0.051255230125523014 0.0717163577759871
0 0.3901673640167364 0.4258662369057212 0.03138075313807531 0.04915390813859791
0 0.4084728033472803 0.5414987912973409 0.08054393305439331 0.1063658340048348
0 0.3985355648535565 0.6385979049153908 0.058577405857740586 0.07010475423045931
0 0.5214435146443515 0.27800161160354553 0.049163179916317995 0.0515713134568896
0 0.522489539748954 0.3614020950846092 0.05543933054393305 0.057211925866236905
0 0.5496861924686193 0.4411764705882353 0.034518828451882845 0.052377115229653506
0 0.5648535564853556 0.5213537469782433 0.05439330543933055 0.072522159548751
0 0.27039748953974896 0.27598710717163577 0.09309623430962342 0.0684931506849315
0 0.2698744769874477 0.39081385979049155 0.07531380753138076 0.1031426269137792
0 0.276673640167364 0.4903303787268332 0.04288702928870293 0.055600322320709106
0 0.2834728033472803 0.6023368251410153 0.07531380753138076 0.0926672038678485
0 0.28765690376569036 0.7280419016921837 0.08577405857740586 0.0926672038678485
0 0.1579497907949791 0.6333601933924254 0.08786610878661087 0.1095890410958904
0 0.13336820083682008 0.7377115229653505 0.07217573221757322 0.08783239323126511
0 0.13023012552301255 0.8428686543110395 0.049163179916317995 0.0789685737308622
0 0.26673640167364016 0.9045124899274778 0.06903765690376569 0.08460918614020951
0 0.6176778242677824 0.21313456889605156 0.02615062761506276 0.09105560032232071
0 0.6276150627615062 0.3122481869460113 0.0397489539748954 0.0781627719580983
0 0.6406903765690377 0.4081385979049154 0.030334728033472803 0.0684931506849315
0 0.7562761506276151 0.07292506043513296 0.029288702928870293 0.0249798549556809
0 0.8043933054393305 0.0991136180499597 0.05230125523012552 0.045124899274778404
