0 0.22909407665505227 0.5436754176610978 0.04529616724738676 0.08782816229116945
0 0.18945993031358885 0.6331742243436754 0.07229965156794425 0.07016706443914081
0 0.1999128919860627 0.6961813842482101 0.040940766550522645 0.03675417661097852
0 0.1794425087108014 0.7577565632458234 0.06794425087108014 0.06730310262529833
0 0.15897212543554007 0.833890214797136 0.06533101045296168 0.07159904534606205
0 0.29573170731707316 0.5482100238663484 0.05836236933797909 0.06252983293556086
0 0.2922473867595819 0.6133651551312649 0.040940766550522645 0.05441527446300716
0 0.28005226480836237 0.6689737470167064 0.046167247386759584 0.03293556085918854
0 0.2700348432055749 0.7219570405727923 0.050522648083623695 0.056801909307875896
0 0.2700348432055749 0.8028639618138425 0.07491289198606271 0.07255369928400955
0 0.2665505226480836 0.8926014319809069 0.07317073170731707 0.07159904534606205
0 0.4024390243902439 0.5563245823389021 0.0627177700348432 0.08353221957040573
0 0.3932926829268293 0.637708830548926 0.06533101045296168 0.06109785202863962
0 0.39634146341463417 0.6947494033412888 0.036585365853658534 0.045346062052505964
0 0.3876306620209059 0.7689737470167064 0.0627177700348432 0.08210023866348448
0 0.37325783972125437 0.8486873508353222 0.07752613240418119 0.0639618138424821
0 0.49869337979094075 0.5556085918854415 0.07229965156794425 0.04486873508353222
0 0.49390243902439024 0.6312649164677804 0.03832752613240418 0.07398568019093078
0 0.4965156794425087 0.7233890214797136 0.08188153310104529 0.07589498806682578
0 0.4895470383275261 0.8040572792362769 0.08710801393728224 0.059665871121718374
0 0.4843205574912892 0.8670644391408114 0.03832752613240418 0.029116945107398567
