0 0.5082449941107184 0.05792933442892358 0.10247349823321555 0.08463434675431389
0 0.5147232037691402 0.1848808545603944 0.05182567726737338 0.12489728841413311
0 0.508833922261484 0.3171733771569433 0.04711425206124853 0.08052588331963846
0 0.5170789163722026 0.4285127362366475 0.0895170789163722 0.12078882497945768
0 0.5276796230859835 0.5608052588331964 0.09658421672555949 0.14708299096138044
0 0.5005889281507656 0.7230895645028759 0.10365135453474676 0.12489728841413311
0 0.6760895170789164 0.242810188989318 0.04711425206124853 0.0961380443714051
0 0.6808009422850412 0.35086277732128185 0.06831566548881036 0.08709942481511915
0 0.6802120141342756 0.44700082169268696 0.05535924617196702 0.06737880032867707
0 0.7014134275618374 0.561216105176664 0.07420494699646643 0.10353327855382087
