0 0.25400213447171827 0.08460365853658537 0.096051227321238 0.027947154471544715
0 0.25400213447171827 0.13338414634146342 0.05549626467449306 0.058434959349593495
0 0.24706510138740662 0.20020325203252032 0.048025613660619 0.042682926829268296
0 0.2513340448239061 0.2604166666666667 0.0736392742796158 0.06453252032520325
0 0.17662753468516543 0.10746951219512195 0.07577374599786553 0.05233739837398374
0 0.16862326574172892 0.18292682926829268 0.08110992529348986 0.07520325203252033
0 0.15474919957310565 0.2657520325203252 0.07043756670224119 0.05589430894308943
0 0.5069370330843116 0.25990853658536583 0.07257203842049093 0.04420731707317073
0 0.5128068303094984 0.2972560975609756 0.03948772678762007 0.02032520325203252
0 0.6040554962646745 0.20426829268292682 0.07043756670224119 0.05894308943089431
0 0.5949839914621131 0.2703252032520325 0.09284951974386339 0.06300813008130081
0 0.5816435432230523 0.32240853658536583 0.07043756670224119 0.036077235772357726
0 0.6659551760939167 0.3485772357723577 0.05336179295624333 0.05894308943089431
0 0.5026680896478122 0.3432418699186992 0.04695837780149413 0.023882113821138213
0 0.5106723585912487 0.4489329268292683 0.030949839914621132 0.03709349593495935
0 0.4743863393810032 0.4476626016260163 0.030949839914621132 0.037601626016260166
0 0.4295624332977588 0.45096544715447157 0.048025613660619 0.04420731707317073
0 0.2657417289220918 0.666920731707317 0.044823906083244394 0.010670731707317074
0 0.2753468516542156 0.6869918699186992 0.04695837780149413 0.026422764227642278
