0 0.46786922209695603 0.23909465020576132 0.0834272829763247 0.07160493827160494
0 0.47801578354002255 0.3691358024691358 0.0496054114994363 0.1325102880658436
0 0.47519729425028184 0.49382716049382713 0.043968432919954906 0.0691358024691358
0 0.5095828635851184 0.6362139917695473 0.08793686583990981 0.151440329218107
0 0.3573844419391206 0.1403292181069959 0.038331454340473504 0.09135802469135802
0 0.34498308906426156 0.26213991769547323 0.07440811724915446 0.09465020576131687
0 0.33258173618940245 0.3683127572016461 0.0496054114994363 0.06995884773662552
0 0.33032694475760993 0.4905349794238683 0.08568207440811725 0.1580246913580247
0 0.3455467869222097 0.6255144032921811 0.09808342728297632 0.09053497942386832
0 0.35456595264937996 0.7123456790123457 0.07102593010146561 0.04691358024691358
0 0.2570462232243517 0.09958847736625515 0.040586245772266064 0.06584362139917696
0 0.24408117249154454 0.20658436213991768 0.06877113866967305 0.1102880658436214
0 0.25140924464487036 0.3213991769547325 0.04735062006764374 0.050205761316872426
0 0.18771138669673054 0.42921810699588475 0.0935738444193912 0.12098765432098765
0 0.20349492671927846 0.5930041152263374 0.09582863585118377 0.10781893004115227
0 0.20067643742953778 0.7366255144032922 0.11273957158962795 0.07736625514403292
0 0.6488162344983089 0.44609053497942386 0.04171364148816235 0.12016460905349795
0 0.6550169109357384 0.5781893004115226 0.06989853438556934 0.10452674897119342
