0 0.6848341232227488 0.32210353327855384 0.0995260663507109 0.09367296631059983
0 0.6927330173775671 0.4326211996713229 0.07424960505529225 0.09942481511914544
0 0.6856240126382307 0.5176663927691043 0.06951026856240126 0.05094494658997535
0 0.6714060031595577 0.6092851273623665 0.13902053712480253 0.07641741988496302
0 0.6453396524486572 0.7070665571076418 0.12480252764612954 0.07970419063270337
0 0.49921011058451814 0.323746918652424 0.07898894154818326 0.041084634346754315
0 0.49842022116903634 0.3997534921939195 0.08056872037914692 0.0961380443714051
0 0.4802527646129542 0.4913722267871816 0.05687203791469194 0.06080525883319639
0 0.43759873617693523 0.6170912078882498 0.11690363349131122 0.12489728841413311
0 0.4146919431279621 0.7403451109285127 0.11216429699842022 0.10024650780608052
0 0.3767772511848341 0.366885784716516 0.10900473933649289 0.10599835661462613
0 0.3341232227488152 0.4917830731306491 0.07424960505529225 0.10435497124075596
0 0.3009478672985782 0.6064092029580936 0.09320695102685624 0.0657354149548069
0 0.23933649289099526 0.714872637633525 0.12480252764612954 0.11010682004930156
