0 0.6434511434511434 0.1928802588996764 0.12266112266112267 0.060841423948220064
0 0.6257796257796258 0.25275080906148867 0.05405405405405406 0.030420711974110032
0 0.6112266112266113 0.31844660194174756 0.16216216216216217 0.060841423948220064
0 0.6070686070686071 0.39158576051779936 0.13721413721413722 0.06990291262135923
0 0.5997920997920998 0.4686084142394822 0.10602910602910603 0.05954692556634304
0 0.5925155925155925 0.540453074433657 0.1496881496881497 0.0686084142394822
0 0.5436590436590436 0.6032362459546926 0.08523908523908524 0.05436893203883495
0 0.5374220374220374 0.6844660194174758 0.12266112266112267 0.08737864077669903
0 0.4313929313929314 0.42653721682847895 0.14760914760914762 0.060841423948220064
0 0.369022869022869 0.5019417475728155 0.1101871101871102 0.05501618122977346
0 0.33575883575883575 0.5614886731391586 0.10187110187110188 0.04724919093851133
0 0.32744282744282743 0.6275080906148868 0.10187110187110188 0.05760517799352751
0 0.2920997920997921 0.7155339805825243 0.10187110187110188 0.08349514563106795
