0 0.7724137931034483 0.422275641025641 0.12137931034482759 0.15064102564102563
0 0.7724137931034483 0.5600961538461539 0.06620689655172414 0.07371794871794872
0 0.7924137931034483 0.6814903846153846 0.1310344827586207 0.11298076923076923
0 0.8137931034482758 0.8157051282051282 0.12137931034482759 0.08493589743589744
0 0.5372413793103449 0.24358974358974358 0.10344827586206896 0.07051282051282051
0 0.5558620689655173 0.35136217948717946 0.07172413793103448 0.12419871794871795
0 0.5868965517241379 0.4807692307692308 0.05931034482758621 0.0641025641025641
0 0.573103448275862 0.6266025641025641 0.13379310344827586 0.13782051282051283
0 0.5717241379310345 0.7884615384615384 0.11724137931034483 0.08974358974358974
0 0.36137931034482756 0.27884615384615385 0.13793103448275862 0.05929487179487179
0 0.3786206896551724 0.452724358974359 0.06206896551724138 0.20032051282051283
