0 0.6907467532467533 0.234375 0.0633116883116883 0.05803571428571429
0 0.7053571428571429 0.33705357142857145 0.0698051948051948 0.07142857142857142
0 0.752435064935065 0.41183035714285715 0.09902597402597403 0.05580357142857143
0 0.7678571428571429 0.5853794642857143 0.11038961038961038 0.12165178571428571
0 0.885551948051948 0.5758928571428571 0.11525974025974026 0.14285714285714285
0 0.7637987012987013 0.76953125 0.09253246753246754 0.09263392857142858
0 0.588474025974026 0.41238839285714285 0.0633116883116883 0.04352678571428571
0 0.5056818181818182 0.32924107142857145 0.06655844155844155 0.020089285714285716
0 0.5146103896103896 0.3705357142857143 0.05844155844155844 0.060267857142857144
0 0.5982142857142857 0.08928571428571429 0.09902597402597403 0.14732142857142858
0 0.5746753246753247 0.55859375 0.07142857142857142 0.030133928571428572
0 0.27435064935064934 0.5251116071428571 0.08441558441558442 0.036830357142857144
0 0.27435064935064934 0.29966517857142855 0.09090909090909091 0.025669642857142856
