0 0.4647058823529412 0.41281427412814276 0.10294117647058823 0.08759124087591241
0 0.42867647058823527 0.5218978102189781 0.10735294117647058 0.10624493106244931
0 0.40441176470588236 0.624493106244931 0.07941176470588235 0.0665044606650446
0 0.40588235294117647 0.7307380373073804 0.12941176470588237 0.11192214111922141
0 0.6602941176470588 0.24330900243309003 0.05 0.0681265206812652
0 0.6345588235294117 0.3313057583130576 0.033823529411764704 0.0786699107866991
0 0.6044117647058823 0.4209245742092457 0.05588235294117647 0.050283860502838604
0 0.6036764705882353 0.5105433901054339 0.10147058823529412 0.08840227088402271
0 0.5852941176470589 0.621654501216545 0.10882352941176471 0.0851581508515815
0 0.8088235294117647 0.44322789943227897 0.08235294117647059 0.023519870235198703
0 0.8117647058823529 0.48012976480129765 0.07941176470588235 0.043795620437956206
0 0.2727941176470588 0.5831305758313058 0.04852941176470588 0.06163828061638281
0 0.24926470588235294 0.6853203568532036 0.11029411764705882 0.10056772100567721
0 0.23602941176470588 0.7854825628548256 0.10441176470588236 0.062449310624493104
