0 0.3743489583333333 0.646813827571845 0.10546875 0.07246980424822991
0 0.3385416666666667 0.7157434402332361 0.07552083333333333 0.05789254477301124
0 0.2884114583333333 0.7730112453144523 0.06640625 0.037484381507705125
0 0.26953125 0.8340274885464389 0.09635416666666667 0.060391503540191585
0 0.5950520833333334 0.634527280299875 0.125 0.06955435235318617
0 0.5970052083333334 0.7078300708038318 0.09765625 0.05789254477301124
0 0.6100260416666666 0.7661391087047064 0.07942708333333333 0.04039983340274885
0 0.60546875 0.8267388588088297 0.13020833333333334 0.05664306538942107
0 0.7610677083333334 0.6520199916701375 0.10546875 0.06705539358600583
0 0.7610677083333334 0.7280299875052062 0.11328125 0.04164931278633902
0 0.7942708333333334 0.8017492711370262 0.09635416666666667 0.068304872969596
0 0.49609375 0.02519783423573511 0.08072916666666667 0.014577259475218658
0 0.5234375 0.04081632653061224 0.06770833333333333 0.024156601416076635
0 0.3196614583333333 0.07767596834652228 0.07942708333333333 0.036234902124114954
0 0.3404947916666667 0.12328196584756351 0.045572916666666664 0.04164931278633902
0 0.3619791666666667 0.054144106622240736 0.0546875 0.021657642648896292
0 0.5611979166666666 0.11328613077884214 0.07552083333333333 0.019158683881715953
