0 0.4682080924855491 0.3434567901234568 0.10404624277456648 0.08148148148148149
0 0.461849710982659 0.4414814814814815 0.07283236994219654 0.08
0 0.44913294797687864 0.5261728395061729 0.06589595375722543 0.04395061728395062
0 0.48265895953757226 0.6061728395061728 0.09364161849710982 0.10518518518518519
0 0.4930635838150289 0.702962962962963 0.10289017341040463 0.07753086419753086
0 0.4913294797687861 0.7962962962962963 0.08786127167630058 0.09333333333333334
0 0.6023121387283237 0.5454320987654321 0.10867052023121387 0.07753086419753086
0 0.6289017341040463 0.6382716049382716 0.10635838150289018 0.06765432098765432
0 0.6416184971098265 0.7182716049382716 0.09942196531791908 0.054814814814814816
0 0.6543352601156069 0.7945679012345679 0.08786127167630058 0.06814814814814815
