0 0.2676056338028169 0.32101806239737274 0.0482897384305835 0.060755336617405585
0 0.3561368209255533 0.3341543513957307 0.08450704225352113 0.09359605911330049
0 0.4476861167002012 0.3045977011494253 0.06237424547283702 0.07717569786535304
0 0.5442655935613682 0.31527093596059114 0.0744466800804829 0.08866995073891626
0 0.6428571428571429 0.3160919540229885 0.1227364185110664 0.11330049261083744
0 0.7585513078470825 0.2939244663382594 0.07645875251509054 0.06568144499178982
0 0.789738430583501 0.41707717569786534 0.04627766599597585 0.11822660098522167
0 0.8661971830985915 0.4400656814449918 0.030181086519114688 0.09852216748768473
0 0.6116700201207244 0.6116584564860427 0.08048289738430583 0.07717569786535304
0 0.7092555331991952 0.5804597701149425 0.06639839034205232 0.13957307060755336
0 0.8038229376257545 0.49917898193760263 0.05030181086519115 0.03284072249589491
0 0.8078470824949698 0.583743842364532 0.05432595573440644 0.09359605911330049
0 0.8883299798792756 0.5328407224958949 0.026156941649899398 0.04433497536945813
0 0.8933601609657947 0.6018062397372742 0.06438631790744467 0.06403940886699508
