0 0.3155216284987277 0.3967670830271859 0.13231552162849872 0.07200587803085966
0 0.2748091603053435 0.4955914768552535 0.1475826972010178 0.07714915503306392
0 0.2366412213740458 0.5664952240999265 0.15267175572519084 0.06465833945628215
0 0.23791348600508905 0.6576047024246877 0.13994910941475827 0.05731080088170463
0 0.21374045801526717 0.7329169728141073 0.17302798982188294 0.04922850844966936
0 0.2035623409669211 0.8141072740631888 0.16793893129770993 0.09551800146950772
0 0.5534351145038168 0.3795003673769287 0.1806615776081425 0.04041146216017634
0 0.4910941475826972 0.4456282145481264 0.13740458015267176 0.06245407788390889
0 0.45165394402035625 0.6116825863335783 0.19592875318066158 0.14327700220426157
0 0.4351145038167939 0.7340191036002939 0.17302798982188294 0.05290227773695812
