0 0.4408143939393939 0.4294940796555436 0.038825757575757576 0.059203444564047365
0 0.43702651515151514 0.49327233584499464 0.061553030303030304 0.039289558665231435
0 0.4408143939393939 0.5527448869752422 0.050189393939393936 0.05059203444564048
0 0.43607954545454547 0.6084499461786868 0.036931818181818184 0.0263724434876211
0 0.42945075757575757 0.6533907427341227 0.035037878787878785 0.05059203444564048
0 0.40577651515151514 0.7545748116254036 0.05397727272727273 0.06350914962325081
0 0.5099431818181818 0.802475780409042 0.04261363636363636 0.04090419806243272
0 0.5274621212121212 0.7222820236813778 0.07765151515151515 0.06458557588805167
0 0.5336174242424242 0.6485468245425189 0.07291666666666667 0.04305705059203445
0 0.5269886363636364 0.5793864370290636 0.052083333333333336 0.07588805166846072
0 0.521780303030303 0.48896663078579117 0.08143939393939394 0.1038751345532831
