0 0.2833333333333333 0.19738863287250383 0.16 0.07219662058371736
0 0.285 0.3087557603686636 0.12333333333333334 0.055299539170506916
0 0.28 0.41935483870967744 0.13333333333333333 0.09216589861751152
0 0.30666666666666664 0.5399385560675883 0.14 0.041474654377880185
0 0.49166666666666664 0.21351766513056836 0.11 0.09216589861751152
0 0.495 0.37327188940092165 0.17666666666666667 0.15360983102918588
0 0.5116666666666667 0.5529953917050692 0.13666666666666666 0.15668202764976957
0 0.6766666666666666 0.21812596006144394 0.12666666666666668 0.07680491551459294
0 0.6866666666666666 0.35176651305683565 0.16666666666666666 0.10138248847926268
0 0.7016666666666667 0.4815668202764977 0.09 0.059907834101382486
0 0.6966666666666667 0.5806451612903226 0.15333333333333332 0.07373271889400922
