0 0.1425438596491228 0.20083932853717026 0.059941520467836254 0.03117505995203837
0 0.13596491228070176 0.27997601918465226 0.0847953216374269 0.10191846522781775
0 0.27046783625730997 0.14778177458033573 0.05555555555555555 0.09652278177458033
0 0.27850877192982454 0.2865707434052758 0.08625730994152046 0.07434052757793765
0 0.41154970760233917 0.07314148681055156 0.1067251461988304 0.07074340527577938
0 0.40862573099415206 0.12170263788968826 0.06578947368421052 0.026378896882494004
0 0.4071637426900585 0.26618705035971224 0.08333333333333333 0.0671462829736211
0 0.5460526315789473 0.08573141486810551 0.05701754385964912 0.06235011990407674
0 0.6681286549707602 0.10251798561151079 0.11988304093567251 0.0671462829736211
0 0.5131578947368421 0.19874100719424462 0.09064327485380116 0.06774580335731414
0 0.5131578947368421 0.2823741007194245 0.08187134502923976 0.05275779376498801
0 0.48830409356725146 0.5203836930455635 0.0847953216374269 0.05755395683453238
0 0.5095029239766082 0.5950239808153477 0.05701754385964912 0.06294964028776978
0 0.533625730994152 0.670263788968825 0.09064327485380116 0.05995203836930456
0 0.5986842105263158 0.5245803357314148 0.08625730994152046 0.0683453237410072
0 0.6366959064327485 0.60431654676259 0.10380116959064327 0.06115107913669065
0 0.6564327485380117 0.6705635491606715 0.09649122807017543 0.0341726618705036
0 0.3530701754385965 0.512589928057554 0.06578947368421052 0.023980815347721823
0 0.3969298245614035 0.6753597122302158 0.059941520467836254 0.024580335731414868
