0 0.4425335570469799 0.12013422818791947 0.034395973154362415 0.06308724832214765
0 0.4551174496644295 0.20201342281879195 0.041107382550335574 0.06308724832214765
0 0.5088087248322147 0.11275167785234899 0.05620805369127517 0.06442953020134229
0 0.5213926174496645 0.2181208053691275 0.04949664429530201 0.10335570469798658
0 0.4966442953020134 0.3268456375838926 0.040268456375838924 0.07114093959731543
0 0.5461409395973155 0.30268456375838926 0.04530201342281879 0.04697986577181208
0 0.5796979865771812 0.11375838926174496 0.050335570469798654 0.05167785234899329
0 0.600251677852349 0.1966442953020134 0.05956375838926174 0.06174496644295302
0 0.6153523489932886 0.2523489932885906 0.047818791946308725 0.020134228187919462
0 0.6187080536912751 0.312751677852349 0.051174496644295304 0.07248322147651007
0 0.7000838926174496 0.2889261744966443 0.05956375838926174 0.07852348993288591
0 0.6262583892617449 0.3674496644295302 0.02936241610738255 0.02214765100671141
