0 0.27702702702702703 0.2852897473997028 0.04954954954954955 0.05943536404160475
0 0.28040540540540543 0.3722139673105498 0.05630630630630631 0.07280832095096583
0 0.3063063063063063 0.4442793462109955 0.03153153153153153 0.041604754829123326
0 0.3108108108108108 0.5037147102526003 0.06306306306306306 0.05349182763744428
0 0.31981981981981983 0.5780089153046062 0.06756756756756757 0.05052005943536404
0 0.3322072072072072 0.29420505200594355 0.04279279279279279 0.08320950965824665
0 0.34797297297297297 0.3610698365527489 0.05630630630630631 0.0237741456166419
0 0.3704954954954955 0.4524517087667162 0.0518018018018018 0.08172362555720654
0 0.42004504504504503 0.5393759286775631 0.10135135135135136 0.0713224368499257
0 0.3581081081081081 0.1924219910846954 0.12612612612612611 0.07578008915304606
0 0.4155405405405405 0.27934621099554235 0.06531531531531531 0.08320950965824665
0 0.5135135135135135 0.5438335809806835 0.07207207207207207 0.10698365527488855
0 0.48873873873873874 0.2726597325408618 0.06306306306306306 0.09063893016344725
0 0.5461711711711712 0.2013372956909361 0.0518018018018018 0.0787518573551263
0 0.6261261261261262 0.1649331352154532 0.08558558558558559 0.05943536404160475
0 0.6351351351351351 0.24814264487369986 0.08558558558558559 0.03863298662704309
0 0.5686936936936937 0.5059435364041605 0.060810810810810814 0.022288261515601784
