0 0.35161290322580646 0.34674063800277394 0.06666666666666667 0.07212205270457697
0 0.36774193548387096 0.44937586685159503 0.060215053763440864 0.09431345353675451
0 0.3741935483870968 0.5485436893203883 0.034408602150537634 0.04299583911234397
0 0.3774193548387097 0.6158113730929264 0.07526881720430108 0.0638002773925104
0 0.443010752688172 0.3751733703190014 0.06881720430107527 0.10124826629680998
0 0.4505376344086022 0.46255201109570043 0.06666666666666667 0.03744798890429958
0 0.45698924731182794 0.5409153952843273 0.07956989247311828 0.08599167822468794
0 0.535483870967742 0.4042995839112344 0.06451612903225806 0.12343966712898752
0 0.5483870967741935 0.5305131761442441 0.060215053763440864 0.05131761442441054
0 0.524731182795699 0.6074895977808599 0.05591397849462366 0.047156726768377254
0 0.6365591397849463 0.4119278779472954 0.09032258064516129 0.044382801664355064
0 0.6268817204301075 0.46116504854368934 0.07956989247311828 0.012482662968099861
0 0.6483870967741936 0.5221914008321775 0.07096774193548387 0.07350901525658807
