0 0.5576540755467196 0.14435695538057744 0.06560636182902585 0.04374453193350831
0 0.5695825049701789 0.21434820647419073 0.08946322067594434 0.04024496937882765
0 0.6868787276341949 0.17060367454068243 0.073558648111332 0.05074365704286964
0 0.7107355864811133 0.22353455818022747 0.08946322067594434 0.03237095363079615
0 0.5646123260437376 0.36920384951881013 0.08349900596421471 0.06299212598425197
0 0.647117296222664 0.3775153105861767 0.04572564612326044 0.0568678915135608
0 0.7385685884691849 0.37707786526684167 0.073558648111332 0.048993875765529306
0 0.5964214711729622 0.5227471566054244 0.07157057654075547 0.06911636045494313
0 0.6958250497017893 0.5205599300087489 0.09542743538767395 0.04024496937882765
0 0.7664015904572564 0.5691163604549432 0.09343936381709742 0.03237095363079615
0 0.6182902584493042 0.7222222222222222 0.11928429423459244 0.07961504811898512
0 0.7485089463220675 0.7340332458442694 0.08548707753479125 0.0647419072615923
0 0.2554671968190855 0.23053368328958881 0.0775347912524851 0.07086614173228346
