0 0.336441893830703 0.18048268625393493 0.04447632711621234 0.023084994753410283
0 0.3945480631276901 0.16736621196222456 0.04591104734576758 0.03672612801678909
0 0.4483500717360115 0.16369359916054566 0.04160688665710186 0.05666316894018888
0 0.5007173601147776 0.1453305351521511 0.04591104734576758 0.07869884575026233
0 0.3350071736011478 0.25760755508919203 0.05308464849354376 0.07450157397691501
0 0.3945480631276901 0.26180482686253936 0.05164992826398852 0.11017838405036726
0 0.5028694404591105 0.3163693599160546 0.06456241032998565 0.06820566631689402
0 0.8536585365853658 0.14375655823714587 0.04878048780487805 0.1049317943336831
0 0.7517934002869441 0.18677859391395593 0.07747489239598278 0.09863588667366212
0 0.8228120516499282 0.25078698845750264 0.05308464849354376 0.06715634837355719
0 0.8751793400286944 0.26285414480587616 0.028694404591104734 0.07240293809024134
0 0.45480631276901007 0.24868835257082897 0.05164992826398852 0.0776495278069255
0 0.5021520803443329 0.24921301154249736 0.02295552367288379 0.06610703043022036
0 0.697274031563845 0.3809024134312697 0.06312769010043041 0.0776495278069255
0 0.8658536585365854 0.3415529905561385 0.07317073170731707 0.07450157397691501
0 0.8163558106169297 0.35729275970619095 0.04591104734576758 0.07030430220356768
0 0.8156384505021521 0.4391395592864638 0.06743185078909612 0.07450157397691501
0 0.6040172166427547 0.4386149003147954 0.043041606886657105 0.05036726128016789
0 0.7560975609756098 0.40083945435466944 0.06025824964131994 0.13011542497376705
0 0.4648493543758967 0.41500524658971666 0.054519368723098996 0.07660020986358866
0 0.33428981348637016 0.4155299055613851 0.03443328550932568 0.07135362014690451
0 0.38091822094691535 0.419202518363064 0.06169296987087518 0.07660020986358866
0 0.5810616929698709 0.24763903462749212 0.0746054519368723 0.12172088142707241
0 0.40100430416068866 0.5236096537250787 0.03012912482065997 0.06295907660020986
0 0.45480631276901007 0.5246589716684156 0.04591104734576758 0.06295907660020986
0 0.40746054519368724 0.6731374606505771 0.08034433285509325 0.07869884575026233
0 0.4748923959827834 0.6652675760755509 0.04591104734576758 0.10073452256033578
0 0.5573888091822095 0.3814270724029381 0.06743185078909612 0.12906610703043023
0 0.6642754662840746 0.229800629590766 0.07173601147776183 0.03777544596012592
0 0.3586800573888092 0.4900314795383001 0.040172166427546625 0.04197271773347324
0 0.3285509325681492 0.5073452256033578 0.040172166427546625 0.04302203567681007
