0 0.8001824817518248 0.1404867256637168 0.05656934306569343 0.08849557522123894
0 0.7737226277372263 0.24972345132743362 0.08029197080291971 0.0625
0 0.761405109489051 0.30420353982300885 0.046532846715328466 0.06747787610619468
0 0.7650547445255474 0.3642146017699115 0.03923357664233577 0.014933628318584071
0 0.6961678832116789 0.12748893805309736 0.06204379562043796 0.0790929203539823
0 0.6893248175182481 0.23672566371681417 0.07755474452554745 0.12942477876106195
0 0.6204379562043796 0.10481194690265487 0.07846715328467153 0.03484513274336283
0 0.6094890510948905 0.16924778761061948 0.043795620437956206 0.06747787610619468
0 0.6131386861313869 0.2538716814159292 0.05474452554744526 0.05641592920353982
0 0.6017335766423357 0.32051991150442477 0.09215328467153285 0.0713495575221239
0 0.5597627737226277 0.3752765486725664 0.046532846715328466 0.023783185840707963
0 0.4625912408759124 0.16261061946902655 0.05656934306569343 0.061946902654867256
0 0.4543795620437956 0.23893805309734514 0.060218978102189784 0.07743362831858407
0 0.4593978102189781 0.310287610619469 0.03923357664233577 0.04092920353982301
0 0.44616788321167883 0.37776548672566373 0.060218978102189784 0.05752212389380531
0 0.4498175182481752 0.45353982300884954 0.06204379562043796 0.07300884955752213
0 0.4726277372262774 0.5204646017699115 0.03832116788321168 0.0420353982300885
0 0.47764598540145986 0.5680309734513275 0.04288321167883212 0.034292035398230086
0 0.3759124087591241 0.16454646017699115 0.06751824817518248 0.07577433628318585
0 0.3686131386861314 0.24170353982300885 0.060218978102189784 0.059734513274336286
0 0.35264598540145986 0.34098451327433627 0.07755474452554745 0.08904867256637168
0 0.3531021897810219 0.4336283185840708 0.06934306569343066 0.06969026548672566
0 0.3704379562043796 0.4983407079646018 0.051094890510948905 0.048672566371681415
0 0.41833941605839414 0.5143805309734514 0.03375912408759124 0.034292035398230086
0 0.4197080291970803 0.5613938053097345 0.040145985401459854 0.01991150442477876
0 0.3686131386861314 0.5558628318584071 0.041970802919708027 0.049778761061946904
