0 0.4519650655021834 0.3239614994934144 0.09461426491994178 0.061296859169199594
0 0.4410480349344978 0.39488348530901723 0.12809315866084425 0.06332320162107397
0 0.4606986899563319 0.47391084093211755 0.11790393013100436 0.0734549138804458
0 0.44614264919941776 0.5909321175278622 0.11208151382823872 0.1099290780141844
0 0.4272197962154294 0.7211246200607903 0.11208151382823872 0.08865248226950355
0 0.38064046579330424 0.8199088145896657 0.10334788937409024 0.06534954407294832
0 0.6324599708879185 0.2981256332320162 0.053857350800582245 0.034954407294832825
0 0.6295487627365357 0.3667679837892604 0.10334788937409024 0.0729483282674772
0 0.63391557496361 0.4455420466058764 0.11790393013100436 0.0673758865248227
0 0.653566229985444 0.5329280648429585 0.09606986899563319 0.08206686930091185
0 0.6135371179039302 0.6352583586626139 0.11499272197962154 0.07396149949341439
0 0.7656477438136827 0.2945795339412361 0.10189228529839883 0.06940222897669707
0 0.7532751091703057 0.19275582573454914 0.0975254730713246 0.08966565349544073
0 0.7707423580786026 0.3589159067882472 0.10625909752547306 0.06332320162107397
0 0.7751091703056768 0.4402228976697062 0.0975254730713246 0.06788247213779129
0 0.7627365356622998 0.5144376899696048 0.09606986899563319 0.06636271529888552
0 0.3748180494905386 0.882725430597771 0.0975254730713246 0.04609929078014184
