0 0.41821561338289964 0.2111111111111111 0.05762081784386617 0.14
0 0.4112453531598513 0.39222222222222225 0.06970260223048327 0.12444444444444444
0 0.44144981412639406 0.5294444444444445 0.06505576208178439 0.12777777777777777
0 0.5065055762081785 0.18666666666666668 0.05204460966542751 0.1288888888888889
0 0.5060408921933085 0.3561111111111111 0.04553903345724907 0.12555555555555556
0 0.5144052044609665 0.5322222222222223 0.05483271375464684 0.1511111111111111
0 0.48977695167286245 0.6205555555555555 0.046468401486988845 0.023333333333333334
0 0.6003717472118959 0.28055555555555556 0.046468401486988845 0.12111111111111111
0 0.5985130111524164 0.41388888888888886 0.05018587360594796 0.08777777777777777
0 0.6105947955390335 0.5277777777777778 0.05018587360594796 0.11555555555555555
0 0.650092936802974 0.14333333333333334 0.04925650557620818 0.10666666666666667
0 0.6528810408921933 0.29555555555555557 0.041821561338289966 0.18
0 0.6644981412639405 0.5127777777777778 0.05762081784386617 0.17444444444444446
0 0.7156133828996283 0.1461111111111111 0.048327137546468404 0.11222222222222222
0 0.7160780669144982 0.29888888888888887 0.047397769516728624 0.14888888888888888
0 0.7314126394052045 0.475 0.055762081784386616 0.12333333333333334
0 0.7932156133828996 0.4077777777777778 0.05297397769516728 0.11777777777777777
0 0.7908921933085502 0.5166666666666667 0.040892193308550186 0.051111111111111114
0 0.8578066914498141 0.41444444444444445 0.06505576208178439 0.14666666666666667
0 0.8489776951672863 0.5405555555555556 0.05297397769516728 0.07
0 0.8350371747211895 0.6472222222222223 0.07156133828996282 0.09888888888888889
0 0.7704460966542751 0.81 0.040892193308550186 0.017777777777777778
0 0.7588289962825279 0.8483333333333334 0.039962825278810406 0.05
0 0.7058550185873605 0.6144444444444445 0.041821561338289966 0.03111111111111111
0 0.5055762081784386 0.8694444444444445 0.04460966542750929 0.03666666666666667
0 0.587360594795539 0.11666666666666667 0.03531598513011153 0.14222222222222222
