0 0.26201298701298703 0.12632696390658174 0.04090909090909091 0.12738853503184713
0 0.25746753246753246 0.25 0.04090909090909091 0.1178343949044586
0 0.2461038961038961 0.4018046709129512 0.03116883116883117 0.1029723991507431
0 0.23506493506493506 0.5642250530785563 0.032467532467532464 0.14118895966029724
0 0.3399350649350649 0.19851380042462846 0.05779220779220779 0.18046709129511676
0 0.4301948051948052 0.23089171974522293 0.03961038961038961 0.16878980891719744
0 0.4211038961038961 0.43471337579617836 0.03571428571428571 0.1751592356687898
0 0.41915584415584417 0.636411889596603 0.03571428571428571 0.1602972399150743
0 0.47824675324675325 0.6395966029723992 0.05519480519480519 0.18577494692144372
0 0.6866883116883117 0.09129511677282377 0.048701298701298704 0.08917197452229299
