0 0.19907407407407407 0.3546228710462287 0.13148148148148148 0.23722627737226276
0 0.3351851851851852 0.16423357664233576 0.14074074074074075 0.17274939172749393
0 0.3425925925925926 0.3734793187347932 0.1037037037037037 0.17761557177615572
0 0.32037037037037036 0.5809002433090025 0.13333333333333333 0.20072992700729927
0 0.49722222222222223 0.19038929440389293 0.10555555555555556 0.19343065693430658
0 0.487962962962963 0.39659367396593675 0.13518518518518519 0.18004866180048662
0 0.475 0.6204379562043796 0.11666666666666667 0.18491484184914841
0 0.637962962962963 0.18552311435523114 0.13148148148148148 0.19829683698296838
0 0.6370370370370371 0.4032846715328467 0.08888888888888889 0.14720194647201945
0 0.6601851851851852 0.6052311435523114 0.15 0.15693430656934307
