0 0.17203867848509266 0.5717592592592593 0.0781627719580983 0.08256172839506173
0 0.6120064464141821 0.6018518518518519 0.07655116841257051 0.0933641975308642
0 0.6051571313456889 0.685570987654321 0.06285253827558421 0.033179012345679014
0 0.6152296535052377 0.7347608024691358 0.0958904109589041 0.050540123456790126
0 0.6156325543916197 0.7764274691358025 0.09186140209508462 0.02662037037037037
0 0.6200644641418211 0.8350694444444444 0.0781627719580983 0.053626543209876545
0 0.6321514907332796 0.9324845679012346 0.08460918614020951 0.08333333333333333
0 0.8593875906526994 0.7754629629629629 0.07332796132151491 0.05015432098765432
0 0.871474617244158 0.8460648148148148 0.0717163577759871 0.04398148148148148
0 0.8315874294923449 0.7064043209876543 0.05801772763900081 0.05555555555555555
