0 0.2733516483516483 0.1941860465116279 0.11813186813186813 0.07209302325581396
0 0.28846153846153844 0.30872093023255814 0.07692307692307693 0.07790697674418605
0 0.27884615384615385 0.3825581395348837 0.1346153846153846 0.09534883720930233
0 0.30494505494505497 0.47151162790697676 0.13186813186813187 0.05930232558139535
0 0.2980769230769231 0.5767441860465117 0.12912087912087913 0.08604651162790698
0 0.42994505494505497 0.1936046511627907 0.08516483516483517 0.08488372093023255
0 0.48214285714285715 0.33313953488372094 0.10164835164835165 0.05
0 0.4642857142857143 0.44534883720930235 0.14285714285714285 0.09767441860465116
0 0.48626373626373626 0.5488372093023256 0.07692307692307693 0.06744186046511629
0 0.48214285714285715 0.6331395348837209 0.11263736263736264 0.07093023255813953
0 0.5934065934065934 0.16395348837209303 0.12637362637362637 0.06976744186046512
