0 0.4453125 0.3652058432934927 0.078125 0.05312084993359894
0 0.4609375 0.5830013280212484 0.07465277777777778 0.10889774236387782
0 0.5416666666666666 0.3705179282868526 0.06597222222222222 0.05046480743691899
0 0.5625 0.5405046480743692 0.04513888888888889 0.09296148738379814
0 0.6597222222222222 0.3598937583001328 0.04861111111111111 0.10092961487383798
0 0.8428819444444444 0.23837981407702524 0.05381944444444445 0.12084993359893759
0 0.7161458333333334 0.3559096945551129 0.050347222222222224 0.10092961487383798
0 0.8211805555555556 0.35391766268260294 0.08680555555555555 0.09428950863213811
0 0.7647569444444444 0.5551128818061088 0.036458333333333336 0.07436918990703852
0 0.8602430555555556 0.49800796812749004 0.043402777777777776 0.1301460823373174
0 0.4973958333333333 0.24900398406374502 0.0642361111111111 0.099601593625498
