0 0.24759615384615385 0.20293847566574838 0.052884615384615384 0.05509641873278237
0 0.31490384615384615 0.1859504132231405 0.05929487179487179 0.05968778696051423
0 0.38221153846153844 0.18089990817263543 0.046474358974358976 0.07346189164370982
0 0.44150641025641024 0.18640955004591367 0.052884615384615384 0.10284664830119375
0 0.5064102564102564 0.15472910927456382 0.060897435897435896 0.021120293847566574
0 0.5448717948717948 0.2295684113865932 0.057692307692307696 0.09917355371900827
0 0.24439102564102563 0.330119375573921 0.052884615384615384 0.08172635445362718
0 0.24358974358974358 0.4081726354453627 0.03205128205128205 0.03213957759412305
0 0.327724358974359 0.3751147842056933 0.05929487179487179 0.0743801652892562
0 0.4182692307692308 0.38475665748393023 0.10576923076923077 0.08999081726354453
0 0.5721153846153846 0.34618916437098257 0.07371794871794872 0.09182736455463728
0 0.655448717948718 0.3622589531680441 0.03205128205128205 0.03581267217630854
0 0.6650641025641025 0.4219467401285583 0.08333333333333333 0.05968778696051423
0 0.749198717948718 0.3953168044077135 0.06891025641025642 0.10560146923783287
0 0.1907051282051282 0.5941230486685032 0.0641025641025641 0.06611570247933884
0 0.18990384615384615 0.6932966023875115 0.07211538461538461 0.0844811753902663
0 0.27403846153846156 0.5674931129476584 0.0641025641025641 0.07346189164370982
0 0.28044871794871795 0.6808999081726355 0.10897435897435898 0.10743801652892562
0 0.37419871794871795 0.5583103764921947 0.11057692307692307 0.05509641873278237
0 0.4407051282051282 0.6074380165289256 0.08012820512820513 0.10560146923783287
0 0.35336538461538464 0.743801652892562 0.06570512820512821 0.07529843893480258
