0 0.3025 0.262258543833581 0.055 0.05794947994056464
0 0.32125 0.3655274888558692 0.0575 0.0861812778603269
0 0.38125 0.2511144130757801 0.0575 0.08320950965824665
0 0.4075 0.36181277860326894 0.07 0.04309063893016345
0 0.46375 0.23922734026745915 0.0425 0.03268945022288262
0 0.4925 0.33580980683506684 0.075 0.10698365527488855
0 0.58125 0.2800891530460624 0.0475 0.05794947994056464
0 0.65 0.29271916790490343 0.05 0.04457652303120357
0 0.30625 0.17459138187221396 0.0675 0.07280832095096583
0 0.24 0.42199108469539376 0.08 0.04457652303120357
