0 0.6217391304347826 0.17387287509238727 0.024844720496894408 0.02697708795269771
0 0.6282608695652174 0.20750184774575017 0.021739130434782608 0.02328159645232816
0 0.6711180124223602 0.2459349593495935 0.030434782608695653 0.038063562453806356
0 0.7164596273291925 0.27365114560236514 0.021739130434782608 0.02180339985218034
0 0.6509316770186335 0.3011825572801183 0.02360248447204969 0.022172949002217297
0 0.49440993788819876 0.6834811529933481 0.02732919254658385 0.02402069475240207
0 0.45993788819875775 0.6897634885439764 0.02422360248447205 0.0336289726533629
0 0.4894409937888199 0.7163710273466372 0.031055900621118012 0.01736881005173688
0 0.4614906832298137 0.7152623798965262 0.02111801242236025 0.009977827050997782
0 0.49130434782608695 0.74150036954915 0.02608695652173913 0.02032520325203252
0 0.4795031055900621 0.7690317812269032 0.031055900621118012 0.022172949002217297
0 0.4301242236024845 0.7389135254988913 0.02298136645962733 0.025498891352549888
0 0.4369565217391304 0.8292682926829268 0.02298136645962733 0.04582409460458241
0 0.4031055900621118 0.8240946045824095 0.02111801242236025 0.04730229120473023
0 0.44627329192546583 0.7634885439763488 0.031677018633540374 0.022172949002217297
0 0.4593167701863354 0.9477087952697709 0.037888198757763975 0.0336289726533629
