0 0.39687756778964667 0.17285067873303167 0.049301561216105176 0.051583710407239816
0 0.3874281018898932 0.2414027149321267 0.04847986852917009 0.052941176470588235
0 0.39482333607230896 0.3018099547511312 0.03697617091207888 0.02895927601809955
0 0.3861955628594905 0.3608597285067873 0.062448644207066556 0.04841628959276018
0 0.7218570254724733 0.11199095022624435 0.06491372226787182 0.08914027149321267
0 0.7317173377156944 0.22149321266968325 0.06491372226787182 0.060180995475113123
0 0.7403451109285127 0.29298642533936653 0.047658175842235 0.06108597285067873
0 0.7510271158586689 0.36855203619909505 0.05258833196384552 0.05475113122171946
0 0.7493837304847987 0.4583710407239819 0.10353327855382087 0.0669683257918552
0 0.7559572719802794 0.1755656108597285 0.05916187345932621 0.0334841628959276
