0 0.4936708860759494 0.36052871467639014 0.0759493670886076 0.06289881494986327
0 0.5878164556962026 0.36873290793072017 0.07120253164556962 0.07566089334548769
0 0.6835443037974683 0.3495897903372835 0.08544303797468354 0.05742935278030994
0 0.7800632911392406 0.3518687329079307 0.05379746835443038 0.08751139471285324
0 0.8528481012658228 0.35551504102096626 0.060126582278481014 0.08568824065633546
0 0.5007911392405063 0.4448495897903373 0.0680379746835443 0.07839562443026436
0 0.5854430379746836 0.44758432087511396 0.08227848101265822 0.05834092980856882
0 0.678006329113924 0.4074749316317229 0.08702531645569621 0.02552415679124886
0 0.680379746835443 0.47037374658158615 0.09177215189873418 0.05834092980856882
0 0.7792721518987342 0.45715587967183224 0.08386075949367089 0.07019143117593436
0 0.571993670886076 0.5 0.08702531645569621 0.04831358249772106
0 0.4549050632911392 0.5783956244302644 0.08702531645569621 0.09571558796718323
0 0.5822784810126582 0.577939835916135 0.06645569620253164 0.09115770282588878
0 0.7492088607594937 0.5464904284412033 0.09651898734177215 0.08113035551504102
0 0.4454113924050633 0.6681859617137648 0.09335443037974683 0.06381039197812215
0 0.5965189873417721 0.6845943482224248 0.10759493670886076 0.056517775752051046
