0 0.7465373961218836 0.204 0.036011080332409975 0.0944
0 0.7340720221606648 0.3232 0.07202216066481995 0.112
0 0.7285318559556787 0.4096 0.0443213296398892 0.048
0 0.7423822714681441 0.492 0.09418282548476455 0.088
0 0.6329639889196675 0.2488 0.09141274238227147 0.1136
0 0.6066481994459834 0.384 0.11080332409972299 0.144
0 0.6038781163434903 0.5192 0.12742382271468145 0.0656
0 0.502770083102493 0.2664 0.10249307479224377 0.0592
0 0.5013850415512465 0.34 0.08310249307479224 0.0496
0 0.47506925207756234 0.412 0.08033240997229917 0.0976
0 0.3545706371191136 0.3408 0.12742382271468145 0.0448
0 0.31163434903047094 0.4456 0.09141274238227147 0.12
