0 0.3778409090909091 0.2585394581861013 0.07007575757575757 0.0624263839811543
0 0.509469696969697 0.267962308598351 0.0946969696969697 0.0812720848056537
0 0.5037878787878788 0.408716136631331 0.07196969696969698 0.10600706713780919
0 0.3996212121212121 0.6048292108362779 0.06060606060606061 0.10011778563015312
0 0.5056818181818182 0.5830388692579506 0.07954545454545454 0.12014134275618374
0 0.6647727272727273 0.2414605418138987 0.07954545454545454 0.03769140164899882
0 0.6676136363636364 0.3250883392226148 0.054924242424242424 0.0706713780918728
0 0.6581439393939394 0.4375736160188457 0.04734848484848485 0.05771495877502945
0 0.6581439393939394 0.5653710247349824 0.08901515151515152 0.06831566548881036
0 0.7604166666666666 0.64075382803298 0.07386363636363637 0.0800942285041225
0 0.7916666666666666 0.23439340400471143 0.03409090909090909 0.04004711425206125
0 0.7651515151515151 0.31802120141342755 0.08333333333333333 0.10129564193168433
0 0.8664772727272727 0.3032979976442874 0.07007575757575757 0.050647820965842166
0 0.9412878787878788 0.3833922261484099 0.08333333333333333 0.038869257950530034
0 0.2916666666666667 0.2956419316843345 0.06060606060606061 0.05182567726737338
0 0.2831439393939394 0.3468786808009423 0.07765151515151515 0.03651354534746761
