0 0.5458333333333333 0.15223463687150837 0.07222222222222222 0.08798882681564246
0 0.5354166666666667 0.24057262569832402 0.05416666666666667 0.04399441340782123
0 0.5451388888888888 0.3170391061452514 0.10694444444444444 0.1005586592178771
0 0.5555555555555556 0.4347067039106145 0.1111111111111111 0.08310055865921788
0 0.5652777777777778 0.5310754189944135 0.11388888888888889 0.07053072625698324
0 0.5840277777777778 0.6881983240223464 0.10138888888888889 0.10963687150837989
0 0.6798611111111111 0.2297486033519553 0.07361111111111111 0.061452513966480445
0 0.7027777777777777 0.31354748603351956 0.08611111111111111 0.05726256983240224
0 0.6965277777777777 0.3959497206703911 0.12083333333333333 0.10614525139664804
0 0.7597222222222222 0.5167597765363129 0.10277777777777777 0.11452513966480447
0 0.6361111111111111 0.8135474860335196 0.10555555555555556 0.07681564245810056
0 0.5715277777777777 0.5897346368715084 0.1375 0.04259776536312849
