0 0.7208504801097394 0.11588468061051442 0.04526748971193416 0.03843979649519502
0 0.6323731138545954 0.18202374222724704 0.05486968449931413 0.04070096099491238
0 0.7030178326474623 0.17834934991520632 0.04526748971193416 0.03335217637083098
0 0.5 0.20491803278688525 0.056241426611796985 0.026568682871678916
0 0.5679012345679012 0.1961560203504805 0.05486968449931413 0.027133973996608253
0 0.5061728395061729 0.248728094968909 0.05486968449931413 0.033917467495760314
0 0.6378600823045267 0.26229508196721313 0.05761316872427984 0.04522328999434709
0 0.5795610425240055 0.24816280384397965 0.053497942386831275 0.033917467495760314
0 0.5294924554183813 0.28886376483889203 0.04938271604938271 0.03730921424533635
0 0.5829903978052127 0.28688524590163933 0.03017832647462277 0.041266252119841716
0 0.5733882030178327 0.35302430751837194 0.06035665294924554 0.04013566986998304
0 0.6426611796982168 0.3561334087054833 0.05075445816186557 0.03165630299604296
0 0.710562414266118 0.33210853589598643 0.07956104252400549 0.04578858111927643
0 0.6399176954732511 0.3996608253250424 0.04526748971193416 0.04861503674392312
0 0.6570644718792867 0.4468626342566422 0.04663923182441701 0.0322215941209723
0 0.5802469135802469 0.43781797625777275 0.07407407407407407 0.041266252119841716
0 0.5020576131687243 0.40757490107405314 0.04663923182441701 0.033917467495760314
0 0.5130315500685871 0.1546071226681741 0.06584362139917696 0.0423968343697004
0 0.5219478737997256 0.4918032786885246 0.06172839506172839 0.0497456189937818
0 0.5905349794238683 0.48558507631430187 0.05898491083676269 0.03843979649519502
0 0.6646090534979424 0.4807801017524025 0.07270233196159122 0.031091011871113624
0 0.5871056241426612 0.15432447710570943 0.06310013717421124 0.041831543244771056
