0 0.1890595009596929 0.4660347551342812 0.05950095969289827 0.0947867298578199
0 0.31094049904030713 0.174565560821485 0.07293666026871401 0.036334913112164295
0 0.5690978886756238 0.23933649289099526 0.04798464491362764 0.036334913112164295
0 0.5681381957773513 0.3222748815165877 0.046065259117082535 0.11058451816745656
0 0.5585412667946257 0.4320695102685624 0.03838771593090211 0.052132701421800945
0 0.29558541266794625 0.509478672985782 0.09213051823416507 0.07740916271721959
0 0.6497120921305183 0.2693522906793049 0.06333973128598848 0.08688783570300158
0 0.6487523992322457 0.3783570300157978 0.06525911708253358 0.0679304897314376
0 0.6429942418426103 0.4976303317535545 0.09596928982725528 0.11058451816745656
0 0.7773512476007678 0.43838862559241704 0.08445297504798464 0.1406003159557662
