0 0.4090909090909091 0.21343638525564804 0.02922077922077922 0.089179548156956
0 0.4902597402597403 0.2122473246135553 0.05844155844155844 0.07015457788347206
0 0.7305194805194806 0.10998810939357907 0.06818181818181818 0.07253269916765755
0 0.8076298701298701 0.1456599286563615 0.030844155844155844 0.02497027348394768
0 0.8141233766233766 0.21521997621878716 0.08928571428571429 0.04756242568370987
0 0.8043831168831169 0.3864447086801427 0.10551948051948051 0.13793103448275862
0 0.26704545454545453 0.34066587395957193 0.04383116883116883 0.07966706302021404
0 0.20941558441558442 0.4797859690844233 0.06818181818181818 0.14149821640903687
0 0.31737012987012986 0.3376932223543401 0.03409090909090909 0.08085612366230678
0 0.4034090909090909 0.3436385255648038 0.08928571428571429 0.06896551724137931
0 0.4862012987012987 0.3038049940546968 0.05032467532467533 0.0535077288941736
0 0.3198051948051948 0.5309155766944114 0.07467532467532467 0.09631391200951249
0 0.21996753246753248 0.5945303210463734 0.07305194805194805 0.030915576694411414
0 0.4375 0.47919143876337694 0.030844155844155844 0.10939357907253269
0 0.5227272727272727 0.4304399524375743 0.06168831168831169 0.08799048751486326
0 0.33035714285714285 0.6629013079667063 0.07305194805194805 0.10582639714625446
0 0.400974025974026 0.652794292508918 0.022727272727272728 0.1117717003567182
0 0.4431818181818182 0.6492271105826397 0.02922077922077922 0.11652794292508918
0 0.5008116883116883 0.5838287752675386 0.027597402597402596 0.11652794292508918
0 0.5097402597402597 0.7146254458977408 0.05194805194805195 0.057074910820451845
0 0.22321428571428573 0.262782401902497 0.07305194805194805 0.11652794292508918
0 0.6501623376623377 0.13971462544589774 0.0633116883116883 0.08204518430439953
