0 0.3387096774193548 0.3007518796992481 0.0967741935483871 0.11428571428571428
0 0.32150537634408605 0.42857142857142855 0.04516129032258064 0.14135338345864662
0 0.289247311827957 0.5586466165413534 0.053763440860215055 0.04661654135338346
0 0.46344086021505376 0.3218045112781955 0.09247311827956989 0.11127819548872181
0 0.45698924731182794 0.4548872180451128 0.08387096774193549 0.10075187969924812
0 0.42258064516129035 0.562406015037594 0.11397849462365592 0.06315789473684211
0 0.621505376344086 0.31353383458646616 0.13763440860215054 0.15789473684210525
0 0.5913978494623656 0.4714285714285714 0.08602150537634409 0.11278195488721804
0 0.7279569892473118 0.4195488721804511 0.07526881720430108 0.13233082706766916
0 0.7333333333333333 0.23233082706766917 0.043010752688172046 0.11879699248120301
