0 0.22160148975791433 0.14028144239226034 0.0521415270018622 0.016710642040457344
0 0.2132216014897579 0.1868953386103782 0.08379888268156424 0.05716798592788039
0 0.42830540037243947 0.17678100263852242 0.08193668528864059 0.10202286719437115
0 0.41620111731843573 0.2836411609498681 0.06517690875232775 0.044854881266490766
0 0.4581005586592179 0.40853122251539137 0.1452513966480447 0.167985927880387
0 0.4292364990689013 0.5505716798592788 0.10986964618249534 0.08091468777484609
0 0.41247672253258844 0.6868953386103782 0.14711359404096835 0.11785400175901495
0 0.6163873370577281 0.1868953386103782 0.0595903165735568 0.04661389621811785
0 0.6070763500931099 0.30606860158311344 0.1266294227188082 0.11433597185576078
0 0.6368715083798883 0.4256816182937555 0.0893854748603352 0.07036059806508356
0 0.638733705772812 0.5510114335971856 0.148975791433892 0.15391380826737028
0 0.611731843575419 0.6987686895338611 0.07635009310986965 0.10817941952506596
