0 0.2149866190900981 0.16125 0.049955396966993755 0.03375
0 0.17975022301516502 0.22875 0.04727921498661909 0.0425
0 0.15254237288135594 0.303125 0.028545941123996433 0.03625
0 0.13648528099910795 0.368125 0.039250669045495096 0.04375
0 0.10303300624442462 0.3821875 0.02230151650312221 0.030625
0 0.11418376449598573 0.4290625 0.039250669045495096 0.046875
0 0.12042818911685994 0.48625 0.057091882247992866 0.025
0 0.11953612845673506 0.5265625 0.0463871543264942 0.023125
0 0.12578055307760927 0.58125 0.028545941123996433 0.0475
0 0.1409455842997324 0.6434375 0.04103479036574487 0.043125
0 0.1391614629794826 0.7103125 0.05530776092774309 0.064375
0 0.14674397859054417 0.785 0.02230151650312221 0.03625
0 0.2256913470115968 0.5978125 0.030330062444246207 0.030625
0 0.22613737734165923 0.7178125 0.02408563782337199 0.049375
0 0.4032114183764496 0.4671875 0.05173951828724353 0.029375
0 0.4723461195361285 0.4715625 0.036574487065120426 0.046875
0 0.4830508474576271 0.6965625 0.027653880463871544 0.036875
0 0.4848349687778769 0.7928125 0.045495093666369314 0.024375
0 0.4817127564674398 0.82375 0.039250669045495096 0.01625
0 0.5463871543264942 0.4528125 0.045495093666369314 0.039375
0 0.5548617305976806 0.5575 0.0231935771632471 0.02125
0 0.5548617305976806 0.6996875 0.03746654772524532 0.043125
0 0.5548617305976806 0.80875 0.04103479036574487 0.04125
0 0.6284567350579839 0.8178125 0.02408563782337199 0.025625
0 0.8755575379125781 0.316875 0.056199821587867974 0.07375
0 0.8871543264942016 0.78875 0.03479036574487065 0.04375
0 0.8755575379125781 0.840625 0.025869759143621766 0.0325
0 0.8777876895628903 0.893125 0.030330062444246207 0.04625
0 0.21231043710972347 0.385 0.03389830508474576 0.01625
0 0.21454058876003568 0.49375 0.03479036574487065 0.02375
0 0.3898305084745763 0.6009375 0.03568242640499554 0.019375
0 0.38670829616413915 0.7159375 0.025869759143621766 0.018125
0 0.37644959857270294 0.82125 0.03389830508474576 0.02
0 0.22301516503122212 0.8375 0.030330062444246207 0.01875
0 0.636485280999108 0.718125 0.02408563782337199 0.0175
0 0.8019625334522748 0.8403125 0.030330062444246207 0.013125
0 0.8247100802854594 0.489375 0.03479036574487065 0.025
0 0.6284567350579839 0.6015625 0.027653880463871544 0.010625
0 0.6347011596788582 0.4746875 0.03479036574487065 0.023125
0 0.8073148974130241 0.3809375 0.03389830508474576 0.020625
0 0.8987511150758252 0.4059375 0.05084745762711865 0.079375
0 0.632471008028546 0.3440625 0.03568242640499554 0.015625
0 0.8108831400535237 0.215 0.07493309545049064 0.0725
0 0.8920606601248885 0.7325 0.03389830508474576 0.02625
