0 0.5990712074303406 0.06637863315003928 0.04231166150670795 0.029065200314218383
0 0.6068111455108359 0.1335428122545169 0.04540763673890609 0.07227022780832679
0 0.6135190918472653 0.206598586017282 0.02786377708978328 0.03613511390416339
0 0.6238390092879257 0.2945797329143755 0.05675954592363261 0.0974076983503535
0 0.6202270381836945 0.41044776119402987 0.0392156862745098 0.06991358994501179
0 0.587203302373581 0.5467399842890809 0.05985552115583075 0.12411626080125687
0 0.5748194014447885 0.6692851531814611 0.04953560371517028 0.09112333071484682
0 0.5629514963880289 0.7871170463472114 0.05675954592363261 0.08012568735271014
0 0.7012383900928792 0.14336213668499606 0.04437564499484004 0.0793401413982718
0 0.7198142414860681 0.21602513747054203 0.017543859649122806 0.03456402199528672
0 0.7063983488132095 0.295758051846033 0.05263157894736842 0.09505106048703849
0 0.7074303405572755 0.41751767478397483 0.054695562435500514 0.08719560094265515
0 0.6904024767801857 0.5467399842890809 0.06811145510835913 0.13668499607227022
0 0.6867905056759546 0.7038491751767478 0.04437564499484004 0.09897879025923016
