0 0.9732354334438654 0.5066666666666667 0.024159166271909047 0.07529411764705882
0 0.9438654666035055 0.5031372549019608 0.024159166271909047 0.06509803921568627
0 0.9237328280435813 0.6011764705882353 0.025580293699668404 0.08549019607843138
0 0.9123638086215063 0.5152941176470588 0.01989578398863098 0.05803921568627451
0 0.8936522974893415 0.6011764705882353 0.02700142112742776 0.06666666666666667
0 0.8858360966366651 0.5145098039215686 0.0246328754144955 0.054901960784313725
0 0.8550450023685457 0.5450980392156862 0.020843202273803884 0.06901960784313725
0 0.8304121269540502 0.6164705882352941 0.02179062055897679 0.08784313725490196
0 0.8540975840833728 0.6403921568627451 0.025580293699668404 0.09333333333333334
0 0.8479393652297489 0.7239215686274509 0.01231643770724775 0.04392156862745098
0 0.8401231643770725 0.7686274509803922 0.011842728564661297 0.023529411764705882
0 0.8434391283751776 0.8101960784313725 0.01752723827569872 0.03764705882352941
0 0.8455708195168167 0.8721568627450981 0.014211274277593557 0.06901960784313725
0 0.837517764092847 0.9345098039215687 0.011369019422074847 0.02431372549019608
0 0.7269066792989105 0.4380392156862745 0.02226432970156324 0.06666666666666667
0 0.7543818095689246 0.4513725490196078 0.026054002842254856 0.06352941176470588
0 0.7396968261487447 0.6039215686274509 0.016579819990525817 0.025098039215686273
0 0.7605400284225485 0.611764705882353 0.01468498342018001 0.042352941176470586
0 0.7771198484130744 0.6152941176470588 0.010895310279488394 0.04784313725490196
0 0.792515395547134 0.6129411764705882 0.014211274277593557 0.04941176470588235
0 0.7415916627190905 0.7756862745098039 0.018474656560871626 0.0596078431372549
0 0.7636191378493605 0.7717647058823529 0.01705352913311227 0.06588235294117648
0 0.7844623401231644 0.779607843137255 0.01705352913311227 0.054901960784313725
0 0.635243960208432 0.4866666666666667 0.01705352913311227 0.05568627450980392
0 0.6567977261961155 0.48274509803921567 0.012790146849834202 0.03215686274509804
0 0.6392704879204169 0.571764705882353 0.013737565135007106 0.025098039215686273
0 0.6350071056371388 0.6113725490196078 0.013737565135007106 0.03686274509803922
0 0.6575082899099952 0.6192156862745098 0.022738038844149693 0.04156862745098039
0 0.6797726196115585 0.6352941176470588 0.013263855992420654 0.04392156862745098
0 0.7046423495973473 0.6831372549019608 0.013737565135007106 0.03764705882352941
0 0.6811937470393179 0.6980392156862745 0.011369019422074847 0.05803921568627451
0 0.6954050213169114 0.7462745098039215 0.01705352913311227 0.05725490196078432
0 0.6743249644718143 0.7890196078431373 0.011842728564661297 0.0407843137254902
0 0.6437707247749882 0.8101960784313725 0.02179062055897679 0.05176470588235294
0 0.5883467550923733 0.3129411764705882 0.015158692562766462 0.034509803921568626
0 0.5904784462340124 0.38313725490196077 0.02226432970156324 0.06509803921568627
0 0.5663192799621033 0.3050980392156863 0.01752723827569872 0.03764705882352941
0 0.55139744197063 0.37019607843137253 0.022738038844149693 0.05803921568627451
0 0.5594504973945997 0.43529411764705883 0.03221222169587873 0.04392156862745098
0 0.39909995262908576 0.4027450980392157 0.028896257697773566 0.03372549019607843
0 0.3969682614874467 0.4745098039215686 0.018948365703458078 0.034509803921568626
0 0.40265277119848414 0.5658823529411765 0.025580293699668404 0.050980392156862744
0 0.40265277119848414 0.6235294117647059 0.016106110847939364 0.0392156862745098
0 0.3739933680720038 0.611764705882353 0.024159166271909047 0.042352941176470586
0 0.302936996684036 0.40862745098039216 0.0071056371387967785 0.06431372549019608
0 0.2839886309805779 0.4168627450980392 0.02510658455708195 0.06666666666666667
0 0.26480341070582664 0.591764705882353 0.027475130270014213 0.043137254901960784
0 0.17266698247276172 0.5062745098039215 0.019422074846044527 0.07607843137254902
0 0.18308858360966368 0.5913725490196079 0.021316911416390336 0.07372549019607844
0 0.20298436759829463 0.652156862745098 0.02226432970156324 0.04941176470588235
0 0.20630033159639982 0.7247058823529412 0.019422074846044527 0.04549019607843137
0 0.14495499763145428 0.5047058823529412 0.02179062055897679 0.06666666666666667
0 0.15608716248223592 0.5992156862745098 0.02510658455708195 0.07215686274509804
0 0.11274277593557555 0.5145098039215686 0.031264803410705824 0.10196078431372549
0 0.11961155850307911 0.6227450980392157 0.030791094268119375 0.08784313725490196
0 0.07863571766935101 0.6082352941176471 0.020843202273803884 0.07137254901960784
0 0.0783988630980578 0.5101960784313726 0.018474656560871626 0.0603921568627451
0 0.2562766461392705 0.4176470588235294 0.020843202273803884 0.021176470588235293
0 0.26148744670772145 0.45176470588235296 0.018000947418285174 0.03607843137254902
