0 0.39757914338919925 0.23694267515923567 0.061452513966480445 0.12738853503184713
0 0.5130353817504656 0.13121019108280255 0.05772811918063315 0.06878980891719745
0 0.5027932960893855 0.23121019108280255 0.055865921787709494 0.0980891719745223
0 0.5186219739292365 0.3159235668789809 0.061452513966480445 0.0535031847133758
0 0.6126629422718808 0.1356687898089172 0.037243947858473 0.03949044585987261
0 0.6312849162011173 0.25987261146496815 0.0595903165735568 0.09171974522292993
0 0.7262569832402235 0.16687898089171974 0.040968342644320296 0.045859872611464965
0 0.7486033519553073 0.28152866242038216 0.0633147113594041 0.09171974522292993
0 0.39106145251396646 0.5643312101910828 0.0856610800744879 0.10191082802547771
0 0.505586592178771 0.5369426751592357 0.061452513966480445 0.07006369426751592
0 0.5065176908752328 0.6573248407643312 0.0670391061452514 0.05605095541401274
0 0.6210428305400373 0.5337579617834395 0.035381750465549346 0.07643312101910828
0 0.6266294227188082 0.6203821656050955 0.04655493482309125 0.05605095541401274
0 0.6964618249534451 0.5363057324840764 0.0633147113594041 0.05859872611464968
0 0.6945996275605214 0.6184713375796178 0.0595903165735568 0.05477707006369427
0 0.7877094972067039 0.5923566878980892 0.0893854748603352 0.09426751592356689
