0 0.8028169014084507 0.3081896551724138 0.06103286384976526 0.10201149425287356
0 0.795774647887324 0.4238505747126437 0.06572769953051644 0.09195402298850575
0 0.8004694835680751 0.521551724137931 0.056338028169014086 0.040229885057471264
0 0.6924882629107981 0.27873563218390807 0.10328638497652583 0.08045977011494253
0 0.7030516431924883 0.40660919540229884 0.04929577464788732 0.13505747126436782
0 0.6737089201877934 0.5272988505747126 0.09859154929577464 0.05459770114942529
0 0.5762910798122066 0.3146551724137931 0.1056338028169014 0.11781609195402298
0 0.5516431924882629 0.4525862068965517 0.0892018779342723 0.10344827586206896
0 0.5046948356807511 0.5438218390804598 0.1596244131455399 0.05890804597701149
0 0.4096244131455399 0.23635057471264367 0.09624413145539906 0.06752873563218391
0 0.4154929577464789 0.33620689655172414 0.018779342723004695 0.07183908045977011
0 0.2535211267605634 0.39727011494252873 0.07042253521126761 0.03017241379310345
