0 0.4365482233502538 0.3100097181729835 0.08798646362098139 0.08746355685131195
0 0.7098138747884941 0.358600583090379 0.049069373942470386 0.1185617103984451
0 0.7199661590524534 0.4655004859086492 0.04230118443316413 0.042759961127308066
0 0.7368866328257191 0.5524781341107872 0.07952622673434856 0.05344995140913508
0 0.7445008460236887 0.6243926141885325 0.07445008460236886 0.057337220602526724
0 0.6734348561759729 0.6987366375121478 0.05414551607445008 0.04859086491739553
0 0.7216582064297801 0.7123420796890184 0.038917089678511 0.05830903790087463
0 0.6480541455160744 0.793488824101069 0.043993231810490696 0.06705539358600583
0 0.2825719120135364 0.7458697764820214 0.08798646362098139 0.05344995140913508
0 0.5634517766497462 0.17638483965014579 0.08460236886632826 0.11175898931000972
0 0.7106598984771574 0.1861030126336249 0.077834179357022 0.08066083576287658
0 0.823181049069374 0.19533527696793002 0.05922165820642978 0.04859086491739553
0 0.8917089678510999 0.19776482021379982 0.04060913705583756 0.05150631681243926
