0 0.9345186470078057 0.1462237365133447 0.04423243712055507 0.043725156161272004
0 0.9301821335646141 0.20897217490062464 0.04596704249783174 0.04088586030664395
0 0.9301821335646141 0.26405451448040884 0.04596704249783174 0.03520726859738785
0 0.9189071986123157 0.3231118682566723 0.06851691240242845 0.039750141964792735
0 0.8091934084995663 0.18114707552526974 0.03642671292281006 0.029528676888131742
0 0.7931483087597572 0.661839863713799 0.042497831743278404 0.031232254400908575
0 0.6522116218560278 0.19392390687109598 0.03295750216825672 0.044860874503123226
0 0.6457068516912402 0.2614991482112436 0.03902862098872507 0.05167518455423055
0 0.6366001734605378 0.3097671777399205 0.027753686036426712 0.021010789324247586
0 0.6478751084128361 0.3390119250425894 0.05030355594102342 0.022714366837024418
0 0.632263660017346 0.3858603066439523 0.055507372072853424 0.08574673480976717
0 0.5945359930615784 0.22884724588302102 0.03555941023417172 0.059057353776263484
0 0.5815264527320034 0.303236797274276 0.03555941023417172 0.060193072118114706
0 0.5585429314830876 0.3696763202725724 0.03642671292281006 0.04315729699034639
