0 0.7909395973154363 0.1001866832607343 0.04093959731543624 0.06222775357809583
0 0.8100671140939597 0.18730553827006846 0.022818791946308724 0.03982576228998133
0 0.7942953020134228 0.2268201617921593 0.019463087248322148 0.02551337896701929
0 0.876510067114094 0.29620410703173616 0.056375838926174496 0.07716241443683883
0 0.8835570469798658 0.37647790914747975 0.05167785234899329 0.0672059738643435
0 0.890268456375839 0.4489732420659614 0.05704697986577181 0.05164903546981954
0 0.8909395973154363 0.5416925948973242 0.06241610738255034 0.10640945861854387
0 0.887248322147651 0.6552582451773491 0.06711409395973154 0.07218419415059116
0 0.763758389261745 0.35158680771624146 0.028187919463087248 0.0224019912881145
0 0.77248322147651 0.7716241443683883 0.026845637583892617 0.021157436216552583
0 0.6087248322147651 0.21157436216552583 0.0348993288590604 0.03609209707529558
0 0.6087248322147651 0.3478531425015557 0.028187919463087248 0.03235843186060983
0 0.39563758389261744 0.34754200373366523 0.02348993288590604 0.026757934038581208
0 0.29161073825503353 0.32576228998133167 0.027516778523489934 0.01804604853764779
0 0.276510067114094 0.35034225264467955 0.038926174496644296 0.031113876789047916
0 0.16946308724832215 0.2118855009334163 0.0476510067114094 0.03422526446795271
0 0.137248322147651 0.28904791537025515 0.03825503355704698 0.09023024268823895
0 0.12080536912751678 0.3942128189172371 0.056375838926174496 0.049159925326695705
0 0.1325503355704698 0.46172993154947106 0.03154362416107383 0.056004978220286245
0 0.19261744966442954 0.10983198506533914 0.03758389261744966 0.07529558182949596
0 0.7758389261744967 0.6487243310516491 0.026845637583892617 0.011823273179838207
