0 0.7267025089605734 0.2077720207253886 0.0985663082437276 0.12538860103626942
0 0.5976702508960573 0.3067357512953368 0.09498207885304659 0.09119170984455958
0 0.5922939068100358 0.4139896373056995 0.0985663082437276 0.08601036269430051
0 0.546594982078853 0.5367875647668394 0.1111111111111111 0.10155440414507771
0 0.5582437275985663 0.7020725388601037 0.07347670250896057 0.14404145077720207
0 0.4166666666666667 0.27253886010362693 0.06272401433691756 0.05181347150259067
0 0.43010752688172044 0.33678756476683935 0.05734767025089606 0.08082901554404145
0 0.43727598566308246 0.4305699481865285 0.1111111111111111 0.06735751295336788
0 0.2939068100358423 0.32538860103626943 0.0931899641577061 0.09533678756476684
0 0.37455197132616486 0.705181347150259 0.14336917562724014 0.16062176165803108
0 0.19086021505376344 0.5398963730569948 0.07347670250896057 0.06424870466321243
0 0.3817204301075269 0.5461139896373057 0.1039426523297491 0.1533678756476684
0 0.22939068100358423 0.6108808290155441 0.05734767025089606 0.05906735751295337
