0 0.8753086419753087 0.17318435754189945 0.11604938271604938 0.17597765363128492
0 0.7358024691358025 0.2527932960893855 0.1728395061728395 0.1340782122905028
0 0.8123456790123457 0.36731843575418993 0.1037037037037037 0.05027932960893855
0 0.7666666666666667 0.4273743016759777 0.05185185185185185 0.06424581005586592
0 0.45185185185185184 0.35963687150837986 0.12839506172839507 0.0935754189944134
0 0.2308641975308642 0.3372905027932961 0.13580246913580246 0.09916201117318436
0 0.42345679012345677 0.4888268156424581 0.11604938271604938 0.027932960893854747
0 0.662962962962963 0.6752793296089385 0.05185185185185185 0.09636871508379888
0 0.3074074074074074 0.18854748603351956 0.11604938271604938 0.07541899441340782
0 0.5765432098765432 0.42946927374301674 0.1259259259259259 0.09636871508379888
