0 0.7006278538812786 0.32922636103151864 0.03824200913242009 0.07048710601719198
0 0.723458904109589 0.39083094555873926 0.02226027397260274 0.032091690544412604
0 0.728595890410959 0.4481375358166189 0.034817351598173514 0.06991404011461318
0 0.7371575342465754 0.5203438395415473 0.037100456621004564 0.04469914040114613
0 0.6495433789954338 0.3223495702005731 0.04337899543378995 0.06475644699140401
0 0.673230593607306 0.3853868194842407 0.03824200913242009 0.040687679083094556
0 0.7000570776255708 0.48567335243553006 0.01769406392694064 0.08997134670487106
0 0.5610730593607306 0.36045845272206306 0.04223744292237443 0.06303724928366762
0 0.6027397260273972 0.34355300859598853 0.028538812785388126 0.05673352435530086
0 0.786244292237443 0.7808022922636103 0.03367579908675799 0.04183381088825215
0 0.7936643835616438 0.8810888252148997 0.04280821917808219 0.08080229226361031
0 0.8613013698630136 0.8899713467048711 0.03538812785388128 0.04699140401146132
