0 0.7141057934508817 0.28294573643410853 0.04785894206549118 0.11369509043927649
0 0.7090680100755667 0.41795865633074936 0.09319899244332494 0.1330749354005168
0 0.5969773299748111 0.25129198966408267 0.060453400503778336 0.0710594315245478
0 0.6032745591939547 0.40568475452196384 0.11838790931989925 0.16279069767441862
0 0.47103274559193953 0.24741602067183463 0.07556675062972293 0.04780361757105943
0 0.46851385390428213 0.3404392764857881 0.0906801007556675 0.11498708010335917
0 0.3350125944584383 0.2842377260981912 0.07556675062972293 0.07493540051679587
0 0.3198992443324937 0.42829457364341084 0.12090680100755667 0.14082687338501293
0 0.181360201511335 0.43863049095607237 0.04534005037783375 0.04521963824289406
0 0.18513853904282115 0.48255813953488375 0.10327455919395466 0.04521963824289406
0 0.6826196473551638 0.5968992248062015 0.13602015113350127 0.1421188630490956
0 0.47858942065491183 0.5833333333333334 0.1712846347607053 0.1124031007751938
0 0.24937027707808565 0.6001291989664083 0.14105793450881612 0.17183462532299743
