0 0.6752058554437328 0.19262295081967212 0.07502287282708142 0.1448087431693989
0 0.6866422689844465 0.3469945355191257 0.09057639524245197 0.02185792349726776
0 0.6578225068618482 0.4216757741347905 0.010978956999085087 0.0947176684881603
0 0.6875571820677036 0.4335154826958106 0.03385178408051235 0.11839708561020036
0 0.570448307410796 0.16438979963570127 0.07410795974382434 0.1429872495446266
0 0.5777676120768527 0.3064663023679417 0.039341262580054895 0.12112932604735883
0 0.5892040256175664 0.4503642987249545 0.04757548032936871 0.1448087431693989
0 0.5027447392497713 0.2941712204007286 0.05215004574565416 0.1366120218579235
0 0.5242451967063129 0.41484517304189433 0.0585544373284538 0.07741347905282331
0 0.5022872827081427 0.5469034608378871 0.08051235132662397 0.16302367941712204
