0 0.8481099656357388 0.25759328897888345 0.017869415807560136 0.02227364767139138
0 0.8697594501718213 0.25976280011570724 0.02268041237113402 0.02198437951981487
0 0.9099656357388316 0.27682962105872144 0.03573883161512027 0.027191206248192074
0 0.8419243986254296 0.2805901070292161 0.02336769759450172 0.013884871275672549
0 0.8711340206185567 0.2870986404396876 0.024054982817869417 0.018802429852473244
0 0.8405498281786942 0.3080705814289847 0.017869415807560136 0.026034133641886028
0 0.8666666666666667 0.30922765403529073 0.0288659793814433 0.021405843216661846
0 0.5824742268041238 0.44952270754989876 0.03505154639175258 0.032976569279722305
0 0.5766323024054982 0.47902805901070294 0.04261168384879725 0.02198437951981487
0 0.5618556701030928 0.49783048886317616 0.02542955326460481 0.01041365345675441
0 0.5481099656357389 0.5219843795198149 0.04329896907216495 0.02632340179346254
0 0.550171821305842 0.5475846109343361 0.028178694158075602 0.01793462539774371
0 0.5422680412371134 0.5731848423488574 0.03573883161512027 0.021116575065085335
0 0.545360824742268 0.602400925658085 0.02542955326460481 0.029794619612380675
0 0.5429553264604811 0.6337865201041365 0.03711340206185567 0.026034133641886028
0 0.5412371134020618 0.6653167486259762 0.036426116838487975 0.026034133641886028
0 0.5467353951890034 0.7045125831645935 0.05429553264604811 0.031530228521839745
0 0.629553264604811 0.601822389354932 0.032989690721649485 0.03615851894706393
0 0.6326460481099656 0.6408735898177611 0.03367697594501718 0.025744865490309517
0 0.6312714776632302 0.6729823546427538 0.026804123711340205 0.014752675730402082
0 0.6573883161512027 0.7056696557708996 0.04879725085910653 0.03557998264391091
0 0.6673539518900343 0.7467457332947642 0.03848797250859107 0.031530228521839745
0 0.6810996563573883 0.7894127856522997 0.03848797250859107 0.029505351460804165
0 0.693127147766323 0.8355510558287532 0.04604810996563574 0.03731559155336998
0 0.7034364261168385 0.8845820075209719 0.044673539518900345 0.04223315013017067
0 0.770446735395189 0.8737344518368527 0.05910652920962199 0.05582875325426671
0 0.9089347079037801 0.06899045415099797 0.024054982817869417 0.025744865490309517
0 0.965979381443299 0.07260630604570437 0.037800687285223365 0.024877061035579982
0 0.765979381443299 0.4091698004049754 0.024054982817869417 0.011281457911483946
0 0.7666666666666667 0.5323980329765693 0.024054982817869417 0.016488284639861153
