0 0.7722457627118644 0.23018549747048903 0.05296610169491525 0.12984822934232715
0 0.7828389830508474 0.40387858347386174 0.07838983050847458 0.13322091062394603
0 0.8453389830508474 0.45446880269814505 0.07203389830508475 0.16020236087689713
0 0.6536016949152542 0.23355817875210794 0.09957627118644068 0.17706576728499157
0 0.6451271186440678 0.49325463743676223 0.09957627118644068 0.2478920741989882
0 0.5190677966101694 0.21163575042158517 0.09322033898305085 0.15345699831365936
0 0.5074152542372882 0.39038785834738615 0.06991525423728813 0.13322091062394603
0 0.510593220338983 0.5438448566610455 0.059322033898305086 0.15345699831365936
0 0.3866525423728814 0.5581787521079258 0.0614406779661017 0.10118043844856661
0 0.4014830508474576 0.38701517706576727 0.06567796610169492 0.12984822934232715
0 0.3898305084745763 0.2175379426644182 0.1016949152542373 0.13490725126475547
