0 0.4716599190283401 0.24569460390355913 0.12550607287449392 0.1079219288174512
0 0.3623481781376518 0.36739380022962115 0.08502024291497975 0.06888633754305395
0 0.3360323886639676 0.49770378874856486 0.05668016194331984 0.09988518943742825
0 0.3157894736842105 0.6125143513203215 0.05668016194331984 0.07003444316877153
0 0.48582995951417 0.3840413318025258 0.10121457489878542 0.07233065442020666
0 0.4777327935222672 0.5086107921928817 0.11336032388663968 0.13318025258323765
0 0.604251012145749 0.4161882893226177 0.0951417004048583 0.11366245694603903
0 0.6032388663967612 0.5556831228473019 0.10931174089068826 0.08266360505166476
0 0.7267206477732794 0.39150401836969 0.11336032388663968 0.08036739380022963
0 0.7074898785425101 0.5447761194029851 0.07894736842105263 0.12284730195177956
