0 0.5717884130982368 0.35942801745031505 0.20151133501259447 0.04992729035385361
0 0.34005037783375314 0.35239941832283084 0.18639798488664988 0.05913717886572952
0 0.6259445843828715 0.45055744062045566 0.10327455919395466 0.03732428502181289
0 0.4748110831234257 0.4558894813378575 0.1385390428211587 0.059621909840038775
0 0.3136020151133501 0.44304411051866216 0.1385390428211587 0.0465341735336888
0 0.3161209068010076 0.5140571982549685 0.10327455919395466 0.059621909840038775
0 0.535264483627204 0.6669898206495395 0.10327455919395466 0.058167716917111006
0 0.5680100755667506 0.7341250605913718 0.15869017632241814 0.06543868153174988
0 0.35642317380352645 0.6572952011633544 0.15869017632241814 0.0465341735336888
0 0.36523929471032746 0.7166747455162384 0.181360201511335 0.057682985942801746
