0 0.5547008547008547 0.0784438775510204 0.05299145299145299 0.08035714285714286
0 0.4717948717948718 0.08354591836734694 0.06153846153846154 0.08801020408163265
0 0.5470085470085471 0.16262755102040816 0.05811965811965812 0.08290816326530612
0 0.6102564102564103 0.17410714285714285 0.06153846153846154 0.08290816326530612
0 0.7102564102564103 0.16517857142857142 0.05641025641025641 0.044642857142857144
0 0.46495726495726497 0.27040816326530615 0.05811965811965812 0.16326530612244897
0 0.576068376068376 0.33864795918367346 0.09914529914529914 0.08801020408163265
0 0.6854700854700855 0.35459183673469385 0.06837606837606838 0.125
0 0.46324786324786327 0.5784438775510204 0.05811965811965812 0.10331632653061225
0 0.5367521367521367 0.5950255102040817 0.0547008547008547 0.039540816326530615
0 0.06495726495726496 0.11798469387755102 0.06153846153846154 0.09311224489795919
