0 0.7944 0.17796610169491525 0.0464 0.07021791767554479
0 0.7768 0.3389830508474576 0.1168 0.11138014527845036
0 0.7848 0.5036319612590799 0.152 0.14689265536723164
0 0.8208 0.6727199354317999 0.112 0.12671509281678772
0 0.7368 0.6811945117029863 0.0656 0.08716707021791767
0 0.5496 0.13075060532687652 0.0656 0.06941081517352704
0 0.5784 0.2514124293785311 0.1424 0.11380145278450363
0 0.5792 0.39951573849878935 0.128 0.11783696529459241
0 0.5776 0.5641646489104116 0.112 0.1549636803874092
0 0.5632 0.7243744955609362 0.1344 0.10411622276029056
0 0.3088 0.17554479418886199 0.1088 0.042776432606941084
0 0.2968 0.2623083131557708 0.1168 0.0774818401937046
0 0.3064 0.3700564971751412 0.1424 0.07506053268765134
0 0.3152 0.4778046811945117 0.1184 0.0774818401937046
0 0.3264 0.6004842615012107 0.0864 0.09362389023405973
