0 0.2074468085106383 0.2634696217042415 0.044326241134751775 0.010317157050057318
0 0.19237588652482268 0.280855941918227 0.044326241134751775 0.01834161253343523
0 0.44104609929078015 0.3108521207489492 0.04343971631205674 0.009552923194497517
0 0.46187943262411346 0.3272831486434849 0.044326241134751775 0.018723729461215134
0 0.18351063829787234 0.17520061138708445 0.06382978723404255 0.021780664883454336
0 0.16932624113475178 0.2069163163928162 0.024822695035460994 0.03935804356132977
0 0.3351063829787234 0.09973251815055408 0.06914893617021277 0.05120366832250669
0 0.41932624113475175 0.09763087504776462 0.07092198581560284 0.0607565915170042
0 0.32092198581560283 0.16583874665647688 0.03900709219858156 0.05273213603362629
0 0.3519503546099291 0.18513565150936187 0.03900709219858156 0.050821551394726786
0 0.40602836879432624 0.18857470385938097 0.0549645390070922 0.051585785250286585
0 0.4875886524822695 0.14998089415361102 0.07446808510638298 0.0561711883836454
