0 0.2482608695652174 0.22539797395079594 0.06 0.049927641099855286
0 0.27043478260869563 0.34913169319826337 0.06434782608695652 0.1049204052098408
0 0.26 0.4667149059334298 0.043478260869565216 0.05065123010130246
0 0.31956521739130433 0.26013024602026047 0.021739130434782608 0.12807525325615052
0 0.3491304347826087 0.24855282199710566 0.0391304347826087 0.11649782923299566
0 0.3408695652173913 0.37698986975397974 0.06956521739130435 0.08393632416787265
0 0.40391304347826085 0.22503617945007237 0.05478260869565217 0.09406657018813314
0 0.4291304347826087 0.37011577424023157 0.07217391304347825 0.07018813314037627
0 0.4221739130434783 0.44645441389290885 0.06521739130434782 0.059334298118668596
0 0.4834782608695652 0.23082489146164978 0.08 0.10130246020260492
