0 0.336231884057971 0.25865128660159714 0.12753623188405797 0.09139307897071872
0 0.3318840579710145 0.3593611357586513 0.14202898550724638 0.07985803016858918
0 0.5173913043478261 0.3460514640638864 0.17101449275362318 0.08873114463176575
0 0.47246376811594204 0.23646850044365572 0.09855072463768116 0.05767524401064774
0 0.34202898550724636 0.48402839396628217 0.13333333333333333 0.06299911268855368
0 0.38115942028985506 0.5709849157054127 0.18840579710144928 0.0878438331854481
0 0.5202898550724637 0.5953859804791481 0.16521739130434782 0.0834072759538598
0 0.5260869565217391 0.47160603371783494 0.09565217391304348 0.0417036379769299
0 0.29130434782608694 0.676131322094055 0.1072463768115942 0.07808340727595386
0 0.3072463768115942 0.7724046140195209 0.08695652173913043 0.07542147293700088
0 0.47101449275362317 0.6708074534161491 0.16521739130434782 0.04791481810115351
0 0.508695652173913 0.7533274179236912 0.2 0.07985803016858918
