0 0.584672435105068 0.5350719424460432 0.07416563658838071 0.052158273381294966
0 0.5834363411619283 0.5939748201438849 0.06427688504326329 0.052158273381294966
0 0.5778739184177998 0.645908273381295 0.048207663782447466 0.02473021582733813
0 0.584672435105068 0.7030125899280576 0.09394313967861558 0.049910071942446045
0 0.5859085290482077 0.7673111510791367 0.09147095179233622 0.05440647482014389
0 0.4196538936959209 0.5303507194244604 0.05562422744128554 0.03732014388489208
0 0.4276885043263288 0.6486061151079137 0.04449938195302843 0.023830935251798562
0 0.4369592088998764 0.6926708633093526 0.09270704573547589 0.028327338129496404
0 0.4369592088998764 0.7450539568345323 0.10259579728059333 0.053057553956834536
0 0.44499381953028433 0.8221672661870504 0.08899876390605686 0.06070143884892086
0 0.4388133498145859 0.9013039568345323 0.10135970333745364 0.03911870503597122
0 0.1983930778739184 0.493705035971223 0.08776266996291718 0.03327338129496403
0 0.1792336217552534 0.5496852517985612 0.0815822002472188 0.05800359712230216
0 0.1681087762669963 0.6049910071942446 0.049443757725587144 0.03372302158273381
0 0.1773794808405439 0.6722122302158273 0.08529048207663782 0.06115107913669065
0 0.17676143386897405 0.7549460431654677 0.10877626699629171 0.0710431654676259
0 0.19468479604449937 0.8426258992805755 0.08776266996291718 0.0737410071942446
