0 0.7035745422842197 0.446521287642783 0.05056669572798605 0.05192107995846314
0 0.7131647776809067 0.5223260643821391 0.043591979075850044 0.058151609553478714
0 0.7885789014821273 0.4974039460020768 0.06190061028770706 0.029075804776739357
0 0.8042720139494333 0.5794392523364486 0.05666957279860506 0.09241952232606439
0 0.7118570183086312 0.5893042575285566 0.04097646033129904 0.04776739356178609
0 0.496512641673932 0.5085669781931464 0.02702702702702703 0.02544132917964694
0 0.523539668700959 0.5166147455867082 0.025283347863993024 0.03115264797507788
0 0.553182214472537 0.5210280373831776 0.025283347863993024 0.03271028037383177
0 0.583696599825632 0.5257009345794392 0.02702702702702703 0.02232606438213915
0 0.8513513513513513 0.719626168224299 0.046207497820401046 0.03426791277258567
0 0.7916303400174368 0.7162512980269989 0.036617262423714034 0.05555555555555555
0 0.7284219703574543 0.7035306334371755 0.05318221447253706 0.05192107995846314
0 0.6765475152571927 0.6978193146417445 0.03487358326068003 0.03426791277258567
0 0.6765475152571927 0.7463655244029076 0.04010462074978204 0.029595015576323987
0 0.6778552746294682 0.7881619937694704 0.023539668700959023 0.023883696780893044
0 0.7275501307759372 0.7754413291796469 0.05143853530950305 0.04932502596053998
0 0.7916303400174368 0.7847871235721703 0.05579773321708806 0.04101765316718588
0 0.6952920662598082 0.842938733125649 0.046207497820401046 0.043094496365524405
0 0.7576285963382737 0.8333333333333334 0.026155187445510025 0.035306334371754934
