0 0.15264423076923078 0.3395579268292683 0.06650641025641026 0.04878048780487805
0 0.1266025641025641 0.3910060975609756 0.07371794871794872 0.04344512195121951
0 0.11818910256410256 0.4375 0.12419871794871795 0.040396341463414635
0 0.15504807692307693 0.49790396341463417 0.08573717948717949 0.035442073170731704
0 0.16666666666666666 0.5552591463414634 0.05608974358974359 0.025152439024390245
0 0.17387820512820512 0.600609756097561 0.05608974358974359 0.051067073170731704
0 0.2780448717948718 0.6107088414634146 0.046474358974358976 0.019435975609756097
0 0.2824519230769231 0.5051448170731707 0.047275641025641024 0.019435975609756097
0 0.8321314102564102 0.2625762195121951 0.028044871794871796 0.027439024390243903
0 0.8449519230769231 0.30240091463414637 0.026442307692307692 0.018673780487804877
0 0.8561698717948718 0.3485137195121951 0.06810897435897435 0.04382621951219512
0 0.8533653846153846 0.39996189024390244 0.05929487179487179 0.040777439024390245
0 0.8778044871794872 0.45445884146341464 0.040865384615384616 0.03391768292682927
0 0.7227564102564102 0.5247713414634146 0.028846153846153848 0.019817073170731708
0 0.7091346153846154 0.6086128048780488 0.03685897435897436 0.019054878048780487
0 0.6782852564102564 0.12404725609756098 0.06009615384615385 0.012576219512195123
0 0.7159455128205128 0.25209603658536583 0.052083333333333336 0.019435975609756097
0 0.7339743589743589 0.3597560975609756 0.04006410256410257 0.023628048780487805
0 0.22075320512820512 0.19188262195121952 0.06971153846153846 0.04458841463414634
0 0.20032051282051283 0.24847560975609756 0.028846153846153848 0.036585365853658534
0 0.25841346153846156 0.3624237804878049 0.05048076923076923 0.01753048780487805
0 0.8838141025641025 0.5148628048780488 0.05608974358974359 0.055640243902439025
0 0.8313301282051282 0.5685975609756098 0.058493589743589744 0.04878048780487805
