0 0.2814498933901919 0.15914786967418545 0.05970149253731343 0.03007518796992481
0 0.2835820895522388 0.2274436090225564 0.08955223880597014 0.03634085213032581
0 0.25692963752665243 0.2926065162907268 0.06183368869936034 0.06641604010025062
0 0.24520255863539445 0.38283208020050125 0.05970149253731343 0.06390977443609022
0 0.18336886993603413 0.17669172932330826 0.05543710021321962 0.03508771929824561
0 0.1631130063965885 0.2606516290726817 0.057569296375266525 0.08771929824561403
0 0.16204690831556504 0.34147869674185466 0.03411513859275053 0.03884711779448621
0 0.39872068230277186 0.5538847117794486 0.0767590618336887 0.03508771929824561
0 0.6023454157782516 0.6265664160401002 0.10874200426439233 0.07769423558897243
0 0.582089552238806 0.7368421052631579 0.07249466950959488 0.07518796992481203
