0 0.7133928571428572 0.31530782029950083 0.06607142857142857 0.11148086522462562
0 0.6375 0.25374376039933444 0.06785714285714285 0.06821963394342762
0 0.6669642857142857 0.370216306156406 0.048214285714285716 0.13477537437603992
0 0.4928571428571429 0.21048252911813645 0.04642857142857143 0.09151414309484193
0 0.5482142857142858 0.3386023294509151 0.060714285714285714 0.09484193011647254
0 0.6035714285714285 0.3610648918469218 0.04285714285714286 0.06988352745424292
0 0.5571428571428572 0.4400998336106489 0.09285714285714286 0.08818635607321132
0 0.47232142857142856 0.4034941763727121 0.07678571428571429 0.20133111480865223
0 0.36875 0.31697171381031614 0.06964285714285715 0.10815307820299501
0 0.29017857142857145 0.2928452579034942 0.07678571428571429 0.14309484193011648
0 0.23035714285714284 0.32196339434276205 0.05714285714285714 0.08485856905158069
0 0.13660714285714284 0.39600665557404324 0.026785714285714284 0.08319467554076539
0 0.14107142857142857 0.2753743760399334 0.11071428571428571 0.15474209650582363
