0 0.680623973727422 0.1456859971711457 0.14942528735632185 0.10042432814710042
0 0.6691297208538588 0.25176803394625175 0.11001642036124795 0.07779349363507779
0 0.8735632183908046 0.17362093352192362 0.09852216748768473 0.07567185289957568
0 0.6822660098522167 0.3857850070721358 0.16584564860426929 0.06577086280056577
0 0.7093596059113301 0.44837340876944837 0.06896551724137931 0.021216407355021217
0 0.4548440065681445 0.559052333804809 0.04926108374384237 0.07567185289957568
0 0.42528735632183906 0.6552333804809052 0.10180623973727422 0.07567185289957568
0 0.4088669950738916 0.7284299858557284 0.05582922824302135 0.036775106082036775
0 0.31198686371100165 0.5551626591230552 0.11822660098522167 0.0876944837340877
0 0.28653530377668307 0.6654879773691655 0.10016420361247948 0.07920792079207921
0 0.15845648604269294 0.6714992927864215 0.10344827586206896 0.04172560113154172
0 0.18555008210180624 0.7418670438472419 0.11822660098522167 0.07072135785007072
