0 0.7003211561621838 0.1919265520256485 0.02288237655560016 0.02302535703876421
0 0.7073464472099559 0.22136403380938502 0.019269369731031716 0.026522879626930923
0 0.6914893617021277 0.24264062955406587 0.012444801284624649 0.0136986301369863
0 0.6979124849458049 0.25852521130865636 0.01565636290646327 0.012824249489944622
0 0.7169811320754716 0.24992713494607985 0.01686069851465275 0.010201107548819586
0 0.7087515054195103 0.3175459049839697 0.020473705339221198 0.027688720489653162
0 0.6732236049779206 0.1882832993296415 0.01686069851465275 0.019819294666278055
0 0.8030911280610197 0.4766831827455552 0.035728623042954634 0.03235208394054211
0 0.8175431553592934 0.5221509763917225 0.0293054997992774 0.04750801515593121
0 0.8259735046166198 0.575488195861265 0.03251706142111602 0.04051296997959779
0 0.8570855078281815 0.6654036723987176 0.026495383380168606 0.05362867968522297
0 0.8649136892814131 0.7185951617604197 0.025291047771979124 0.016613232293791896
0 0.881372942593336 0.7496356747303993 0.018867924528301886 0.025648498979889245
0 0.5893215576073866 0.2532789274264063 0.022480931352870333 0.019819294666278055
0 0.5879164993978322 0.2070824832410376 0.014050582095543959 0.010201107548819586
0 0.5074267362505018 0.2634800349752259 0.02328382175832999 0.012824249489944622
0 0.5100361300682457 0.31871174584669193 0.02609393817743878 0.024191197901486446
0 0.6085909273384184 0.44914019236374236 0.02328382175832999 0.040221509763917224
0 0.6087916499397832 0.4966482075196736 0.022079486150140507 0.040221509763917224
0 0.6120032115616219 0.534392305450306 0.018065034122842234 0.018361993587875255
0 0.6079887595343235 0.5706791023025357 0.02609393817743878 0.037889828038472746
0 0.6154154957848254 0.6143981346546197 0.03131272581292654 0.03730690760711163
0 0.614010437575271 0.6538909938793355 0.03251706142111602 0.03468376566598659
0 0.6112003211561622 0.7143689886330515 0.019670814933761542 0.04197027105800058
0 0.6107988759534324 0.7592538618478578 0.020473705339221198 0.0151559312153891
0 0.6013649136892815 0.7834450597493442 0.026495383380168606 0.02914602156805596
0 0.5995584102769972 0.8602448265811716 0.02448815736651947 0.03002040221509764
0 0.400040144520273 0.5549402506557854 0.03653151344841429 0.03847274846983387
0 0.38659173022882376 0.6043427572136404 0.03693295865114412 0.042844651705042265
0 0.3747490967482939 0.6447099970853979 0.019670814933761542 0.02273389682308365
0 0.3562826174227218 0.6847857767414748 0.0381372942593336 0.04750801515593121
0 0.34223203532717783 0.7392888370737394 0.026896828582898435 0.031769163509181
0 0.3227619429947812 0.779656076945497 0.04415897230028101 0.02156805596036141
0 0.30871136089923723 0.8310988050131157 0.034524287434765155 0.05683474205770912
0 0.36150140505820955 0.5477994753716118 0.027699718988358088 0.03526668609734771
0 0.34664793255720594 0.5915185077236957 0.018867924528301886 0.0288545613523754
0 0.33962264150943394 0.6314485572719324 0.02729827378562826 0.020693675313319733
0 0.3179446005620233 0.669775575633926 0.02729827378562826 0.03905566890119499
0 0.3016860698514653 0.707811133780239 0.04134885588117222 0.03235208394054211
0 0.26716178241670013 0.7937918974060041 0.07266158169409875 0.05275429903818129
0 0.23685266961059814 0.8378023899737685 0.02890405459654757 0.031186243077819878
0 0.25592131674026497 0.6981929466627805 0.048574869530309116 0.04051296997959779
0 0.28522681653954235 0.7459924220343923 0.042151746286631875 0.0288545613523754
0 0.230228823765556 0.7459924220343923 0.03974307507025291 0.045176333430486736
0 0.20272982737856282 0.8895365782570679 0.04656764351665998 0.03380938501894491
