0 0.8044382801664355 0.32801664355062415 0.09431345353675451 0.14285714285714285
0 0.6685159500693482 0.4042995839112344 0.08599167822468794 0.11511789181692095
0 0.651872399445215 0.23855755894590847 0.09431345353675451 0.18585298196948682
0 0.5221914008321775 0.3356449375866852 0.0957004160887656 0.22191400832177532
0 0.39805825242718446 0.3155339805825243 0.05825242718446602 0.1289875173370319
0 0.4042995839112344 0.513869625520111 0.09847434119278779 0.15672676837725383
0 0.41955617198335643 0.6858529819694869 0.05409153952843273 0.08183079056865465
0 0.33079056865464634 0.6858529819694869 0.06241331484049931 0.10124826629680998
0 0.3065187239944521 0.8224687933425797 0.044382801664355064 0.12482662968099861
0 0.15117891816920942 0.45977808599167824 0.019417475728155338 0.11789181692094314
0 0.10263522884882108 0.441747572815534 0.038834951456310676 0.1262135922330097
0 0.8072122052704577 0.4486823855755895 0.06934812760055478 0.06241331484049931
0 0.49930651872399445 0.10540915395284327 0.10540915395284327 0.0970873786407767
