0 0.24 0.1196980589503954 0.08 0.08554996405463695
0 0.2858823529411765 0.2595255212077642 0.1388235294117647 0.08339324227174695
0 0.5094117647058823 0.2566498921639109 0.15764705882352942 0.07189072609633357
0 0.6341176470588236 0.14845434938892882 0.09176470588235294 0.08986340762041696
0 0.5223529411764706 0.36520488856937455 0.16941176470588235 0.08626887131560029
0 0.3070588235294118 0.35945363048166784 0.21411764705882352 0.06182602444284687
0 0.5117647058823529 0.4565061107117182 0.14352941176470588 0.0603882099209202
0 0.5352941176470588 0.5398993529834651 0.12470588235294118 0.06613946800862688
0 0.3611764705882353 0.44787922358015814 0.12941176470588237 0.06182602444284687
0 0.22 0.43889288281811645 0.09647058823529411 0.03235082674335011
0 0.24705882352941178 0.5147375988497483 0.08470588235294117 0.0603882099209202
0 0.3517647058823529 0.5291157440690151 0.10588235294117647 0.07476635514018691
0 0.28705882352941176 0.6315600287562905 0.1223529411764706 0.07979870596693027
0 0.49411764705882355 0.6132278936017254 0.14588235294117646 0.0503235082674335
0 0.49058823529411766 0.701294033069734 0.16705882352941176 0.08123652048885693
0 0.26823529411764707 0.7131560028756291 0.17411764705882352 0.053199137311286844
0 0.40705882352941175 0.8375269590222861 0.08 0.08339324227174695
