0 0.5676392572944297 0.16988062442607896 0.11140583554376658 0.1046831955922865
0 0.3713527851458886 0.16437098255280075 0.1909814323607427 0.09182736455463728
0 0.4973474801061008 0.2681359044995409 0.129973474801061 0.05876951331496786
0 0.5 0.35032139577594124 0.11405835543766578 0.06887052341597796
0 0.3448275862068966 0.2681359044995409 0.058355437665782495 0.07162534435261708
0 0.35013262599469497 0.3686868686868687 0.11671087533156499 0.07621671258034894
0 0.5437665782493368 0.4380165289256198 0.13793103448275862 0.06244260789715335
0 0.5305039787798409 0.5160697887970616 0.15915119363395225 0.07162534435261708
0 0.3448275862068966 0.45362718089990817 0.14323607427055704 0.06795224977043159
0 0.33156498673740054 0.5344352617079889 0.11140583554376658 0.08264462809917356
0 0.5013262599469496 0.6391184573002755 0.09549071618037135 0.0844811753902663
0 0.493368700265252 0.7300275482093664 0.09018567639257294 0.07897153351698806
0 0.36074270557029176 0.6359044995408631 0.10610079575596817 0.10376492194674013
0 0.33819628647214856 0.7552800734618916 0.129973474801061 0.08172635445362718
