0 0.3634920634920635 0.1689337428696797 0.06455026455026455 0.028082492321193506
0 0.37671957671957673 0.2161035541904344 0.06984126984126984 0.050460728389644584
0 0.37513227513227515 0.2604212373848179 0.07724867724867725 0.031154014918824045
0 0.3724867724867725 0.30254497586660817 0.07407407407407407 0.03729706011408512
0 0.38306878306878306 0.35761298815269854 0.04656084656084656 0.051777095217200524
0 0.35343915343915344 0.4341816586222027 0.11005291005291006 0.050460728389644584
0 0.3523809523809524 0.4883720930232558 0.08677248677248678 0.041246160596752963
0 0.31957671957671957 0.5462922334357174 0.07195767195767196 0.04914436156208864
0 0.32645502645502644 0.604870557261957 0.0835978835978836 0.03817463799912242
0 0.3386243386243386 0.6781483106625713 0.07195767195767196 0.06713470820535322
0 0.33544973544973544 0.7654673102237823 0.06984126984126984 0.08556384379113646
