0 0.6258992805755396 0.32253086419753085 0.046762589928057555 0.051440329218107
0 0.6308453237410072 0.38425925925925924 0.029676258992805755 0.050411522633744855
0 0.6245503597122302 0.43261316872427985 0.024280575539568347 0.0257201646090535
0 0.6384892086330936 0.4799382716049383 0.05935251798561151 0.043209876543209874
0 0.6321942446043165 0.529835390946502 0.06474820143884892 0.05555555555555555
0 0.6627697841726619 0.6026234567901234 0.07913669064748201 0.05709876543209876
0 0.6398381294964028 0.6779835390946503 0.04946043165467626 0.06790123456790123
0 0.6429856115107914 0.7525720164609053 0.06115107913669065 0.05555555555555555
0 0.7077338129496403 0.772119341563786 0.03597122302158273 0.026748971193415638
0 0.45998201438848924 0.3410493827160494 0.06384892086330936 0.050411522633744855
0 0.4779676258992806 0.49511316872427985 0.045863309352517985 0.07047325102880658
0 0.4914568345323741 0.5738168724279835 0.06025179856115108 0.04372427983539095
0 0.48830935251798563 0.6314300411522634 0.05755395683453238 0.03755144032921811
0 0.5152877697841727 0.6872427983539094 0.046762589928057555 0.037037037037037035
0 0.2981115107913669 0.551440329218107 0.03507194244604316 0.018518518518518517
0 0.8142985611510791 0.36651234567901236 0.0368705035971223 0.013888888888888888
0 0.32194244604316546 0.47350823045267487 0.03237410071942446 0.025205761316872428
0 0.26888489208633093 0.3683127572016461 0.030575539568345324 0.012345679012345678
0 0.4712230215827338 0.4207818930041152 0.09352517985611511 0.04938271604938271
0 0.8039568345323741 0.5599279835390947 0.044964028776978415 0.02109053497942387
0 0.8214928057553957 0.6638374485596708 0.04226618705035971 0.02109053497942387
0 0.3120503597122302 0.6612654320987654 0.03776978417266187 0.02726337448559671
0 0.6398381294964028 0.875 0.040467625899280574 0.040123456790123455
0 0.6906474820143885 0.8598251028806584 0.017985611510791366 0.00874485596707819
0 0.6906474820143885 0.8811728395061729 0.030575539568345324 0.026748971193415638
0 0.6488309352517986 0.9248971193415638 0.051258992805755396 0.04938271604938271
