0 0.8546195652173914 0.24391534391534392 0.024456521739130436 0.07513227513227513
0 0.796875 0.2291005291005291 0.06657608695652174 0.07301587301587302
0 0.8702445652173914 0.17989417989417988 0.06385869565217392 0.03597883597883598
0 0.9245923913043478 0.2201058201058201 0.04755434782608696 0.04656084656084656
0 0.9035326086956522 0.2931216931216931 0.021739130434782608 0.044444444444444446
0 0.9347826086956522 0.29894179894179895 0.035326086956521736 0.05396825396825397
0 0.701766304347826 0.20952380952380953 0.07472826086956522 0.091005291005291
0 0.327445652173913 0.4603174603174603 0.07065217391304347 0.07195767195767196
0 0.6460597826086957 0.7238095238095238 0.07201086956521739 0.08888888888888889
0 0.48233695652173914 0.6878306878306878 0.043478260869565216 0.033862433862433865
0 0.8186141304347826 0.32486772486772486 0.05298913043478261 0.0380952380952381
0 0.2078804347826087 0.6708994708994709 0.06521739130434782 0.08677248677248678
0 0.30434782608695654 0.6534391534391535 0.035326086956521736 0.06455026455026455
0 0.41847826086956524 0.680952380952381 0.0625 0.05185185185185185
