0 0.2960766423357664 0.21215986394557823 0.06113138686131387 0.1096938775510204
0 0.3147810218978102 0.344812925170068 0.060218978102189784 0.10459183673469388
0 0.3822992700729927 0.195578231292517 0.09124087591240876 0.11054421768707483
0 0.3982664233576642 0.3307823129251701 0.06478102189781022 0.10204081632653061
0 0.41058394160583944 0.4477040816326531 0.05291970802919708 0.10799319727891156
0 0.48083941605839414 0.18664965986394558 0.05474452554744526 0.13690476190476192
0 0.4931569343065693 0.3681972789115646 0.05748175182481752 0.1292517006802721
0 0.6304744525547445 0.5505952380952381 0.05474452554744526 0.10289115646258504
0 0.6295620437956204 0.6785714285714286 0.051094890510948905 0.08333333333333333
0 0.5880474452554745 0.3762755102040816 0.06843065693430657 0.10289115646258504
