0 0.4011437908496732 0.12048192771084337 0.04738562091503268 0.015060240963855422
0 0.42769607843137253 0.14583333333333334 0.04820261437908497 0.03263052208835342
0 0.24509803921568626 0.20657630522088352 0.03758169934640523 0.061746987951807226
0 0.24223856209150327 0.28815261044176704 0.07434640522875817 0.07329317269076305
0 0.3647875816993464 0.32379518072289154 0.06290849673202614 0.0572289156626506
0 0.37336601307189543 0.3978413654618474 0.0457516339869281 0.09086345381526105
0 0.3647875816993464 0.4899598393574297 0.0661764705882353 0.06224899598393574
0 0.36560457516339867 0.5730421686746988 0.07924836601307189 0.053714859437751006
0 0.24673202614379086 0.3657128514056225 0.08333333333333333 0.04568273092369478
0 0.24428104575163398 0.4362449799196787 0.09477124183006536 0.0783132530120482
0 0.26143790849673204 0.6169678714859438 0.07352941176470588 0.07931726907630522
0 0.26062091503267976 0.6957831325301205 0.08660130718954248 0.05823293172690763
0 0.28145424836601307 0.7733433734939759 0.04493464052287582 0.05471887550200803
0 0.14665032679738563 0.36119477911646586 0.05800653594771242 0.06375502008032129
0 0.14910130718954248 0.43649598393574296 0.06290849673202614 0.05572289156626506
0 0.15318627450980393 0.501004016064257 0.06454248366013073 0.0572289156626506
0 0.1576797385620915 0.5835843373493976 0.05065359477124183 0.08985943775100401
0 0.8337418300653595 0.6493473895582329 0.07434640522875817 0.07078313253012049
0 0.22875816993464052 0.5368975903614458 0.03758169934640523 0.058734939759036146
0 0.2667483660130719 0.5326305220883534 0.03349673202614379 0.05321285140562249
0 0.37663398692810457 0.6506024096385542 0.05228758169934641 0.08634538152610442
0 0.3888888888888889 0.7522590361445783 0.06209150326797386 0.0818273092369478
