0 0.6538461538461539 0.07955182072829131 0.09134615384615384 0.07170868347338935
0 0.6274038461538461 0.16414565826330532 0.16346153846153846 0.05266106442577031
0 0.6430288461538461 0.22240896358543416 0.17548076923076922 0.04257703081232493
0 0.6947115384615384 0.307843137254902 0.08173076923076923 0.07787114845938375
0 0.4807692307692308 0.07927170868347339 0.14423076923076922 0.06218487394957983
0 0.4206730769230769 0.15798319327731092 0.15384615384615385 0.043697478991596636
0 0.42427884615384615 0.23277310924369748 0.15625 0.08235294117647059
0 0.5420673076923077 0.31204481792717087 0.19951923076923078 0.06946778711484594
0 0.5276442307692307 0.5588235294117647 0.15625 0.06442577030812324
0 0.6730769230769231 0.5563025210084034 0.10096153846153846 0.07394957983193277
