0 0.11369680851063829 0.20713305898491083 0.0598404255319149 0.13991769547325103
0 0.17220744680851063 0.3614540466392318 0.05186170212765957 0.102880658436214
0 0.23670212765957446 0.3635116598079561 0.0425531914893617 0.13168724279835392
0 0.20611702127659576 0.5006858710562414 0.061170212765957445 0.12345679012345678
0 0.2553191489361702 0.5816186556927297 0.026595744680851064 0.05212620027434842
0 0.3071808510638298 0.5178326474622771 0.06382978723404255 0.1056241426611797
0 0.29720744680851063 0.29218106995884774 0.07845744680851063 0.06310013717421124
0 0.2440159574468085 0.1337448559670782 0.04920212765957447 0.06172839506172839
0 0.6675531914893617 0.4794238683127572 0.05851063829787234 0.1111111111111111
0 0.7253989361702128 0.4718792866941015 0.043882978723404256 0.15363511659807957
0 0.7779255319148937 0.15157750342935528 0.07180851063829788 0.09465020576131687
0 0.7839095744680851 0.3655692729766804 0.09441489361702128 0.12482853223593965
0 0.867686170212766 0.33127572016460904 0.030585106382978722 0.05075445816186557
0 0.855718085106383 0.4554183813443073 0.03590425531914894 0.15363511659807957
0 0.8843085106382979 0.2242798353909465 0.031914893617021274 0.1111111111111111
0 0.40226063829787234 0.16529492455418382 0.04654255319148936 0.037037037037037035
0 0.40558510638297873 0.5349794238683128 0.0851063829787234 0.09053497942386832
