0 0.7565298507462687 0.24002047082906858 0.048507462686567165 0.0767656090071648
0 0.6958955223880597 0.13050153531218014 0.03171641791044776 0.0767656090071648
0 0.7005597014925373 0.23132036847492324 0.03544776119402985 0.0368474923234391
0 0.6571828358208955 0.25742067553735926 0.030783582089552237 0.09723643807574207
0 0.6436567164179104 0.1473899692937564 0.018656716417910446 0.09007164790174002
0 0.6637126865671642 0.13920163766632548 0.01585820895522388 0.0736949846468782
0 0.6203358208955224 0.21750255885363357 0.027985074626865673 0.07881269191402251
0 0.6161380597014925 0.2947799385875128 0.021455223880597014 0.04503582395087001
0 0.5424440298507462 0.15916069600818833 0.02332089552238806 0.07062436028659161
0 0.5004664179104478 0.18986693961105425 0.028917910447761194 0.08700102354145343
0 0.4556902985074627 0.1842374616171955 0.021455223880597014 0.08597748208802457
0 0.3829291044776119 0.19651995905834185 0.05317164179104478 0.06960081883316274
0 0.23460820895522388 0.3208802456499488 0.030783582089552237 0.08085977482088025
0 0.32509328358208955 0.7697031729785057 0.027052238805970148 0.07164790174002048
0 0.32882462686567165 0.8408393039918116 0.025186567164179104 0.04196519959058342
0 0.28171641791044777 0.7640736949846468 0.041044776119402986 0.05424769703172978
0 0.29244402985074625 0.8449334698055271 0.021455223880597014 0.07267144319344933
0 0.25046641791044777 0.8510747185261003 0.036380597014925374 0.021494370522006142
0 0.466884328358209 0.10133060388945753 0.013992537313432836 0.0593654042988741
0 0.49347014925373134 0.10440122824974411 0.027985074626865673 0.0511770726714432
