0 0.7770961145194274 0.24909090909090909 0.147239263803681 0.12
0 0.4171779141104294 0.15515151515151515 0.065439672801636 0.04363636363636364
0 0.39059304703476483 0.2387878787878788 0.049079754601226995 0.08727272727272728
0 0.40081799591002043 0.32242424242424245 0.049079754601226995 0.048484848484848485
0 0.4100204498977505 0.396969696969697 0.07975460122699386 0.06909090909090909
0 0.40388548057259716 0.4866666666666667 0.05521472392638037 0.059393939393939395
0 0.40081799591002043 0.5678787878787879 0.049079754601226995 0.07393939393939394
0 0.4274028629856851 0.6678787878787878 0.05725971370143149 0.05333333333333334
0 0.4284253578732106 0.7315151515151516 0.03067484662576687 0.05454545454545454
0 0.34355828220858897 0.6684848484848485 0.053169734151329244 0.06181818181818182
0 0.35685071574642124 0.7509090909090909 0.03885480572597137 0.04242424242424243
0 0.30879345603271985 0.15818181818181817 0.06952965235173825 0.06909090909090909
0 0.3231083844580777 0.27454545454545454 0.06952965235173825 0.12242424242424242
0 0.2361963190184049 0.19696969696969696 0.08384458077709611 0.06909090909090909
0 0.1574642126789366 0.21818181818181817 0.044989775051124746 0.041212121212121214
0 0.23415132924335377 0.2781818181818182 0.05521472392638037 0.07393939393939394
0 0.18711656441717792 0.3521212121212121 0.03885480572597137 0.07393939393939394
0 0.2474437627811861 0.3690909090909091 0.08997955010224949 0.08121212121212121
0 0.25971370143149286 0.4478787878787879 0.081799591002045 0.052121212121212124
0 0.25869120654396727 0.5212121212121212 0.10020449897750511 0.06060606060606061
