0 0.18258859784283513 0.07444794952681388 0.11556240369799692 0.07697160883280757
0 0.362095531587057 0.07539432176656151 0.10785824345146379 0.07129337539432176
0 0.3782742681047766 0.1810725552050473 0.10323574730354391 0.0694006309148265
0 0.5077041602465331 0.1832807570977918 0.08166409861325115 0.08264984227129338
0 0.3998459167950693 0.2782334384858044 0.0970724191063174 0.07697160883280757
0 0.5184899845916795 0.26876971608832806 0.053929121725731895 0.03659305993690852
0 0.48921417565485364 0.08138801261829653 0.0662557781201849 0.08706624605678233
0 0.3389830508474576 0.6637223974763407 0.07395993836671803 0.06056782334384858
0 0.34514637904468415 0.7378548895899054 0.08628659476117104 0.061198738170347
0 0.24114021571648692 0.6694006309148265 0.08166409861325115 0.10220820189274447
0 0.24191063174114022 0.7599369085173502 0.08012326656394453 0.049842271293375394
0 0.11864406779661017 0.6921135646687697 0.12018489984591679 0.15394321766561514
0 0.27041602465331277 0.31766561514195585 0.18952234206471494 0.2088328075709779
