0 0.8217543859649122 0.20748299319727892 0.03508771929824561 0.05612244897959184
0 0.8228070175438597 0.2927295918367347 0.04 0.04889455782312925
0 0.6870175438596491 0.24022108843537415 0.023859649122807018 0.007653061224489796
0 0.6863157894736842 0.25637755102040816 0.03368421052631579 0.02465986394557823
0 0.7231578947368421 0.2604166666666667 0.018947368421052633 0.018282312925170068
0 0.7 0.3331207482993197 0.025964912280701753 0.01913265306122449
0 0.7922807017543859 0.41517857142857145 0.05333333333333334 0.04634353741496599
0 0.9329824561403509 0.350765306122449 0.0456140350877193 0.06037414965986394
0 0.7729824561403509 0.4836309523809524 0.041403508771929824 0.03273809523809524
0 0.8375438596491228 0.5410289115646258 0.05263157894736842 0.04124149659863945
0 0.8466666666666667 0.59375 0.06947368421052631 0.042091836734693876
0 0.8298245614035088 0.6473214285714286 0.04421052631578947 0.04549319727891157
0 0.68 0.5971513605442177 0.028070175438596492 0.027636054421768707
0 0.17403508771929824 0.1441326530612245 0.05052631578947368 0.05357142857142857
0 0.13859649122807016 0.20982142857142858 0.05403508771929825 0.05314625850340136
0 0.12421052631578948 0.2769982993197279 0.021052631578947368 0.05739795918367347
0 0.22736842105263158 0.2706207482993197 0.04491228070175438 0.01913265306122449
0 0.08771929824561403 0.3280187074829932 0.05754385964912281 0.03443877551020408
0 0.039649122807017545 0.36160714285714285 0.0456140350877193 0.02848639455782313
0 0.13333333333333333 0.5839710884353742 0.04350877192982456 0.044642857142857144
0 0.7950877192982456 0.14923469387755103 0.05333333333333334 0.041666666666666664
0 0.2024561403508772 0.19302721088435373 0.03298245614035088 0.023809523809523808
0 0.37894736842105264 0.3539540816326531 0.021052631578947368 0.025935374149659865
0 0.387719298245614 0.4177295918367347 0.030175438596491227 0.025085034013605442
0 0.5063157894736842 0.8767006802721088 0.02736842105263158 0.022108843537414966
0 0.6733333333333333 0.8964710884353742 0.035789473684210524 0.025085034013605442
0 0.08421052631578947 0.5535714285714286 0.05473684210526316 0.039965986394557826
