0 0.40555555555555556 0.12755102040816327 0.05185185185185185 0.06462585034013606
0 0.4148148148148148 0.23256802721088435 0.06481481481481481 0.1130952380952381
0 0.40555555555555556 0.33035714285714285 0.04259259259259259 0.06547619047619048
0 0.4046296296296296 0.4200680272108844 0.06296296296296296 0.0663265306122449
0 0.4023148148148148 0.516156462585034 0.06574074074074074 0.0935374149659864
0 0.30972222222222223 0.15178571428571427 0.08981481481481482 0.11649659863945579
0 0.3189814814814815 0.3039965986394558 0.0712962962962963 0.15391156462585034
0 0.3148148148148148 0.4710884353741497 0.06481481481481481 0.16156462585034015
0 0.21203703703703702 0.171343537414966 0.053703703703703705 0.09948979591836735
0 0.23194444444444445 0.28784013605442177 0.05648148148148148 0.11819727891156463
0 0.22314814814814815 0.4685374149659864 0.12407407407407407 0.18877551020408162
0 0.12731481481481483 0.5331632653061225 0.05092592592592592 0.1360544217687075
