0 0.6688073394495413 0.16087962962962962 0.10458715596330276 0.1087962962962963
0 0.5293577981651376 0.27719907407407407 0.05688073394495413 0.04976851851851852
0 0.5522935779816514 0.41030092592592593 0.08440366972477065 0.08912037037037036
0 0.681651376146789 0.5439814814814815 0.06422018348623854 0.10185185185185185
0 0.6055045871559633 0.5289351851851852 0.062385321100917435 0.08333333333333333
0 0.5302752293577981 0.5347222222222222 0.05137614678899083 0.12962962962962962
0 0.42568807339449544 0.5133101851851852 0.06972477064220184 0.0775462962962963
0 0.3238532110091743 0.5133101851851852 0.06788990825688074 0.07523148148148148
0 0.3394495412844037 0.6209490740740741 0.05871559633027523 0.08449074074074074
0 0.43853211009174314 0.6521990740740741 0.12477064220183487 0.13310185185185186
0 0.5532110091743119 0.6898148148148148 0.09357798165137615 0.09027777777777778
0 0.6513761467889908 0.6712962962962963 0.062385321100917435 0.1412037037037037
0 0.5504587155963303 0.15856481481481483 0.08440366972477065 0.07407407407407407
