0 0.5595238095238095 0.1262724188075618 0.07993197278911565 0.03926320891904993
0 0.5586734693877551 0.1769268056228793 0.07312925170068027 0.045564711585070285
0 0.5450680272108843 0.24478914202617547 0.05952380952380952 0.08240426563257393
0 0.5191326530612245 0.32258846340281144 0.11139455782312925 0.06543868153174988
0 0.6496598639455783 0.3809985458070771 0.05102040816326531 0.07464857004362578
0 0.47151360544217685 0.45467765390208437 0.05357142857142857 0.058167716917111006
0 0.4528061224489796 0.5285991274842462 0.06547619047619048 0.07319437712069801
0 0.44047619047619047 0.58167716917111 0.07653061224489796 0.031992244304411055
0 0.33503401360544216 0.5937954435288415 0.08843537414965986 0.05428986912263694
0 0.42517006802721086 0.6383906931652933 0.07312925170068027 0.05913717886572952
0 0.4217687074829932 0.6953465826466311 0.0782312925170068 0.030538051381483276
0 0.4221938775510204 0.7535142995637422 0.06717687074829932 0.052835676199709164
