0 0.7173672566371682 0.1516052318668252 0.07632743362831858 0.14625445897740785
0 0.709070796460177 0.34839476813317477 0.05752212389380531 0.18549346016646848
0 0.7140486725663717 0.544589774078478 0.07411504424778761 0.2116527942925089
0 0.6073008849557522 0.14744351961950058 0.05309734513274336 0.15695600475624258
0 0.599004424778761 0.3400713436385256 0.08738938053097345 0.16171224732461356
0 0.6061946902654868 0.5059453032104637 0.08185840707964602 0.1605231866825208
0 0.41426991150442477 0.3156956004756243 0.04314159292035398 0.1629013079667063
0 0.3954646017699115 0.48513674197384066 0.0586283185840708 0.09988109393579073
0 0.29314159292035397 0.15873959571938168 0.08185840707964602 0.1581450653983353
0 0.2959070796460177 0.3376932223543401 0.07190265486725664 0.13793103448275862
0 0.2981194690265487 0.514268727705113 0.07632743362831858 0.2057074910820452
0 0.19966814159292035 0.2140309155766944 0.05420353982300885 0.187871581450654
0 0.18915929203539822 0.38882282996432815 0.09513274336283185 0.17360285374554102
0 0.17809734513274336 0.5885850178359097 0.08185840707964602 0.15695600475624258
0 0.2549778761061947 0.6611177170035671 0.05641592920353982 0.04042806183115339
0 0.5348451327433629 0.619500594530321 0.07411504424778761 0.04994054696789536
0 0.41648230088495575 0.1248513674197384 0.14491150442477876 0.11652794292508918
