0 0.5665584415584416 0.195625 0.09740259740259741 0.15875
0 0.4155844155844156 0.170625 0.12337662337662338 0.10875
0 0.2913961038961039 0.156875 0.08928571428571429 0.10625
0 0.44886363636363635 0.2975 0.09902597402597403 0.0825
0 0.3198051948051948 0.301875 0.08441558441558442 0.09375
0 0.5243506493506493 0.338125 0.03571428571428571 0.10375
0 0.44642857142857145 0.45 0.07792207792207792 0.1075
0 0.3060064935064935 0.43125 0.08928571428571429 0.1
0 0.42613636363636365 0.57 0.11201298701298701 0.0875
0 0.28165584415584416 0.595625 0.07305194805194805 0.06625
0 0.5852272727272727 0.735 0.0698051948051948 0.1
0 0.4512987012987013 0.690625 0.09090909090909091 0.09125
0 0.32142857142857145 0.7075 0.08116883116883117 0.0775
0 0.4472402597402597 0.7975 0.07954545454545454 0.0575
