0 0.8183079056865464 0.047275641025641024 0.06934812760055478 0.05128205128205128
0 0.7565880721220527 0.058493589743589744 0.04854368932038835 0.05448717948717949
0 0.8321775312066574 0.15224358974358973 0.06657420249653259 0.016025641025641024
0 0.8294036061026352 0.19791666666666666 0.047156726768377254 0.052884615384615384
0 0.7614424410540915 0.21875 0.06102635228848821 0.04807692307692308
0 0.688626907073509 0.2231570512820513 0.0651872399445215 0.052083333333333336
0 0.6782246879334258 0.05368589743589743 0.05547850208044383 0.02403846153846154
0 0.6837725381414702 0.08573717948717949 0.05547850208044383 0.020833333333333332
0 0.16851595006934814 0.7171474358974359 0.059639389736477116 0.05929487179487179
0 0.5346740638002774 0.5032051282051282 0.04854368932038835 0.057692307692307696
0 0.4680998613037448 0.5136217948717948 0.08183079056865465 0.049679487179487176
0 0.40221914008321774 0.5837339743589743 0.052704576976421634 0.04246794871794872
0 0.45700416088765605 0.5741185897435898 0.04022191400832178 0.023237179487179488
0 0.4986130374479889 0.5741185897435898 0.023578363384188627 0.04246794871794872
0 0.5388349514563107 0.5733173076923077 0.0319001386962552 0.032852564102564104
0 0.2947295423023578 0.5396634615384616 0.04299583911234397 0.07291666666666667
0 0.21497919556171982 0.5104166666666666 0.06657420249653259 0.030448717948717948
0 0.2260748959778086 0.5592948717948718 0.07766990291262135 0.05128205128205128
0 0.463245492371706 0.40384615384615385 0.038834951456310676 0.041666666666666664
0 0.5083217753120666 0.4030448717948718 0.03744798890429958 0.03365384615384615
