0 0.6687116564417178 0.3698453608247423 0.10633946830265849 0.11082474226804123
0 0.6359918200408998 0.5199742268041238 0.08997955010224949 0.1018041237113402
0 0.6042944785276073 0.6346649484536082 0.04703476482617587 0.055412371134020616
0 0.6094069529652352 0.7300257731958762 0.09406952965235174 0.07603092783505154
0 0.5265848670756647 0.3801546391752577 0.06339468302658487 0.16237113402061856
0 0.5061349693251533 0.5335051546391752 0.14519427402862986 0.08247422680412371
0 0.4754601226993865 0.6417525773195877 0.11247443762781185 0.08505154639175258
0 0.36503067484662577 0.36791237113402064 0.13701431492842536 0.11469072164948453
0 0.3496932515337423 0.5012886597938144 0.1390593047034765 0.07731958762886598
0 0.3067484662576687 0.6527061855670103 0.13496932515337423 0.1327319587628866
0 0.4427402862985685 0.7467783505154639 0.09202453987730061 0.07087628865979381
