0 0.16859122401847576 0.2666223404255319 0.08775981524249422 0.11569148936170212
0 0.16397228637413394 0.375 0.06004618937644342 0.05585106382978723
0 0.28290993071593534 0.29853723404255317 0.08083140877598152 0.07845744680851063
0 0.3533487297921478 0.40625 0.09699769053117784 0.06515957446808511
0 0.33602771362586603 0.5485372340425532 0.08545034642032333 0.07047872340425532
0 0.3244803695150115 0.6263297872340425 0.057736720554272515 0.05053191489361702
0 0.33602771362586603 0.7047872340425532 0.07621247113163972 0.05319148936170213
0 0.7032332563510393 0.16090425531914893 0.08545034642032333 0.05585106382978723
0 0.44226327944572746 0.2845744680851064 0.09930715935334873 0.06914893617021277
0 0.5912240184757506 0.2779255319148936 0.03695150115473441 0.1595744680851064
0 0.4295612009237875 0.18218085106382978 0.06928406466512702 0.08776595744680851
