0 0.7959677419354839 0.10376532399299475 0.11129032258064517 0.053415061295971976
0 0.7959677419354839 0.17994746059544658 0.11129032258064517 0.03415061295971979
0 0.6379032258064516 0.19352014010507881 0.11129032258064517 0.09457092819614711
0 0.5290322580645161 0.16024518388791595 0.08709677419354839 0.08581436077057793
0 0.5282258064516129 0.24168126094570927 0.06935483870967742 0.047285464098073555
0 0.6733870967741935 0.2946584938704028 0.08548387096774193 0.046409807355516634
0 0.682258064516129 0.36339754816112085 0.06774193548387097 0.08756567425569177
0 0.7790322580645161 0.37565674255691767 0.1032258064516129 0.09632224168126094
0 0.5419354838709678 0.35288966725043786 0.0935483870967742 0.09106830122591944
0 0.5451612903225806 0.45183887915936954 0.0967741935483871 0.0595446584938704
0 0.7709677419354839 0.4746059544658494 0.054838709677419356 0.06654991243432574
0 0.5338709677419354 0.5950087565674256 0.0935483870967742 0.08143607705779335
0 0.5306451612903226 0.7119089316987741 0.09032258064516129 0.06830122591943957
0 0.6612903225806451 0.6063922942206655 0.08387096774193549 0.13572679509632224
0 0.6725806451612903 0.7373029772329247 0.13548387096774195 0.08056042031523643
