0 0.6536796536796536 0.05298594847775176 0.11255411255411256 0.045081967213114756
0 0.6515151515151515 0.11358313817330211 0.06060606060606061 0.05620608899297424
0 0.6915584415584416 0.18442622950819673 0.17532467532467533 0.03044496487119438
0 0.5097402597402597 0.07289227166276346 0.11471861471861472 0.04156908665105386
0 0.4935064935064935 0.14227166276346603 0.1038961038961039 0.06557377049180328
0 0.3560606060606061 0.0705503512880562 0.10606060606060606 0.043911007025761124
0 0.3365800865800866 0.15339578454332553 0.1277056277056277 0.06674473067915691
0 0.6017316017316018 0.36270491803278687 0.19913419913419914 0.08840749414519906
0 0.8041125541125541 0.09221311475409837 0.15367965367965367 0.10480093676814989
0 0.41774891774891776 0.3261124121779859 0.0735930735930736 0.06557377049180328
0 0.4101731601731602 0.4203747072599532 0.11038961038961038 0.09953161592505855
0 0.2662337662337662 0.321135831381733 0.12121212121212122 0.06147540983606557
0 0.2532467532467532 0.38378220140515223 0.14285714285714285 0.057962529274004686
0 0.6341991341991342 0.6030444964871194 0.05627705627705628 0.05620608899297424
0 0.43398268398268397 0.5954332552693209 0.10173160173160173 0.04215456674473068
0 0.44264069264069267 0.6665690866510539 0.1277056277056277 0.05562060889929742
0 0.2846320346320346 0.6097775175644028 0.11038961038961038 0.057962529274004686
0 0.26731601731601734 0.7087236533957846 0.14502164502164502 0.07201405152224824
