0 0.8430343511450382 0.33613445378151263 0.07347328244274809 0.07955182072829131
0 0.8506679389312977 0.43109243697478994 0.05057251908396947 0.06666666666666667
0 0.8606870229007634 0.515126050420168 0.04198473282442748 0.031932773109243695
0 0.853530534351145 0.5647058823529412 0.060114503816793896 0.040336134453781515
0 0.8635496183206107 0.6355742296918767 0.05725190839694656 0.06330532212885154
0 0.8702290076335878 0.7207282913165266 0.06679389312977099 0.06442577030812324
0 0.5539122137404581 0.2053221288515406 0.08301526717557252 0.13725490196078433
0 0.5515267175572519 0.3523809523809524 0.05916030534351145 0.0784313725490196
0 0.5620229007633588 0.4549019607843137 0.08396946564885496 0.07170868347338935
0 0.5610687022900763 0.5495798319327732 0.09732824427480916 0.10644257703081232
0 0.21708015267175573 0.35126050420168065 0.05820610687022901 0.08067226890756303
0 0.18845419847328243 0.4557422969187675 0.09064885496183206 0.08347338935574229
0 0.15982824427480916 0.5938375350140056 0.0715648854961832 0.12549019607843137
0 0.14265267175572519 0.726610644257703 0.07347328244274809 0.07394957983193277
