0 0.5927672955974843 0.09684813753581661 0.05188679245283019 0.04469914040114613
0 0.6474056603773585 0.06504297994269341 0.02437106918238994 0.033810888252149
0 0.6517295597484277 0.10487106017191977 0.026729559748427674 0.026361031518624643
0 0.8718553459119497 0.27507163323782235 0.02358490566037736 0.042406876790830945
0 0.9009433962264151 0.28939828080229224 0.025157232704402517 0.045845272206303724
0 0.9025157232704403 0.34040114613180517 0.026729559748427674 0.04126074498567335
0 0.9508647798742138 0.34269340974212037 0.02122641509433962 0.032091690544412604
0 0.8946540880503144 0.38853868194842406 0.04716981132075472 0.027507163323782235
0 0.89937106918239 0.4340974212034384 0.031446540880503145 0.04756446991404011
0 0.9441823899371069 0.4421203438395416 0.025157232704402517 0.0498567335243553
0 0.7936320754716981 0.4982808022922636 0.03380503144654088 0.033810888252149
0 0.8207547169811321 0.3982808022922636 0.020440251572327043 0.02521489971346705
0 0.8215408805031447 0.2859598853868195 0.03459119496855346 0.03782234957020057
0 0.6344339622641509 0.32034383954154727 0.025157232704402517 0.02177650429799427
0 0.824685534591195 0.49197707736389684 0.026729559748427674 0.04183381088825215
0 0.7417452830188679 0.5722063037249283 0.03537735849056604 0.05100286532951289
0 0.5621069182389937 0.48567335243553006 0.036163522012578615 0.038395415472779366
0 0.6477987421383647 0.502865329512894 0.03930817610062893 0.025787965616045846
0 0.5534591194968553 0.5684813753581662 0.03459119496855346 0.04469914040114613
0 0.3812893081761006 0.4853868194842407 0.029874213836477988 0.04011461318051576
0 0.4492924528301887 0.49169054441260746 0.030660377358490566 0.016045845272206302
0 0.48309748427672955 0.49226361031518623 0.025943396226415096 0.03896848137535817
0 0.3863993710691824 0.574785100286533 0.04009433962264151 0.05157593123209169
0 0.2468553459119497 0.5819484240687679 0.0330188679245283 0.04297994269340974
0 0.6191037735849056 0.7343839541547278 0.03223270440251572 0.017765042979942695
0 0.2205188679245283 0.8212034383954154 0.02122641509433962 0.032091690544412604
0 0.27437106918238996 0.839541547277937 0.05188679245283019 0.04011461318051576
0 0.22130503144654087 0.8785100286532951 0.05110062893081761 0.05845272206303725
0 0.45086477987421386 0.829512893982808 0.025943396226415096 0.013180515759312322
0 0.5939465408805031 0.056160458452722065 0.025943396226415096 0.02521489971346705
