0 0.829136690647482 0.18293363078639152 0.0683453237410072 0.05688789737869492
0 0.8357314148681055 0.24010039040713888 0.05515587529976019 0.03959843837144451
0 0.7458033573141487 0.10764082543223648 0.0815347721822542 0.06581148912437255
0 0.7398081534772182 0.18516452872281094 0.05275779376498801 0.0736196319018405
0 0.7583932853717026 0.28165086447295035 0.05155875299760192 0.051310652537646405
0 0.6486810551558753 0.10122699386503067 0.047961630695443645 0.0619074177356386
0 0.6648681055155875 0.19213608477412158 0.08992805755395683 0.06748466257668712
0 0.6552757793764988 0.27077523703290574 0.06354916067146282 0.054099274958170664
0 0.5425659472422062 0.1837702175125488 0.07553956834532374 0.05967651979921919
0 0.4784172661870504 0.24790853318460682 0.05755395683453238 0.03290574456218628
0 0.4814148681055156 0.2852760736196319 0.03717026378896882 0.03402119353039598
0 0.5641486810551559 0.26659230340211937 0.07553956834532374 0.0747350808700502
0 0.5911270983213429 0.3109313998884551 0.05515587529976019 0.01728945900725042
0 0.5989208633093526 0.4274958170663692 0.05155875299760192 0.013943112102621304
0 0.5947242206235012 0.45036252091466816 0.050359712230215826 0.026213050752928055
0 0.46223021582733814 0.6168432794199665 0.06115107913669065 0.03346346904629113
0 0.44964028776978415 0.6776352481873954 0.04316546762589928 0.051310652537646405
0 0.3747002398081535 0.6087562744004462 0.0683453237410072 0.027328499721137756
0 0.3842925659472422 0.668153931957613 0.06115107913669065 0.05688789737869492
0 0.30035971223021585 0.6291132180702733 0.05635491606714628 0.0747350808700502
