0 0.19148936170212766 0.34508384146341464 0.12198581560283688 0.023246951219512195
0 0.15390070921985816 0.38891006097560976 0.0950354609929078 0.041539634146341466
0 0.16382978723404254 0.4481707317073171 0.075177304964539 0.03277439024390244
0 0.1453900709219858 0.4895198170731707 0.11773049645390071 0.026295731707317072
0 0.14964539007092198 0.5464939024390244 0.12624113475177304 0.0625
0 0.17092198581560283 0.6328125 0.1375886524822695 0.07202743902439024
0 0.18085106382978725 0.7016006097560976 0.1574468085106383 0.04649390243902439
0 0.5716312056737589 0.5053353658536586 0.11063829787234042 0.041158536585365856
0 0.6007092198581561 0.5699314024390244 0.10638297872340426 0.06059451219512195
0 0.6382978723404256 0.6286204268292683 0.09361702127659574 0.03391768292682927
0 0.650354609929078 0.6916920731707317 0.11773049645390071 0.06478658536585366
0 0.6737588652482269 0.7604801829268293 0.11914893617021277 0.053734756097560975
0 0.7035460992907802 0.8286966463414634 0.15319148936170213 0.06364329268292683
0 0.7212765957446808 0.8826219512195121 0.1574468085106383 0.038109756097560975
0 0.36028368794326243 0.15167682926829268 0.09929078014184398 0.04573170731707317
0 0.33687943262411346 0.05583079268292683 0.06666666666666667 0.012576219512195123
0 0.30354609929078014 0.06916920731707317 0.07092198581560284 0.019435975609756097
0 0.6347517730496454 0.05621189024390244 0.06382978723404255 0.011814024390243903
