0 0.7420634920634921 0.09952038369304557 0.12433862433862433 0.06954436450839328
0 0.7341269841269841 0.16606714628297362 0.09259259259259259 0.05635491606714628
0 0.7314814814814815 0.3183453237410072 0.09788359788359788 0.07074340527577938
0 0.705026455026455 0.44664268585131894 0.09259259259259259 0.09232613908872901
0 0.6944444444444444 0.5515587529976019 0.0873015873015873 0.10311750599520383
0 0.4933862433862434 0.6241007194244604 0.10846560846560846 0.10191846522781775
0 0.49603174603174605 0.4262589928057554 0.16666666666666666 0.09952038369304557
0 0.582010582010582 0.08812949640287769 0.13227513227513227 0.05875299760191847
0 0.548941798941799 0.32973621103117506 0.06084656084656084 0.05995203836930456
0 0.6335978835978836 0.3207434052757794 0.09259259259259259 0.07553956834532374
