0 0.2625 0.18340611353711792 0.12954545454545455 0.08078602620087336
0 0.4113636363636364 0.1812227074235808 0.13636363636363635 0.07423580786026202
0 0.571590909090909 0.1413755458515284 0.08409090909090909 0.02292576419213974
0 0.5886363636363636 0.1965065502183406 0.08181818181818182 0.05458515283842795
0 0.6443181818181818 0.25163755458515286 0.07045454545454545 0.04475982532751092
0 0.3704545454545455 0.2942139737991266 0.08636363636363636 0.07532751091703056
0 0.2818181818181818 0.2980349344978166 0.07727272727272727 0.08078602620087336
0 0.21931818181818183 0.337882096069869 0.08863636363636364 0.07751091703056769
0 0.36818181818181817 0.41375545851528384 0.10909090909090909 0.05021834061135371
0 0.2340909090909091 0.439410480349345 0.08181818181818182 0.06877729257641921
0 0.7886363636363637 0.584061135371179 0.11818181818181818 0.10698689956331878
0 0.2772727272727273 0.6457423580786026 0.13636363636363635 0.06877729257641921
