0 0.7648784576697402 0.12294238683127572 0.06621961441743504 0.053497942386831275
0 0.7242246437552389 0.1566358024691358 0.041911148365465216 0.044753086419753084
0 0.7862531433361274 0.1787551440329218 0.050293378038558254 0.04063786008230453
0 0.8231349538977368 0.16769547325102882 0.040234702430846606 0.040123456790123455
0 0.8499580888516345 0.22968106995884774 0.06873428331936295 0.05298353909465021
0 0.8725901089689857 0.4542181069958848 0.06202849958088852 0.059670781893004114
0 0.8700754400670578 0.5218621399176955 0.06705783738474434 0.04989711934156379
0 0.9329421626152556 0.5048868312757202 0.04694048616932104 0.06532921810699588
0 0.852891869237217 0.5699588477366255 0.03269069572506287 0.03292181069958848
0 0.2627829002514669 0.14094650205761317 0.04274937133277452 0.026748971193415638
0 0.23176865046102263 0.18621399176954734 0.04777870913663034 0.04835390946502058
0 0.20117351215423301 0.24537037037037038 0.030176026823134954 0.0360082304526749
0 0.17267393126571667 0.3019547325102881 0.040234702430846606 0.03909465020576132
0 0.10854987426655491 0.3150720164609053 0.056160938809723386 0.051954732510288065
0 0.17057837384744343 0.38786008230452673 0.04610226320201174 0.030864197530864196
0 0.0997485331098072 0.3968621399176955 0.03352891869237217 0.062242798353909466
0 0.1785414920368818 0.4609053497942387 0.050293378038558254 0.05555555555555555
0 0.29379715004191115 0.46296296296296297 0.02933780385582565 0.0257201646090535
0 0.19656328583403185 0.5277777777777778 0.07460184409052809 0.05555555555555555
0 0.2954735959765298 0.5637860082304527 0.025984911986588432 0.012345679012345678
0 0.2908633696563286 0.5817901234567902 0.028499580888516344 0.0205761316872428
0 0.3248113998323554 0.5925925925925926 0.027661357921207042 0.02263374485596708
0 0.731349538977368 0.20473251028806586 0.03101424979044426 0.01954732510288066
0 0.2854149203688181 0.2978395061728395 0.037720033528918694 0.021604938271604937
