0 0.6670454545454545 0.09726183685111238 0.175 0.07701083856246435
0 0.45454545454545453 0.10610382201939532 0.16363636363636364 0.05932686822589846
0 0.5125 0.38134626354820306 0.13863636363636364 0.06446092413006276
0 0.5022727272727273 0.4569309754706218 0.16818181818181818 0.05704506560182544
0 0.33295454545454545 0.3802053622361666 0.12954545454545455 0.05989731888191671
0 0.31931818181818183 0.4532230462065031 0.15681818181818183 0.07929264118653737
0 0.6022727272727273 0.6263548203080433 0.18181818181818182 0.04791785510553337
0 0.6 0.7007986309184255 0.18636363636363637 0.06560182544209926
0 0.40795454545454546 0.6374786081003994 0.12954545454545455 0.04620650313747861
0 0.39204545454545453 0.7187678265830005 0.12954545454545455 0.08442669709070165
