0 0.9025341130604289 0.4995633187772926 0.07407407407407407 0.11528384279475982
0 0.9083820662768031 0.6139737991266375 0.05847953216374269 0.06986899563318777
0 0.7807017543859649 0.48253275109170307 0.09161793372319688 0.0777292576419214
0 0.6588693957115009 0.4882096069868996 0.10136452241715399 0.08733624454148471
0 0.6559454191033138 0.5733624454148472 0.04483430799220273 0.06375545851528384
0 0.6695906432748538 0.6689956331877729 0.07992202729044834 0.05589519650655022
0 0.7846003898635477 0.5890829694323144 0.1695906432748538 0.11615720524017467
0 0.25146198830409355 0.3620087336244541 0.06627680311890838 0.05327510917030567
0 0.32748538011695905 0.3864628820960699 0.06627680311890838 0.039301310043668124
0 0.18323586744639375 0.5310043668122271 0.050682261208576995 0.03318777292576419
0 0.21637426900584794 0.5803493449781659 0.07017543859649122 0.0462882096069869
0 0.2962962962962963 0.6004366812227074 0.08576998050682261 0.06899563318777292
0 0.3557504873294347 0.608296943231441 0.05263157894736842 0.05327510917030567
0 0.4220272904483431 0.6122270742358079 0.056530214424951264 0.04192139737991266
