0 0.558679706601467 0.17889908256880735 0.12469437652811736 0.06986591390261115
0 0.5806845965770171 0.2699364855328158 0.09046454767726161 0.08680310515172901
0 0.4242053789731051 0.21418489767113622 0.10513447432762836 0.08680310515172901
0 0.441320293398533 0.294636556104446 0.1295843520782396 0.07127734650670431
0 0.3092909535452323 0.189484827099506 0.08557457212713937 0.0374029640084686
0 0.2701711491442543 0.12597035991531405 0.15892420537897312 0.04163726182074806
0 0.23471882640586797 0.2208892025405787 0.09290953545232274 0.0776287932251235
0 0.38508557457212717 0.3577981651376147 0.08068459657701711 0.07339449541284404
0 0.5647921760391198 0.3676781933662668 0.13691931540342298 0.059280169371912494
0 0.5721271393643031 0.4541284403669725 0.20537897310513448 0.0529287226534933
0 0.38508557457212717 0.6834862385321101 0.07090464547677261 0.08256880733944955
0 0.5366748166259169 0.6570218772053634 0.1295843520782396 0.031051517290049402
0 0.5501222493887531 0.7155963302752294 0.12224938875305623 0.06916019760056458
0 0.5488997555012225 0.7724064925899788 0.06601466992665037 0.030345800988002825
