0 0.629080118694362 0.23288590604026846 0.06528189910979229 0.049664429530201344
0 0.5237388724035609 0.22281879194630871 0.10979228486646884 0.06174496644295302
0 0.29080118694362017 0.14161073825503356 0.0830860534124629 0.05503355704697987
0 0.4020771513353116 0.24295302013422818 0.09792284866468842 0.053691275167785234
0 0.29080118694362017 0.2536912751677852 0.09495548961424333 0.06442953020134229
0 0.28635014836795253 0.348993288590604 0.08605341246290801 0.07785234899328859
0 0.30118694362017806 0.4355704697986577 0.11572700296735905 0.08456375838926175
0 0.4228486646884273 0.4691275167785235 0.07418397626112759 0.08456375838926175
0 0.5222551928783383 0.4671140939597315 0.10089020771513353 0.056375838926174496
0 0.6958456973293768 0.4684563758389262 0.11572700296735905 0.0348993288590604
0 0.28041543026706234 0.5 0.09792284866468842 0.036241610738255034
0 0.27596439169139464 0.587248322147651 0.10682492581602374 0.07919463087248323
0 0.27002967359050445 0.6630872483221476 0.05341246290801187 0.042953020134228186
