0 0.5966735966735967 0.07595870206489676 0.10395010395010396 0.02999016715830875
0 0.5966735966735967 0.13470993117010815 0.1496881496881497 0.04523107177974434
0 0.4293139293139293 0.08382497541789577 0.18503118503118504 0.05457227138643068
0 0.6288981288981289 0.3021140609636185 0.13097713097713098 0.03982300884955752
0 0.6694386694386695 0.35766961651917406 0.10395010395010396 0.045722713864306784
0 0.49064449064449067 0.3026057030481809 0.10810810810810811 0.03883972468043265
0 0.5114345114345115 0.3647984267453294 0.1496881496881497 0.049164208456243856
0 0.3191268191268191 0.3035889872173058 0.17255717255717257 0.02999016715830875
0 0.6174636174636174 0.668141592920354 0.11642411642411643 0.051130776794493606
0 0.6195426195426196 0.726401179941003 0.09563409563409564 0.056538839724680434
0 0.43451143451143454 0.6809242871189773 0.1496881496881497 0.05309734513274336
0 0.4501039501039501 0.7364798426745329 0.11850311850311851 0.0471976401179941
