0 0.47316219369894985 0.14332247557003258 0.1411901983663944 0.11074918566775244
0 0.47141190198366395 0.27958740499457113 0.12135355892648775 0.09446254071661238
0 0.4807467911318553 0.4234527687296417 0.08868144690781797 0.13897937024972856
0 0.6143523920653442 0.3349619978284473 0.09451575262543757 0.08143322475570032
0 0.5834305717619603 0.44842562432138977 0.039673278879813305 0.10206297502714441
0 0.7269544924154026 0.5233441910966341 0.09801633605600933 0.13029315960912052
0 0.8267211201866977 0.5352877307274702 0.10851808634772463 0.14332247557003258
0 0.25787631271878647 0.23669923995656894 0.1073512252042007 0.19326818675352878
0 0.3348891481913652 0.38870792616720956 0.06534422403733955 0.18892508143322476
0 0.27129521586931155 0.4153094462540717 0.047841306884480746 0.07709011943539631
0 0.26487747957992996 0.5146579804560261 0.09334889148191365 0.09120521172638436
