0 0.40526729559748426 0.3108108108108108 0.05581761006289308 0.02990990990990991
0 0.5742924528301887 0.334954954954955 0.06367924528301887 0.03855855855855856
0 0.5212264150943396 0.10036036036036036 0.031446540880503145 0.006846846846846847
0 0.5302672955974843 0.1700900900900901 0.036949685534591194 0.007207207207207207
0 0.5526729559748428 0.24468468468468468 0.05345911949685535 0.012252252252252252
0 0.32861635220125784 0.5187387387387388 0.08647798742138364 0.05081081081081081
0 0.2904874213836478 0.592972972972973 0.054245283018867926 0.06306306306306306
0 0.2731918238993711 0.6657657657657657 0.03380503144654088 0.03495495495495495
0 0.2468553459119497 0.7099099099099099 0.06761006289308176 0.035315315315315315
0 0.22641509433962265 0.7659459459459459 0.08333333333333333 0.055135135135135134
0 0.20754716981132076 0.8273873873873874 0.08490566037735849 0.03963963963963964
0 0.39544025157232704 0.2236036036036036 0.0330188679245283 0.016216216216216217
