0 0.47594501718213056 0.12124248496993988 0.06071019473081329 0.028724114896459586
0 0.47079037800687284 0.17768871075484302 0.06414662084765177 0.06680026720106881
0 0.3900343642611684 0.15531062124248496 0.046964490263459335 0.08350033400133601
0 0.3321878579610538 0.15297261189044756 0.045819014891179836 0.056112224448897796
0 0.2542955326460481 0.17234468937875752 0.06643757159221077 0.056112224448897796
0 0.5263459335624284 0.34168336673346694 0.0286368843069874 0.028724114896459586
0 0.2600229095074456 0.3139612558450234 0.022909507445589918 0.01068804275217101
0 0.28235967926689576 0.3263193052772211 0.026345933562428408 0.02338009352037408
0 0.3190148911798396 0.331997327989312 0.0286368843069874 0.022712090848363394
0 0.27491408934707906 0.4362057448229793 0.038946162657502864 0.04008016032064128
0 0.6506300114547537 0.5537742150968604 0.06643757159221077 0.06813627254509018
0 0.9198167239404352 0.5731462925851704 0.0572737686139748 0.06947227788911156
0 0.9089347079037801 0.6449565798263193 0.042382588774341354 0.07414829659318638
0 0.7777777777777778 0.688376753507014 0.043528064146620846 0.02338009352037408
