0 0.6811881188118812 0.12078651685393259 0.08316831683168317 0.05898876404494382
0 0.5811881188118811 0.09901685393258428 0.04950495049504951 0.021067415730337078
0 0.593069306930693 0.1348314606741573 0.02178217821782178 0.03089887640449438
0 0.5584158415841585 0.12921348314606743 0.039603960396039604 0.047752808988764044
0 0.8405940594059406 0.6137640449438202 0.100990099009901 0.10955056179775281
0 0.8524752475247525 0.7457865168539326 0.10891089108910891 0.10112359550561797
0 0.8465346534653465 0.8349719101123596 0.09702970297029703 0.06882022471910113
0 0.7 0.6558988764044944 0.06534653465346535 0.199438202247191
0 0.7059405940594059 0.8370786516853933 0.06930693069306931 0.11797752808988764
0 0.6306930693069307 0.8181179775280899 0.04950495049504951 0.0997191011235955
0 0.5722772277227722 0.8174157303370787 0.06732673267326733 0.08707865168539326
