0 0.8074739829706717 0.19059205190592052 0.065279091769158 0.08596918085969181
0 0.7980132450331126 0.24817518248175183 0.06717123935666983 0.030819140308191405
0 0.890728476821192 0.2615571776155718 0.04446546830652791 0.08840227088402271
0 0.7904446546830652 0.31873479318734793 0.065279091769158 0.07785888077858881
0 0.7909176915799432 0.3905109489051095 0.04919583727530748 0.047850770478507706
0 0.7194891201513718 0.21735604217356042 0.027436140018921477 0.08596918085969181
0 0.7133396404919584 0.3142741281427413 0.05676442762535478 0.0786699107866991
0 0.6948912015137181 0.4205190592051906 0.03878902554399243 0.05596107055961071
0 0.4966887417218543 0.0948905109489051 0.0510879848628193 0.08921330089213302
0 0.4839167455061495 0.21735604217356042 0.04068117313150426 0.07948094079480941
0 0.4881740775780511 0.4051094890510949 0.04541154210028382 0.0705596107055961
0 0.6499526963103122 0.6699107866991079 0.03784295175023652 0.050283860502838604
0 0.6116367076631978 0.6788321167883211 0.03122043519394513 0.055150040551500405
0 0.5761589403973509 0.6897810218978102 0.03405865657521287 0.04460665044606651
0 0.3954588457899716 0.08313057583130576 0.06433301797540208 0.07380373073803731
0 0.3926206244087039 0.2116788321167883 0.06811731315042574 0.1151662611516626
0 0.39829706717123936 0.36253041362530414 0.043519394512771994 0.12003244120032441
0 0.3855250709555345 0.5251419302514193 0.09744560075685904 0.09975669099756691
0 0.38789025543992434 0.7631792376317924 0.041627246925260174 0.055150040551500405
0 0.3088930936613056 0.7660178426601785 0.06149479659413434 0.06731549067315491
