0 0.6484517304189436 0.22627235213204952 0.0546448087431694 0.061898211829436035
0 0.668488160291439 0.35488308115543327 0.1092896174863388 0.12929848693259974
0 0.6457194899817851 0.4828060522696011 0.09289617486338798 0.09903713892709766
0 0.7204007285974499 0.6451169188445667 0.12568306010928962 0.10729023383768914
0 0.4781420765027322 0.30398899587345257 0.10382513661202186 0.15130674002751032
0 0.45901639344262296 0.453232462173315 0.0947176684881603 0.0921595598349381
0 0.4726775956284153 0.5674002751031637 0.10746812386156648 0.06740027510316368
0 0.5036429872495446 0.6843191196698762 0.08196721311475409 0.13892709766162312
0 0.331511839708561 0.2861072902338377 0.09836065573770492 0.09903713892709766
0 0.3114754098360656 0.4470426409903714 0.09107468123861566 0.16506189821182943
0 0.34153005464480873 0.6389270976616231 0.08196721311475409 0.15543328748280605
