0 0.8003731343283582 0.3827993254637437 0.12313432835820895 0.14839797639123103
0 0.6651119402985075 0.3128161888701518 0.125 0.15682967959527824
0 0.5102611940298507 0.3591905564924115 0.14738805970149255 0.24620573355817876
0 0.355410447761194 0.31871838111298484 0.0914179104477612 0.17537942664418213
0 0.3516791044776119 0.4924114671163575 0.1287313432835821 0.08094435075885328
0 0.314365671641791 0.636593591905565 0.08395522388059702 0.15008431703204048
0 0.23414179104477612 0.2942664418212479 0.11007462686567164 0.13659359190556492
0 0.21082089552238806 0.4814502529510961 0.1044776119402985 0.163575042158516
0 0.19496268656716417 0.6315345699831366 0.07276119402985075 0.07251264755480608
0 0.4710820895522388 0.5978077571669477 0.09888059701492537 0.12310286677908938
