0 0.564299424184261 0.04110360360360361 0.10748560460652591 0.038288288288288286
0 0.5479846449136276 0.11204954954954954 0.12476007677543186 0.05518018018018018
0 0.5489443378119002 0.21677927927927929 0.1689059500959693 0.11599099099099099
0 0.5499040307101728 0.32094594594594594 0.12476007677543186 0.059684684684684686
0 0.5489443378119002 0.38400900900900903 0.13051823416506717 0.03265765765765766
0 0.553742802303263 0.44341216216216217 0.10940499040307101 0.06137387387387387
0 0.5767754318618042 0.4966216216216216 0.1324376199616123 0.04617117117117117
0 0.5700575815738963 0.5563063063063063 0.15355086372360843 0.04617117117117117
0 0.5719769673704415 0.6176801801801802 0.19577735124760076 0.061936936936936936
0 0.5738963531669866 0.7010135135135135 0.1343570057581574 0.05855855855855856
0 0.5882917466410749 0.8719031531531531 0.14395393474088292 0.051238738738738736
