0 0.7235294117647059 0.1882626380011621 0.12470588235294118 0.05694363742010459
0 0.711764705882353 0.24462521789657177 0.13411764705882354 0.044160371876815804
0 0.7435294117647059 0.33643230679837305 0.10823529411764705 0.06972690296339337
0 0.7023529411764706 0.40906449738524114 0.20470588235294118 0.04880883207437536
0 0.711764705882353 0.4692039511911679 0.16705882352941176 0.04938988959907031
0 0.7023529411764706 0.5334108076699593 0.12941176470588237 0.0453224869262057
0 0.611764705882353 0.6362579895409646 0.13647058823529412 0.06275421266705404
0 0.6058823529411764 0.7059848925043579 0.11058823529411765 0.05345729227193492
0 0.5058823529411764 0.11214410226612434 0.13176470588235295 0.08832074375363161
0 0.5305882352941177 0.1821615339918652 0.12941176470588237 0.04706565950029053
0 0.528235294117647 0.2463683904706566 0.06823529411764706 0.05926786751888437
0 0.3635294117647059 0.19000581057524696 0.15294117647058825 0.06507844276583381
0 0.3305882352941176 0.2620569436374201 0.1388235294117647 0.06042998256827426
0 0.4976470588235294 0.3335270191748983 0.17647058823529413 0.04997094712376525
0 0.5 0.39424753050552 0.12470588235294118 0.051714119697850086
0 0.5411764705882353 0.47414294015107494 0.05176470588235294 0.05461940732132481
0 0.40941176470588236 0.4674607786170831 0.15529411764705883 0.054038349796629866
0 0.5517647058823529 0.5427077280650784 0.11058823529411765 0.06624055781522371
0 0.4047058823529412 0.5488088320743754 0.14588235294117646 0.06682161533991865
0 0.3729411764705882 0.6025566531086578 0.12941176470588237 0.06275421266705404
0 0.4294117647058823 0.6658919233004067 0.14823529411764705 0.046484601975595584
0 0.3623529411764706 0.08280069726902964 0.11294117647058824 0.04706565950029053
