0 0.6854419410745234 0.4514705882352941 0.08838821490467938 0.1
0 0.6984402079722704 0.5647058823529412 0.06932409012131716 0.08529411764705883
0 0.6178509532062392 0.5205882352941177 0.07452339688041594 0.09705882352941177
0 0.6230502599653379 0.6176470588235294 0.07452339688041594 0.07352941176470588
0 0.537261698440208 0.5720588235294117 0.07972270363951472 0.10294117647058823
0 0.5415944540727903 0.6764705882352942 0.1022530329289428 0.06764705882352941
0 0.4462738301559792 0.5860294117647059 0.09185441941074524 0.1161764705882353
0 0.45493934142114384 0.7573529411764706 0.08145580589254767 0.12352941176470589
0 0.5493934142114385 0.7705882352941177 0.0658578856152513 0.08823529411764706
0 0.3587521663778163 0.6529411764705882 0.06932409012131716 0.1264705882352941
0 0.37694974003466203 0.7669117647058824 0.05719237435008666 0.0838235294117647
0 0.37261698440207974 0.8727941176470588 0.0415944540727903 0.057352941176470586
0 0.48440207972270366 0.8727941176470588 0.10918544194107452 0.09852941176470588
