0 0.39571150097465885 0.033393501805054154 0.09746588693957114 0.030685920577617327
0 0.4142300194931774 0.08784596871239471 0.0682261208576998 0.05174488567990373
0 0.43859649122807015 0.1552346570397112 0.11306042884990253 0.04693140794223827
0 0.4600389863547758 0.20667870036101083 0.05458089668615984 0.0246690734055355
0 0.2982456140350877 0.08874849578820698 0.11306042884990253 0.04632972322503008
0 0.30896686159844056 0.14651022864019253 0.1267056530214425 0.057160048134777375
0 0.3391812865497076 0.20517448856799037 0.12085769980506822 0.0421179302045728
0 0.1617933723196881 0.09416365824308062 0.11306042884990253 0.040312876052948254
0 0.1871345029239766 0.1793020457280385 0.15984405458089668 0.10108303249097472
0 0.4239766081871345 0.6468110709987966 0.10331384015594541 0.044524669073405534
0 0.42884990253411304 0.7181107099879663 0.05847953216374269 0.057160048134777375
0 0.2631578947368421 0.677797833935018 0.11695906432748537 0.0812274368231047
