0 0.4038128249566724 0.5129076086956522 0.09012131715771231 0.09782608695652174
0 0.28422876949740034 0.49116847826086957 0.07972270363951472 0.03940217391304348
0 0.30155979202772965 0.5655570652173914 0.07625649913344887 0.06861413043478261
0 0.3734835355285962 0.6565896739130435 0.06759098786828423 0.07133152173913043
0 0.28682842287694976 0.6538722826086957 0.07452339688041594 0.036005434782608696
0 0.3925476603119584 0.7438858695652174 0.10571923743500866 0.08152173913043478
0 0.30155979202772965 0.7184103260869565 0.04852686308492201 0.05638586956521739
0 0.304159445407279 0.8172554347826086 0.06412478336221837 0.028532608695652172
0 0.3024263431542461 0.8722826086956522 0.053726169844020795 0.050271739130434784
0 0.36395147313691506 0.9259510869565217 0.06932409012131716 0.03804347826086957
