0 0.4673913043478261 0.09779276517473942 0.043478260869565216 0.036174126302881665
0 0.4492753623188406 0.15358675659104842 0.07971014492753623 0.05211526670754139
0 0.3632246376811594 0.08645003065603923 0.08514492753623189 0.04414469650521153
0 0.3242753623188406 0.15297363580625384 0.07246376811594203 0.039852851011649294
0 0.5027173913043478 0.3059472716125077 0.09601449275362318 0.05150214592274678
0 0.4891304347826087 0.3657265481299816 0.07608695652173914 0.04598405885959534
0 0.7817028985507246 0.4347026364193746 0.07427536231884058 0.019619865113427344
0 0.6802536231884058 0.4469650521152667 0.06702898550724638 0.04291845493562232
0 0.4320652173913043 0.42581238503985286 0.125 0.06315144083384426
0 0.3070652173913043 0.42826486817903126 0.08514492753623189 0.06315144083384426
0 0.4311594202898551 0.5091968117719191 0.06884057971014493 0.06928264868179031
0 0.4057971014492754 0.5744941753525444 0.07971014492753623 0.049049662783568364
