0 0.5453257790368272 0.30569758948137327 0.11048158640226628 0.0606281957633309
0 0.5141643059490085 0.40577063550036524 0.1388101983002833 0.06939371804236669
0 0.34844192634560905 0.29985390796201605 0.1359773371104816 0.0591672753834916
0 0.31444759206798867 0.3951789627465303 0.19830028328611898 0.08473338203067933
0 0.7082152974504249 0.6691015339663988 0.141643059490085 0.06574141709276844
0 0.5524079320113314 0.6661796932067202 0.13031161473087818 0.08765522279035792
0 0.5637393767705382 0.7574872169466764 0.1359773371104816 0.052593133674214754
0 0.7067988668555241 0.7366691015339664 0.12181303116147309 0.05186267348429511
0 0.40793201133144474 0.6599707815924032 0.11331444759206799 0.08108108108108109
0 0.40084985835694054 0.7461650840029218 0.11614730878186968 0.0664718772826881
0 0.26770538243626063 0.6471877282688093 0.0821529745042493 0.030679327976625273
0 0.2535410764872521 0.7052593133674214 0.08781869688385269 0.0547845142439737
0 0.2577903682719547 0.7640613586559533 0.056657223796033995 0.03214024835646457
