0 0.470828471411902 0.24096385542168675 0.07817969661610269 0.10090361445783133
0 0.4644107351225204 0.3328313253012048 0.08868144690781797 0.045180722891566265
0 0.46732788798133024 0.4318524096385542 0.13418903150525088 0.11671686746987951
0 0.49008168028004667 0.5417921686746988 0.1073512252042007 0.05647590361445783
0 0.49474912485414235 0.6310240963855421 0.07467911318553092 0.06475903614457831
0 0.5023337222870479 0.7315512048192772 0.059509918319719954 0.0730421686746988
0 0.352975495915986 0.1980421686746988 0.06417736289381563 0.0572289156626506
0 0.35939323220536756 0.28275602409638556 0.023337222870478413 0.0338855421686747
0 0.337806301050175 0.33245481927710846 0.06884480746791131 0.038403614457831324
0 0.34072345390898484 0.4367469879518072 0.07234539089848308 0.0858433734939759
0 0.3436406067677946 0.579066265060241 0.12252042007001167 0.11596385542168675
0 0.32380396732788796 0.6803463855421686 0.08984830805134189 0.08659638554216867
0 0.32613768961493583 0.7673192771084337 0.08284714119019837 0.05271084337349398
