0 0.5092592592592593 0.05492115280043502 0.10846560846560846 0.030451332245785754
0 0.5238095238095238 0.09869494290375204 0.10582010582010581 0.04187058183795541
0 0.5740740740740741 0.1723762914627515 0.1693121693121693 0.04567699836867863
0 0.5701058201058201 0.23898858075040783 0.082010582010582 0.032082653616095705
0 0.3611111111111111 0.08156606851549755 0.12433862433862433 0.030451332245785754
0 0.37037037037037035 0.1715606307775965 0.08994708994708994 0.057096247960848286
0 0.31084656084656087 0.20609026644915715 0.12433862433862433 0.08156606851549755
0 0.3253968253968254 0.28928765633496467 0.08994708994708994 0.06090266449157151
0 0.6044973544973545 0.44480696030451333 0.18253968253968253 0.04676454594888527
0 0.5965608465608465 0.5032626427406199 0.082010582010582 0.057096247960848286
0 0.6216931216931217 0.6038607939097336 0.164021164021164 0.10386079390973355
0 0.5740740740740741 0.7074497009244154 0.12698412698412698 0.027188689505165852
0 0.5555555555555556 0.7705274605764002 0.12169312169312169 0.048939641109298535
0 0.503968253968254 0.8325176726481783 0.11904761904761904 0.0478520935290919
0 0.5423280423280423 0.8947797716150081 0.09523809523809523 0.048395867319195214
