0 0.4968599033816425 0.17380310182063385 0.026570048309178744 0.016520566419420093
0 0.6473429951690821 0.1968981793661497 0.02995169082125604 0.023600809170600135
0 0.8775362318840579 0.3213081591368847 0.028502415458937197 0.027646662171274445
0 0.8792270531400966 0.3511463250168577 0.03188405797101449 0.019892110586648686
0 0.879951690821256 0.3835131490222522 0.023671497584541065 0.030681051921780174
0 0.8806763285024155 0.42599460552933244 0.034782608695652174 0.05293324342548887
0 0.8492753623188406 0.3600809170600135 0.025120772946859903 0.056641942009440324
0 0.8891304347826087 0.5102832097100471 0.04782608695652174 0.04012137559002023
0 0.8770531400966184 0.5542818610923803 0.023671497584541065 0.015509103169251517
0 0.8328502415458937 0.5497302764666218 0.015458937198067632 0.028658125421443022
0 0.7582125603864734 0.5608563722184761 0.049758454106280194 0.06102494942683749
0 0.2002415458937198 0.3395144976399191 0.01497584541062802 0.01078894133513149
0 0.20821256038647343 0.3887390424814565 0.017391304347826087 0.022926500337154418
0 0.24855072463768116 0.4720161834120027 0.026570048309178744 0.031018206338503034
0 0.24347826086956523 0.5418071476736345 0.043478260869565216 0.033715441672285906
0 0.3188405797101449 0.5976062036412677 0.02995169082125604 0.023937963587322995
0 0.41690821256038646 0.5241065407956844 0.02318840579710145 0.017194875252865813
0 0.4171497584541063 0.5908631153068106 0.022705314009661835 0.020566419420094403
0 0.5630434782608695 0.512137559002023 0.017874396135265702 0.008766014834794335
0 0.5804347826086956 0.5207349966284558 0.022705314009661835 0.015846257585974376
0 0.5758454106280193 0.5923803101820634 0.018357487922705314 0.01820633850303439
0 0.2871980676328502 0.19470667565745112 0.015942028985507246 0.011800404585300068
0 0.20555555555555555 0.49173971679028994 0.025603864734299518 0.010451786918408631
0 0.24396135265700483 0.5974376264329063 0.028985507246376812 0.049898853674983146
0 0.2422705314009662 0.6488536749831423 0.04009661835748792 0.03405259608900876
0 0.31521739130434784 0.648347943358058 0.019806763285024155 0.011463250168577209
0 0.2398550724637681 0.6958867161159811 0.01884057971014493 0.04652730950775455
0 0.2599033816425121 0.7258934592043156 0.025120772946859903 0.04652730950775455
0 0.24082125603864735 0.7467970330411329 0.019806763285024155 0.03506405933917734
0 0.2642512077294686 0.7719150370869858 0.03285024154589372 0.026635198921105867
0 0.3507246376811594 0.713081591368847 0.033816425120772944 0.037761294672960216
0 0.3473429951690821 0.7666891436277815 0.020289855072463767 0.006743088334457181
0 0.3352657004830918 0.7820296695886716 0.02608695652173913 0.018543492919757248
0 0.31376811594202897 0.5332097100472016 0.022705314009661835 0.009103169251517195
0 0.09734299516908212 0.4516183412002697 0.023671497584541065 0.030006743088334457
0 0.09710144927536232 0.33260283209710045 0.033816425120772944 0.03809844908968307
0 0.0963768115942029 0.373229939312205 0.02463768115942029 0.02157788267026298
0 0.6840579710144927 0.3378287255563048 0.025120772946859903 0.012811867835468645
0 0.6826086956521739 0.39683074848280514 0.022222222222222223 0.012137559002022926
0 0.30966183574879225 0.3302427511800405 0.02318840579710145 0.0077545515846257585
0 0.30579710144927535 0.39008766014834795 0.02318840579710145 0.016183412002697236
0 0.7420289855072464 0.6422791638570465 0.030917874396135265 0.049224544841537425
0 0.6896135265700483 0.5918745785569791 0.025603864734299518 0.020566419420094403
