0 0.872626582278481 0.3515625 0.09968354430379747 0.059375
0 0.8670886075949367 0.4317708333333333 0.10443037974683544 0.084375
0 0.5284810126582279 0.14635416666666667 0.12974683544303797 0.08645833333333333
0 0.5189873417721519 0.31875 0.07911392405063292 0.06458333333333334
0 0.6708860759493671 0.5473958333333333 0.06329113924050633 0.078125
0 0.5981012658227848 0.5567708333333333 0.060126582278481014 0.103125
0 0.5221518987341772 0.5661458333333333 0.0949367088607595 0.096875
0 0.35917721518987344 0.15833333333333333 0.12341772151898735 0.15208333333333332
0 0.2776898734177215 0.334375 0.09018987341772151 0.14166666666666666
0 0.23022151898734178 0.4765625 0.15981012658227847 0.109375
0 0.1574367088607595 0.6770833333333334 0.11550632911392406 0.15416666666666667
0 0.29667721518987344 0.6578125 0.09018987341772151 0.11354166666666667
0 0.4185126582278481 0.696875 0.09335443037974683 0.06875
