0 0.7173601147776184 0.09797297297297297 0.06025824964131994 0.057432432432432436
0 0.802725968436155 0.36317567567567566 0.05595408895265423 0.10472972972972973
0 0.8177905308464849 0.5329391891891891 0.04878048780487805 0.08952702702702703
0 0.8278335724533716 0.6342905405405406 0.03156384505021521 0.06587837837837837
0 0.736728837876614 0.3581081081081081 0.04447632711621234 0.12162162162162163
0 0.7388809182209469 0.4704391891891892 0.06312769010043041 0.06925675675675676
0 0.7403156384505022 0.5726351351351351 0.06599713055954089 0.07432432432432433
0 0.7374461979913917 0.6469594594594594 0.043041606886657105 0.0472972972972973
0 0.6649928263988523 0.33952702702702703 0.09899569583931134 0.14864864864864866
0 0.6621233859397417 0.5709459459459459 0.03012912482065997 0.09797297297297297
0 0.5767575322812052 0.3285472972972973 0.05738880918220947 0.14358108108108109
0 0.5868005738880918 0.5912162162162162 0.04591104734576758 0.07094594594594594
0 0.40387374461979914 0.3885135135135135 0.03873744619799139 0.125
0 0.3428981348637016 0.3589527027027027 0.05738880918220947 0.11655405405405406
0 0.26901004304160686 0.3572635135135135 0.058823529411764705 0.11993243243243243
0 0.21807747489239598 0.34121621621621623 0.04591104734576758 0.09121621621621621
