0 0.6568296795952783 0.3751500600240096 0.12310286677908938 0.1404561824729892
0 0.5370994940978078 0.32292917166866747 0.07925801011804384 0.04321728691476591
0 0.5278246205733558 0.42136854741896757 0.08094435075885328 0.11764705882352941
0 0.4291736930860034 0.3241296518607443 0.08600337268128162 0.09123649459783914
0 0.4139966273187184 0.4639855942376951 0.06239460370994941 0.12605042016806722
0 0.7436762225969646 0.6380552220888356 0.12141652613827993 0.24369747899159663
0 0.6231028667790893 0.5660264105642256 0.10286677908937605 0.07563025210084033
0 0.6129848229342327 0.6968787515006002 0.07251264755480608 0.1332533013205282
0 0.4957841483979764 0.6182472989195679 0.12478920741989882 0.16566626650660263
0 0.4991568296795953 0.7689075630252101 0.1315345699831366 0.08043217286914765
0 0.3777403035413153 0.5888355342136855 0.0775716694772344 0.11404561824729892
0 0.37436762225969644 0.7208883553421368 0.07419898819561552 0.11164465786314526
