0 0.7065556711758585 0.2564674397859054 0.06659729448491156 0.09545049063336307
0 0.841831425598335 0.4830508474576271 0.05619146722164412 0.027653880463871544
0 0.8064516129032258 0.5316681534344335 0.045785639958376693 0.07850133809099019
0 0.6977107180020812 0.40365744870651205 0.07596253902185224 0.10615521855486174
0 0.5957336108220603 0.25245316681534347 0.06347554630593132 0.08028545941123996
0 0.5931321540062435 0.4143621766280107 0.08532778355879292 0.12042818911685994
0 0.6607700312174818 0.552185548617306 0.04994797086368366 0.032114183764495985
0 0.605098855359001 0.5115967885816235 0.0967741935483871 0.0704727921498662
0 0.5156087408949012 0.2564674397859054 0.05931321540062435 0.054415700267618196
0 0.5109261186264308 0.3644067796610169 0.060353798126951096 0.09901873327386262
0 0.5187304890738814 0.4509366636931311 0.026014568158168574 0.043710972346119537
0 0.5124869927159209 0.532114183764496 0.053069719042663895 0.1008028545941124
