0 0.7577054794520548 0.17216642754662842 0.039383561643835614 0.05164992826398852
0 0.7508561643835616 0.25896700143472023 0.032534246575342464 0.07890961262553801
0 0.7508561643835616 0.3328550932568149 0.039383561643835614 0.043041606886657105
0 0.7388698630136986 0.42037302725968434 0.05650684931506849 0.08321377331420372
0 0.7311643835616438 0.5028694404591105 0.06164383561643835 0.058823529411764705
0 0.7363013698630136 0.5667144906743186 0.06506849315068493 0.043041606886657105
0 0.6738013698630136 0.21305595408895264 0.0702054794520548 0.133428981348637
0 0.646404109589041 0.4296987087517934 0.032534246575342464 0.11047345767575323
0 0.541095890410959 0.16714490674318508 0.0136986301369863 0.035868005738880916
0 0.5736301369863014 0.1750358680057389 0.030821917808219176 0.06599713055954089
0 0.3416095890410959 0.17288378766140602 0.07363013698630137 0.08464849354375897
0 0.3544520547945205 0.27403156384505023 0.0547945205479452 0.07747489239598278
0 0.4700342465753425 0.5552367288378766 0.07363013698630137 0.08321377331420372
0 0.2628424657534247 0.6076040172166427 0.10445205479452055 0.06743185078909612
