0 0.41217257318952233 0.1371527777777778 0.08782742681047766 0.1099537037037037
0 0.3305084745762712 0.1394675925925926 0.053929121725731895 0.11458333333333333
0 0.26810477657935283 0.1371527777777778 0.046224961479198766 0.0798611111111111
0 0.2711864406779661 0.24710648148148148 0.02465331278890601 0.07291666666666667
0 0.34668721109399075 0.28761574074074076 0.08012326656394453 0.06365740740740741
0 0.2657935285053929 0.3315972222222222 0.029275808936825885 0.03587962962962963
0 0.39907550077041604 0.44328703703703703 0.08628659476117104 0.1111111111111111
0 0.3220338983050847 0.4253472222222222 0.05855161787365177 0.10069444444444445
0 0.26194144838212635 0.3929398148148148 0.05546995377503852 0.03125
0 0.261171032357473 0.4618055555555556 0.053929121725731895 0.0625
0 0.3420647149460709 0.5636574074074074 0.08320493066255778 0.06481481481481481
0 0.2727272727272727 0.5792824074074074 0.02773497688751926 0.047453703703703706
0 0.3813559322033898 0.6880787037037037 0.053929121725731895 0.09375
0 0.3258859784283513 0.6753472222222222 0.029275808936825885 0.04282407407407408
0 0.25038520801232667 0.6788194444444444 0.060092449922958396 0.03587962962962963
