0 0.3768518518518518 0.19931592039800994 0.06851851851851852 0.10012437810945274
0 0.3611111111111111 0.298818407960199 0.06481481481481481 0.0740049751243781
0 0.3476851851851852 0.36162935323383083 0.04537037037037037 0.04042288557213931
0 0.3435185185185185 0.4306592039800995 0.05 0.04415422885572139
0 0.2726851851851852 0.1875 0.07314814814814814 0.08644278606965174
0 0.2740740740740741 0.2789179104477612 0.05185185185185185 0.05783582089552239
0 0.2550925925925926 0.3510572139303483 0.019444444444444445 0.05161691542288557
0 0.2796296296296296 0.37344527363184077 0.037037037037037035 0.05161691542288557
0 0.18703703703703703 0.22450248756218905 0.09074074074074075 0.09203980099502487
0 0.18703703703703703 0.32431592039800994 0.06851851851851852 0.08146766169154229
0 0.19490740740740742 0.4008084577114428 0.075 0.05037313432835821
