0 0.47800925925925924 0.3047571853320119 0.08101851851851852 0.06045589692765114
0 0.34375 0.28889990089197226 0.09490740740740741 0.05054509415262636
0 0.6018518518518519 0.4588701684836472 0.16666666666666666 0.1466798810703667
0 0.46412037037037035 0.4296333002973241 0.1550925925925926 0.10604558969276512
0 0.30787037037037035 0.4311199207135778 0.09722222222222222 0.08919722497522299
0 0.5289351851851852 0.5614469772051536 0.08564814814814815 0.02081268582755203
0 0.5972222222222222 0.5931615460852329 0.06944444444444445 0.07234886025768088
0 0.4201388888888889 0.554013875123885 0.10416666666666667 0.07928642220019821
0 0.30439814814814814 0.5475718533201189 0.09953703703703703 0.0802775024777007
0 0.2986111111111111 0.6204162537165511 0.12962962962962962 0.027750247770069375
0 0.2962962962962963 0.6774033696729435 0.08333333333333333 0.07433102081268583
0 0.4583333333333333 0.686818632309217 0.1388888888888889 0.12487611496531219
0 0.6122685185185185 0.6932606541129831 0.09953703703703703 0.09217046580773043
0 0.7337962962962963 0.6739345887016849 0.10648148148148148 0.03369672943508424
0 0.28935185185185186 0.7651139742319127 0.09259259259259259 0.04360753221010902
