0 0.8674832962138085 0.47058823529411764 0.10467706013363029 0.0855614973262032
0 0.7605790645879733 0.46524064171123 0.08685968819599109 0.10338680926916222
0 0.6770601336302895 0.47237076648841353 0.0801781737193764 0.13903743315508021
0 0.5233853006681515 0.28342245989304815 0.044543429844097995 0.06417112299465241
0 0.5033407572383074 0.38235294117647056 0.0801781737193764 0.09803921568627451
0 0.5267260579064588 0.49376114081996436 0.06904231625835189 0.09269162210338681
0 0.4376391982182628 0.48484848484848486 0.08240534521158129 0.06417112299465241
0 0.41648106904231624 0.36541889483065954 0.07126948775055679 0.09269162210338681
0 0.3351893095768374 0.3761140819964349 0.051224944320712694 0.09982174688057041
0 0.2973273942093541 0.4385026737967914 0.08240534521158129 0.06417112299465241
