0 0.8462962962962963 0.4858156028368794 0.0654320987654321 0.08652482269503546
0 0.7654320987654321 0.5815602836879432 0.09382716049382717 0.11347517730496454
0 0.7623456790123457 0.35815602836879434 0.10493827160493827 0.12907801418439716
0 0.7030864197530864 0.42907801418439717 0.10740740740740741 0.14609929078014183
0 0.6123456790123457 0.5156028368794326 0.09382716049382717 0.15177304964539007
0 0.5222222222222223 0.5645390070921986 0.0691358024691358 0.15886524822695036
0 0.337037037037037 0.43333333333333335 0.08395061728395062 0.0950354609929078
0 0.3111111111111111 0.5822695035460993 0.07407407407407407 0.1375886524822695
0 0.22098765432098766 0.42907801418439717 0.10617283950617284 0.19432624113475178
0 0.17839506172839506 0.3446808510638298 0.10740740740740741 0.13333333333333333
0 0.09753086419753086 0.4645390070921986 0.0691358024691358 0.09787234042553192
