0 0.7504798464491362 0.13187772925764193 0.12667946257197696 0.09082969432314411
0 0.7735124760076776 0.2462882096069869 0.09596928982725528 0.10655021834061135
0 0.6439539347408829 0.1240174672489083 0.0671785028790787 0.059388646288209605
0 0.6247600767754319 0.19563318777292577 0.07869481765834933 0.08034934497816594
0 0.54510556621881 0.3314410480349345 0.23032629558541268 0.08122270742358079
0 0.5652591170825336 0.1388646288209607 0.08637236084452975 0.06812227074235808
0 0.5163147792706334 0.2349344978165939 0.12667946257197696 0.08209606986899563
0 0.3800383877159309 0.2930131004366812 0.07677543186180422 0.05502183406113537
0 0.31381957773512476 0.37554585152838427 0.06333973128598848 0.03318777292576419
0 0.33397312859884837 0.45458515283842793 0.08829174664107485 0.08820960698689956
0 0.31765834932821496 0.548471615720524 0.0671785028790787 0.03318777292576419
0 0.236084452975048 0.39170305676855893 0.0690978886756238 0.07074235807860262
0 0.23032629558541268 0.4462882096069869 0.05758157389635317 0.029694323144104803
0 0.23512476007677544 0.4851528384279476 0.08637236084452975 0.03755458515283843
0 0.23512476007677544 0.5506550218340611 0.08253358925143954 0.04978165938864629
0 0.3330134357005758 0.620524017467249 0.044145873320537425 0.03406113537117904
0 0.32149712092130517 0.6908296943231441 0.0671785028790787 0.06462882096069869
0 0.2619961612284069 0.6375545851528385 0.06333973128598848 0.026200873362445413
0 0.2667946257197697 0.6017467248908297 0.046065259117082535 0.029694323144104803
0 0.2533589251439539 0.6829694323144104 0.046065259117082535 0.03842794759825328
