0 0.8426501035196687 0.28600823045267487 0.10766045548654245 0.13168724279835392
0 0.7981366459627329 0.5087448559670782 0.09523809523809523 0.11419753086419752
0 0.7272256728778468 0.18621399176954734 0.09627329192546584 0.15843621399176955
0 0.6853002070393375 0.36162551440329216 0.09523809523809523 0.17592592592592593
0 0.6744306418219461 0.5771604938271605 0.08178053830227744 0.15432098765432098
0 0.7468944099378882 0.7474279835390947 0.07556935817805382 0.08333333333333333
0 0.6190476190476191 0.14146090534979425 0.07660455486542443 0.07098765432098765
0 0.6081780538302277 0.2623456790123457 0.06935817805383022 0.13786008230452676
0 0.5910973084886129 0.40483539094650206 0.033126293995859216 0.08127572016460906
0 0.5574534161490683 0.5540123456790124 0.09420289855072464 0.14300411522633744
0 0.37318840579710144 0.20987654320987653 0.023809523809523808 0.1111111111111111
0 0.3695652173913043 0.33641975308641975 0.06418219461697723 0.1111111111111111
0 0.36594202898550726 0.4675925925925926 0.038302277432712216 0.060699588477366256
0 0.38923395445134573 0.5802469135802469 0.060041407867494824 0.12551440329218108
0 0.29296066252587993 0.2309670781893004 0.07867494824016563 0.147119341563786
0 0.2893374741200828 0.375 0.09420289855072464 0.09156378600823045
0 0.2888198757763975 0.4912551440329218 0.08074534161490683 0.05864197530864197
0 0.30693581780538304 0.6368312757201646 0.050724637681159424 0.043209876543209874
0 0.1956521739130435 0.23868312757201646 0.057971014492753624 0.09465020576131687
0 0.20186335403726707 0.3966049382716049 0.045548654244306416 0.1574074074074074
0 0.20755693581780538 0.5565843621399177 0.06935817805383022 0.12551440329218108
0 0.11231884057971014 0.28858024691358025 0.07556935817805382 0.1183127572016461
0 0.12577639751552794 0.5138888888888888 0.06935817805383022 0.0874485596707819
