0 0.5476694915254238 0.12976085031000886 0.09957627118644068 0.07174490699734277
0 0.548728813559322 0.271036315323295 0.13559322033898305 0.14348981399468555
0 0.3781779661016949 0.13020372010628875 0.06991525423728813 0.08325952170062002
0 0.3771186440677966 0.2754650132860939 0.13135593220338984 0.08503100088573959
0 0.6673728813559322 0.5478299379982285 0.059322033898305086 0.045172719220549155
0 0.5805084745762712 0.5589016829052259 0.11016949152542373 0.06554472984942426
0 0.5646186440677966 0.6767050487156776 0.13347457627118645 0.10274579273693533
0 0.4459745762711864 0.5575730735163862 0.125 0.07528786536758193
0 0.4322033898305085 0.6536758193091231 0.11864406779661017 0.0637732506643047
0 0.2976694915254237 0.5606731620903455 0.10805084745762712 0.07440212577502214
