0 0.7859848484848485 0.1443661971830986 0.07954545454545454 0.07042253521126761
0 0.759469696969697 0.2681924882629108 0.10227272727272728 0.09976525821596244
0 0.6240530303030303 0.1637323943661972 0.07765151515151515 0.11150234741784038
0 0.6259469696969697 0.2564553990610329 0.0625 0.057511737089201875
0 0.6022727272727273 0.3415492957746479 0.07575757575757576 0.06572769953051644
0 0.4990530303030303 0.09624413145539906 0.06628787878787878 0.09624413145539906
0 0.4810606060606061 0.20715962441314553 0.10984848484848485 0.1068075117370892
0 0.4772727272727273 0.33215962441314556 0.11363636363636363 0.09624413145539906
0 0.3143939393939394 0.1795774647887324 0.125 0.13615023474178403
0 0.3077651515151515 0.30633802816901406 0.13068181818181818 0.11032863849765258
