0 0.5174603174603175 0.1019690576652602 0.05396825396825397 0.11954992967651196
0 0.6134920634920635 0.18073136427566808 0.05555555555555555 0.12517580872011252
0 0.6349206349206349 0.3136427566807314 0.12063492063492064 0.08720112517580872
0 0.5325396825396825 0.2805907172995781 0.05555555555555555 0.14486638537271448
0 0.6388888888888888 0.630098452883263 0.07777777777777778 0.10970464135021098
0 0.5134920634920634 0.5407876230661041 0.03650793650793651 0.052039381153305204
0 0.5246031746031746 0.680731364275668 0.0873015873015873 0.11814345991561181
0 0.3682539682539683 0.1441631504922644 0.08888888888888889 0.13642756680731363
0 0.4015873015873016 0.30028129395218 0.06031746031746032 0.10548523206751055
0 0.2611111111111111 0.2271448663853727 0.1380952380952381 0.09423347398030943
0 0.4 0.540084388185654 0.06666666666666667 0.06469760900140648
0 0.2849206349206349 0.609704641350211 0.08412698412698413 0.10829817158931083
