0 0.663594470046083 0.1567357512953368 0.055299539170506916 0.046632124352331605
0 0.5449308755760369 0.10880829015544041 0.1359447004608295 0.15544041450777202
0 0.39746543778801846 0.0744818652849741 0.0576036866359447 0.07124352331606218
0 0.3790322580645161 0.172279792746114 0.10829493087557604 0.09844559585492228
0 0.26152073732718895 0.11075129533678757 0.08064516129032258 0.10492227979274611
0 0.14400921658986174 0.12240932642487047 0.1497695852534562 0.09196891191709844
0 0.6117511520737328 0.3270725388601036 0.06221198156682028 0.09455958549222798
0 0.5748847926267281 0.45984455958549225 0.0944700460829493 0.10621761658031088
0 0.5126728110599078 0.30440414507772023 0.04377880184331797 0.04145077720207254
0 0.41244239631336405 0.3471502590673575 0.1152073732718894 0.15803108808290156
0 0.4838709677419355 0.43523316062176165 0.09216589861751152 0.08549222797927461
0 0.2834101382488479 0.3167098445595855 0.12442396313364056 0.13082901554404144
