0 0.6915422885572139 0.11188811188811189 0.1691542288557214 0.06713286713286713
0 0.472636815920398 0.10839160839160839 0.12935323383084577 0.03682983682983683
0 0.6579601990049752 0.19044289044289045 0.17661691542288557 0.06386946386946386
0 0.44527363184079605 0.168997668997669 0.11940298507462686 0.0386946386946387
0 0.5845771144278606 0.2358974358974359 0.1691542288557214 0.046620046620046623
0 0.3781094527363184 0.22773892773892773 0.12437810945273632 0.0386946386946387
0 0.5783582089552238 0.28251748251748254 0.1417910447761194 0.039160839160839164
0 0.3619402985074627 0.2773892773892774 0.13681592039800994 0.041025641025641026
0 0.5609452736318408 0.3585081585081585 0.14676616915422885 0.08764568764568764
0 0.35696517412935325 0.34055944055944054 0.1318407960199005 0.043356643356643354
0 0.3445273631840796 0.39090909090909093 0.12686567164179105 0.04055944055944056
0 0.6256218905472637 0.4585081585081585 0.15671641791044777 0.04801864801864802
0 0.43905472636815923 0.4578088578088578 0.17661691542288557 0.05314685314685315
0 0.23756218905472637 0.45314685314685316 0.1417910447761194 0.04568764568764569
0 0.6492537313432836 0.5268065268065268 0.15422885572139303 0.059673659673659674
0 0.695273631840796 0.6603729603729603 0.12189054726368159 0.07505827505827506
0 0.5124378109452736 0.637062937062937 0.15422885572139303 0.05268065268065268
0 0.32587064676616917 0.6351981351981352 0.18407960199004975 0.053613053613053616
0 0.6915422885572139 0.7438228438228438 0.18407960199004975 0.046153846153846156
0 0.486318407960199 0.720979020979021 0.1318407960199005 0.05920745920745921
0 0.2873134328358209 0.7184149184149184 0.23134328358208955 0.09603729603729604
0 0.664179104477612 0.8272727272727273 0.12437810945273632 0.05081585081585081
0 0.4701492537313433 0.8382284382284382 0.19402985074626866 0.08764568764568764
0 0.263681592039801 0.8181818181818182 0.14427860696517414 0.052214452214452214
0 0.2524875621890547 0.5104895104895105 0.10199004975124377 0.052214452214452214
0 0.39552238805970147 0.5375291375291376 0.2736318407960199 0.0979020979020979
