0 0.6695054945054945 0.15022338049143708 0.036813186813186814 0.03239017125837677
0 0.6252747252747253 0.14538346984363365 0.03736263736263736 0.043559195830230824
0 0.5774725274725274 0.1377513030528667 0.03956043956043956 0.04244229337304542
0 0.5804945054945055 0.1960163812360387 0.03461538461538462 0.03983618763961281
0 0.710989010989011 0.5148920327624721 0.024175824175824177 0.014892032762472078
0 0.7879120879120879 0.5482129560685034 0.03956043956043956 0.03239017125837677
0 0.8423076923076923 0.5370439314966493 0.035164835164835165 0.037602382725241995
0 0.9489010989010989 0.4651898734177215 0.027472527472527472 0.04281459419210722
0 0.9461538461538461 0.5227103499627699 0.02197802197802198 0.044676098287416234
0 0.7857142857142857 0.5951228592702904 0.04065934065934066 0.04058078927773641
0 0.7851648351648352 0.6481757259865971 0.04285714285714286 0.044676098287416234
0 0.714010989010989 0.6401712583767685 0.023626373626373626 0.017498138495904692
0 0.5958791208791209 0.6379374534623976 0.02142857142857143 0.018242740134028296
0 0.5983516483516483 0.5081906180193596 0.026373626373626374 0.020104244229337303
0 0.4104395604395604 0.5009307520476545 0.01868131868131868 0.020476545048399106
0 0.44835164835164837 0.4056217423678332 0.02857142857142857 0.010052122114668651
0 0.432967032967033 0.4184661206254654 0.026373626373626374 0.02084884586746091
0 0.44505494505494503 0.4912509307520477 0.01868131868131868 0.007073715562174236
0 0.4403846153846154 0.5027922561429635 0.022527472527472527 0.013775130305286671
0 0.4142857142857143 0.563849590469099 0.01978021978021978 0.013775130305286671
0 0.4175824175824176 0.6265822784810127 0.026373626373626374 0.01712583767684289
0 0.30137362637362636 0.5750186150409531 0.025824175824175823 0.01600893521965748
0 0.2947802197802198 0.5100521221146687 0.026923076923076925 0.014892032762472078
0 0.22280219780219782 0.5249441548771407 0.0521978021978022 0.06403574087862993
0 0.22335164835164836 0.5848845867460909 0.03461538461538462 0.04318689501116903
0 0.21895604395604396 0.6448250186150409 0.046703296703296704 0.0573343261355175
0 0.15796703296703296 0.550819061801936 0.046703296703296704 0.041325390915860016
0 0.1054945054945055 0.5253164556962026 0.02967032967032967 0.04839910647803425
0 0.0673076923076923 0.5390915860014892 0.03241758241758242 0.04393149664929263
0 0.7126373626373627 0.2956068503350707 0.01978021978021978 0.022338049143708117
0 0.41346153846153844 0.1768428890543559 0.03131868131868132 0.04095309009679821
0 0.37225274725274726 0.14612807148175727 0.03021978021978022 0.025688756515264335
0 0.28186813186813187 0.11169024571854058 0.027472527472527472 0.03723008190618019
0 0.3252747252747253 0.1517125837676843 0.02967032967032967 0.02866716306775875
0 0.7873626373626373 0.3620625465376024 0.02197802197802198 0.012285927029039464
0 0.8065934065934066 0.3678332092330603 0.017582417582417582 0.016381236038719285
0 0.49862637362637363 0.18447505584512286 0.028021978021978023 0.0189873417721519
0 0.6228021978021978 0.20085629188384213 0.028021978021978023 0.06217423678332092
0 0.24505494505494504 0.1545048399106478 0.020879120879120878 0.021593447505584513
