0 0.5671296296296297 0.05966386554621849 0.14351851851851852 0.04201680672268908
0 0.37037037037037035 0.06582633053221289 0.10185185185185185 0.04201680672268908
0 0.5393518518518519 0.1380952380952381 0.1111111111111111 0.04873949579831933
0 0.5324074074074074 0.19831932773109243 0.1111111111111111 0.05378151260504202
0 0.36226851851851855 0.13837535014005603 0.12731481481481483 0.05266106442577031
0 0.36574074074074076 0.19411764705882353 0.12962962962962962 0.0453781512605042
0 0.5902777777777778 0.2781512605042017 0.12037037037037036 0.05434173669467787
0 0.5763888888888888 0.3378151260504202 0.14351851851851852 0.05042016806722689
0 0.39351851851851855 0.29859943977591036 0.125 0.11204481792717087
0 0.5868055555555556 0.39915966386554624 0.11805555555555555 0.04649859943977591
0 0.4479166666666667 0.4061624649859944 0.10416666666666667 0.0515406162464986
0 0.3113425925925926 0.3918767507002801 0.09490740740740741 0.036414565826330535
0 0.19791666666666666 0.40252100840336136 0.08564814814814815 0.06666666666666667
0 0.5763888888888888 0.47507002801120446 0.0787037037037037 0.06498599439775911
0 0.4340277777777778 0.4725490196078431 0.16435185185185186 0.06666666666666667
0 0.30439814814814814 0.4649859943977591 0.08101851851851852 0.054901960784313725
0 0.21180555555555555 0.46190476190476193 0.11342592592592593 0.04201680672268908
0 0.5532407407407407 0.5837535014005603 0.11574074074074074 0.05826330532212885
0 0.38425925925925924 0.561624649859944 0.10648148148148148 0.052100840336134456
0 0.24305555555555555 0.5675070028011204 0.10185185185185185 0.06834733893557422
0 0.5162037037037037 0.6599439775910364 0.18055555555555555 0.08515406162464986
0 0.3472222222222222 0.6420168067226891 0.08333333333333333 0.07170868347338935
0 0.24305555555555555 0.6431372549019608 0.14351851851851852 0.04481792717086835
