0 0.5246753246753246 0.08574091332712022 0.04155844155844156 0.05778191985088537
0 0.5454545454545454 0.16868592730661697 0.09350649350649351 0.06896551724137931
0 0.5311688311688312 0.2581547064305685 0.17922077922077922 0.06150978564771668
0 0.522077922077922 0.33690587138863 0.0987012987012987 0.06244175209692451
0 0.5584415584415584 0.43895619757688725 0.12467532467532468 0.10810810810810811
0 0.45324675324675323 0.4189189189189189 0.05454545454545454 0.08853681267474371
0 0.3168831168831169 0.2530288909599254 0.07792207792207792 0.06057781919850885
0 0.2974025974025974 0.34156570363466915 0.08051948051948052 0.07921714818266543
0 0.509090909090909 0.6817334575955266 0.12467532467532468 0.05498602050326188
0 0.487012987012987 0.7698042870456664 0.12727272727272726 0.05591798695246971
