0 0.5222972972972973 0.4765166340508806 0.05540540540540541 0.0547945205479452
0 0.5209459459459459 0.5836594911937377 0.041891891891891894 0.057729941291585124
0 0.5351351351351351 0.662426614481409 0.032432432432432434 0.03718199608610567
0 0.43986486486486487 0.48679060665362034 0.0445945945945946 0.09686888454011741
0 0.42905405405405406 0.6042074363992173 0.07702702702702703 0.08708414872798434
0 0.3722972972972973 0.5068493150684932 0.041891891891891894 0.14285714285714285
0 0.3385135135135135 0.6320939334637965 0.08783783783783784 0.10763209393346379
0 0.21216216216216216 0.3957925636007828 0.051351351351351354 0.036203522504892366
0 0.29121621621621624 0.4735812133072407 0.05540540540540541 0.09784735812133072
0 0.20743243243243242 0.5435420743639922 0.07162162162162163 0.11643835616438356
0 0.13513513513513514 0.5430528375733855 0.06756756756756757 0.07632093933463796
0 0.8493243243243244 0.48679060665362034 0.05 0.03816046966731898
0 0.8283783783783784 0.6105675146771037 0.02972972972972973 0.08023483365949119
0 0.8344594594594594 0.5313111545988258 0.0472972972972973 0.029354207436399216
0 0.1837837837837838 0.46673189823874756 0.1 0.05870841487279843
