0 0.6595174262734584 0.12838801711840228 0.16085790884718498 0.06276747503566334
0 0.7010723860589813 0.20898716119828817 0.0938337801608579 0.09272467902995721
0 0.67828418230563 0.3273894436519258 0.07506702412868632 0.09272467902995721
0 0.6997319034852547 0.43437945791726107 0.064343163538874 0.07275320970042796
0 0.6729222520107239 0.5534950071326676 0.10723860589812333 0.12268188302425106
0 0.5482573726541555 0.22325249643366618 0.14209115281501342 0.0898716119828816
0 0.5134048257372654 0.3252496433666191 0.0938337801608579 0.06562054208273894
0 0.596514745308311 0.3780313837375178 0.06702412868632708 0.09415121255349501
0 0.5388739946380697 0.4714693295292439 0.128686327077748 0.08131241084165478
0 0.5375335120643432 0.6041369472182596 0.12064343163538874 0.11554921540656206
