0 0.7824074074074074 0.12335002275830678 0.08333333333333333 0.041875284478834776
0 0.8207070707070707 0.19344560764679108 0.06228956228956229 0.04369594902139281
0 0.859006734006734 0.3136094674556213 0.03282828282828283 0.055530268548020026
0 0.8623737373737373 0.3837050523441056 0.0563973063973064 0.05097860719162494
0 0.8535353535353535 0.46609012289485663 0.0723905723905724 0.09467455621301775
0 0.8526936026936027 0.5434683659535731 0.04882154882154882 0.04369594902139281
0 0.8324915824915825 0.61106053709604 0.06060606060606061 0.036868456986800184
0 0.8169191919191919 0.6599908966772872 0.05303030303030303 0.040964952207555756
0 0.5471380471380471 0.13654984069185253 0.04208754208754209 0.015475648611743286
0 0.7281144781144782 0.2191624943104233 0.03872053872053872 0.01775147928994083
0 0.7331649831649831 0.32794720072826583 0.04377104377104377 0.024123805188893947
0 0.26052188552188554 0.10696404187528448 0.06313131313131314 0.04278561675011379
0 0.2117003367003367 0.1713700500682749 0.05808080808080808 0.0541647701411015
0 0.27946127946127947 0.20368684569868 0.05555555555555555 0.012289485662266727
0 0.15067340067340068 0.2787892580791989 0.05723905723905724 0.05325443786982249
0 0.15067340067340068 0.3488848429676832 0.06228956228956229 0.05234410559854347
0 0.14772727272727273 0.4069185252617205 0.06818181818181818 0.04369594902139281
0 0.16245791245791247 0.4608557123350023 0.03535353535353535 0.044151115157032315
0 0.16666666666666666 0.4906690942193901 0.045454545454545456 0.01456531634046427
0 0.29335016835016836 0.4995448338643605 0.03956228956228956 0.021392808375056895
0 0.375 0.418525261720528 0.049663299663299666 0.026854802002730997
0 0.2074915824915825 0.5960400546199363 0.047979797979797977 0.03413746017296313
0 0.2074915824915825 0.6538461538461539 0.06313131313131314 0.0323167956304051
0 0.23484848484848486 0.702776513427401 0.06565656565656566 0.04460628129267182
0 0.76010101010101 0.7303140646335913 0.06228956228956229 0.044151115157032315
0 0.29419191919191917 0.7523896222121074 0.06313131313131314 0.04369594902139281
