0 0.8411513859275054 0.1505524861878453 0.07036247334754797 0.0856353591160221
0 0.7334754797441365 0.17541436464088397 0.07249466950959488 0.09392265193370165
0 0.6364605543710021 0.18853591160220995 0.06609808102345416 0.08701657458563536
0 0.6471215351812367 0.2852209944751381 0.06183368869936034 0.08977900552486189
0 0.6375266524520256 0.3701657458563536 0.03837953091684435 0.04696132596685083
0 0.6439232409381663 0.4516574585635359 0.06823027718550106 0.0856353591160221
0 0.7356076759061834 0.4129834254143646 0.05543710021321962 0.07458563535911603
0 0.8283582089552238 0.43922651933701656 0.1044776119402985 0.09392265193370165
0 0.9328358208955224 0.43439226519337015 0.10021321961620469 0.12845303867403315
0 0.3603411513859275 0.17472375690607736 0.06823027718550106 0.09530386740331492
0 0.2771855010660981 0.1878453038674033 0.08102345415778252 0.10497237569060773
0 0.18763326226012794 0.21961325966850828 0.0767590618336887 0.12430939226519337
0 0.17377398720682302 0.32113259668508287 0.04477611940298507 0.05110497237569061
0 0.279317697228145 0.430939226519337 0.08528784648187633 0.09668508287292818
0 0.20042643923240938 0.4164364640883978 0.06823027718550106 0.0925414364640884
0 0.4093816631130064 0.5151933701657458 0.05970149253731343 0.09668508287292818
0 0.3400852878464819 0.505524861878453 0.057569296375266525 0.06077348066298342
0 0.23347547974413646 0.5317679558011049 0.09594882729211088 0.08839779005524862
