0 0.9251237623762376 0.3044758539458186 0.038366336633663366 0.06949352179034157
0 0.9139851485148515 0.37750294464075385 0.05816831683168317 0.06713780918727916
0 0.8564356435643564 0.36395759717314485 0.05693069306930693 0.08480565371024736
0 0.7933168316831684 0.36336866902237924 0.03712871287128713 0.071849234393404
0 0.7592821782178217 0.3875147232037691 0.043316831683168314 0.05418138987043581
0 0.43254950495049505 0.10482921083627797 0.008663366336633664 0.04004711425206125
0 0.44863861386138615 0.10777385159010601 0.018564356435643563 0.038869257950530034
0 0.3613861386138614 0.13427561837455831 0.03217821782178218 0.09658421672555949
0 0.3217821782178218 0.12249705535924617 0.04455445544554455 0.06595995288574794
0 0.25185643564356436 0.14899882214369847 0.050742574257425746 0.050647820965842166
0 0.25742574257425743 0.19316843345111898 0.03712871287128713 0.0447585394581861
0 0.1943069306930693 0.14782096584216725 0.039603960396039604 0.048292108362779744
