0 0.5467532467532468 0.1284562211981567 0.10649350649350649 0.05184331797235023
0 0.5753246753246753 0.19642857142857142 0.09610389610389611 0.05184331797235023
0 0.42857142857142855 0.15552995391705068 0.12467532467532468 0.09216589861751152
0 0.3116883116883117 0.1359447004608295 0.09350649350649351 0.055299539170506916
0 0.1974025974025974 0.1434331797235023 0.1038961038961039 0.06336405529953917
0 0.312987012987013 0.2269585253456221 0.06493506493506493 0.11981566820276497
0 0.24805194805194805 0.21313364055299538 0.07012987012987013 0.055299539170506916
0 0.2636363636363636 0.28859447004608296 0.04415584415584416 0.03571428571428571
0 0.6038961038961039 0.4176267281105991 0.06493506493506493 0.06797235023041474
0 0.45454545454545453 0.4032258064516129 0.12467532467532468 0.06451612903225806
0 0.35064935064935066 0.33064516129032256 0.09350649350649351 0.052995391705069124
0 0.2896103896103896 0.38536866359447003 0.08051948051948052 0.10253456221198157
0 0.37922077922077924 0.3715437788018433 0.06753246753246753 0.0587557603686636
