0 0.7027777777777777 0.5709624796084829 0.1111111111111111 0.07177814029363784
0 0.5375 0.5807504078303426 0.06944444444444445 0.07504078303425775
0 0.42083333333333334 0.564437194127243 0.1361111111111111 0.09135399673735727
0 0.30277777777777776 0.49429037520391517 0.05555555555555555 0.10114192495921696
0 0.3013888888888889 0.5913539967373572 0.06944444444444445 0.037520391517128875
0 0.31666666666666665 0.34910277324632955 0.1 0.09135399673735727
0 0.3597222222222222 0.2128874388254486 0.05277777777777778 0.04730831973898858
0 0.48055555555555557 0.23491027732463296 0.11666666666666667 0.06851549755301795
0 0.4236111111111111 0.33931484502446985 0.08611111111111111 0.08809135399673736
0 0.5333333333333333 0.3539967373572594 0.07222222222222222 0.11419249592169657
0 0.6222222222222222 0.34176182707993474 0.09444444444444444 0.10603588907014681
0 0.7527777777777778 0.29853181076672103 0.1 0.07830342577487764
