0 0.8309018567639257 0.035671100362756954 0.04907161803713528 0.04836759371221282
0 0.8249336870026526 0.1124546553808948 0.05305039787798409 0.07134220072551391
0 0.7088859416445623 0.13633615477629987 0.0649867374005305 0.0804111245465538
0 0.8454907161803713 0.19165659008464328 0.03580901856763926 0.03506650544135429
0 0.7188328912466844 0.2270253929866989 0.04774535809018567 0.07557436517533253
0 0.8315649867374005 0.3270858524788392 0.09283819628647215 0.07255139056831923
0 0.7009283819628647 0.34673518742442566 0.1206896551724138 0.09492140266021766
0 0.803050397877984 0.47672309552599756 0.09416445623342175 0.06348246674727932
0 0.7944297082228117 0.5722490931076178 0.06631299734748011 0.07557436517533253
0 0.6505305039787799 0.5477629987908101 0.16312997347480107 0.09552599758162031
0 0.5258620689655172 0.5253929866989118 0.08885941644562334 0.05199516324062878
0 0.45291777188328913 0.532950423216445 0.04111405835543767 0.051390568319226115
0 0.7911140583554377 0.6638452237001209 0.07029177718832891 0.07255139056831923
0 0.6047745358090185 0.6559854897218863 0.0610079575596817 0.02176541717049577
0 0.5875331564986738 0.689540507859734 0.06631299734748011 0.0380894800483676
0 0.7844827586206896 0.7684401451027811 0.07029177718832891 0.07859733978234583
0 0.4244031830238727 0.7025392986698912 0.05570291777188329 0.03143893591293833
0 0.23408488063660476 0.654776299879081 0.05968169761273209 0.018137847642079808
0 0.19230769230769232 0.6813784764207981 0.07161803713527852 0.041112454655380895
