0 0.33450351053159477 0.10204646017699115 0.04714142427281846 0.043694690265486724
0 0.29538615847542626 0.09623893805309734 0.037111334002006016 0.04314159292035398
0 0.24623871614844534 0.09623893805309734 0.04914744232698094 0.046460176991150445
0 0.4679037111334002 0.18805309734513273 0.031093279839518557 0.00995575221238938
0 0.47342026078234706 0.20547566371681417 0.044132397191574725 0.02267699115044248
0 0.545135406218656 0.2051991150442478 0.037111334002006016 0.032079646017699116
0 0.5777331995987964 0.20436946902654868 0.026078234704112337 0.03705752212389381
0 0.6043129388164493 0.2099004424778761 0.02708124373119358 0.03373893805309734
0 0.2933801404212638 0.23949115044247787 0.05717151454363089 0.04092920353982301
0 0.36058174523570713 0.2488938053097345 0.037111334002006016 0.04314159292035398
0 0.40722166499498497 0.23783185840707965 0.04012036108324975 0.034292035398230086
0 0.15446339017051153 0.3752765486725664 0.06018054162487462 0.0625
0 0.22417251755265796 0.37776548672566373 0.05115346038114343 0.06415929203539823
0 0.30992978936810434 0.3821902654867257 0.044132397191574725 0.030973451327433628
0 0.3460381143430291 0.3808075221238938 0.028084252758274825 0.042588495575221236
0 0.3741223671013039 0.3658738938053097 0.028084252758274825 0.024889380530973452
0 0.5346038114343029 0.42616150442477874 0.04212637913741224 0.03595132743362832
0 0.5325977933801405 0.46045353982300885 0.05416248746238716 0.017146017699115043
