0 0.6920454545454545 0.22466960352422907 0.07954545454545454 0.09985315712187959
0 0.6852272727272727 0.3604992657856094 0.06136363636363636 0.08370044052863436
0 0.7102272727272727 0.4787077826725404 0.06136363636363636 0.08223201174743025
0 0.5875 0.2701908957415565 0.07045454545454545 0.11160058737151249
0 0.5795454545454546 0.4067547723935389 0.10454545454545454 0.09691629955947137
0 0.5772727272727273 0.5154185022026432 0.06818181818181818 0.09985315712187959
0 0.4329545454545455 0.48604992657856094 0.07954545454545454 0.1262848751835536
0 0.2988636363636364 0.28267254038179146 0.1340909090909091 0.1277533039647577
0 0.30227272727272725 0.4456681350954479 0.10454545454545454 0.05726872246696035
0 0.28863636363636364 0.5 0.045454545454545456 0.07195301027900147
0 0.4329545454545455 0.28634361233480177 0.1340909090909091 0.17033773861967694
