0 0.6768953068592057 0.1627680311890838 0.09025270758122744 0.03313840155945419
0 0.7021660649819494 0.21150097465886938 0.039711191335740074 0.037037037037037035
0 0.4963898916967509 0.17446393762183235 0.148014440433213 0.11500974658869395
0 0.388086642599278 0.1530214424951267 0.07581227436823104 0.06432748538011696
0 0.3194945848375451 0.12962962962962962 0.04693140794223827 0.04093567251461988
0 0.3285198555956679 0.19103313840155944 0.05054151624548736 0.03898635477582846
0 0.315884476534296 0.2621832358674464 0.06859205776173286 0.04483430799220273
0 0.5667870036101083 0.3508771929824561 0.11552346570397112 0.15984405458089668
0 0.44223826714801445 0.37719298245614036 0.05415162454873646 0.13840155945419103
0 0.33935018050541516 0.31871345029239767 0.10108303249097472 0.0682261208576998
0 0.30324909747292417 0.3966861598440546 0.05776173285198556 0.04483430799220273
