0 0.5011990407673861 0.16158536585365854 0.11031175059952038 0.0975609756097561
0 0.4832134292565947 0.2347560975609756 0.08872901678657075 0.051829268292682924
0 0.526378896882494 0.3125 0.08872901678657075 0.07621951219512195
0 0.36810551558752996 0.16539634146341464 0.05515587529976019 0.12957317073170732
0 0.4064748201438849 0.2865853658536585 0.11750599520383694 0.08231707317073171
0 0.290167865707434 0.10746951219512195 0.05755395683453238 0.07164634146341463
0 0.2697841726618705 0.17911585365853658 0.045563549160671464 0.038109756097560975
0 0.2793764988009592 0.2614329268292683 0.08872901678657075 0.10518292682926829
0 0.2865707434052758 0.3673780487804878 0.07434052757793765 0.07621951219512195
0 0.4244604316546763 0.3833841463414634 0.10071942446043165 0.04725609756097561
0 0.4592326139088729 0.5182926829268293 0.08872901678657075 0.06402439024390244
0 0.511990407673861 0.39939024390243905 0.05515587529976019 0.042682926829268296
