0 0.5875232774674115 0.3181818181818182 0.05027932960893855 0.03787878787878788
0 0.5893854748603352 0.4236111111111111 0.04283054003724395 0.0946969696969697
0 0.5968342644320298 0.5227272727272727 0.04283054003724395 0.05808080808080808
0 0.49813780260707635 0.3434343434343434 0.09497206703910614 0.10606060606060606
0 0.505586592178771 0.45075757575757575 0.09497206703910614 0.06565656565656566
0 0.4823091247672253 0.5568181818181818 0.0670391061452514 0.11363636363636363
0 0.3770949720670391 0.3345959595959596 0.10614525139664804 0.08838383838383838
0 0.39106145251396646 0.4046717171717172 0.07076350093109869 0.036616161616161616
0 0.2746741154562384 0.3402777777777778 0.04655493482309125 0.07196969696969698
0 0.3743016759776536 0.5978535353535354 0.0670391061452514 0.06439393939393939
0 0.1908752327746741 0.35669191919191917 0.054003724394785846 0.026515151515151516
