0 0.5583501006036218 0.3595679012345679 0.1267605633802817 0.08641975308641975
0 0.5714285714285714 0.45447530864197533 0.1448692152917505 0.0941358024691358
0 0.7132796780684104 0.3742283950617284 0.10261569416498995 0.16203703703703703
0 0.6810865191146881 0.5555555555555556 0.08249496981891348 0.16666666666666666
0 0.5563380281690141 0.5972222222222222 0.15090543259557343 0.1697530864197531
0 0.4215291750503018 0.42669753086419754 0.10663983903420524 0.15895061728395063
0 0.39436619718309857 0.5270061728395061 0.052313883299798795 0.044753086419753084
0 0.3993963782696177 0.5794753086419753 0.05432595573440644 0.038580246913580245
0 0.31891348088531185 0.470679012345679 0.09859154929577464 0.12037037037037036
0 0.20724346076458752 0.49151234567901236 0.08048289738430583 0.0941358024691358
0 0.1921529175050302 0.5925925925925926 0.06237424547283702 0.07407407407407407
0 0.2987927565392354 0.6103395061728395 0.11468812877263582 0.10339506172839506
0 0.3993963782696177 0.6396604938271605 0.06237424547283702 0.0787037037037037
0 0.18108651911468812 0.6597222222222222 0.0482897384305835 0.038580246913580245
