0 0.5935251798561151 0.1662286465177398 0.1079136690647482 0.11957950065703023
0 0.447242206235012 0.25098554533508544 0.0407673860911271 0.09986859395532194
0 0.45443645083932854 0.3902759526938239 0.1606714628297362 0.04204993429697766
0 0.7254196642685852 0.5722733245729303 0.10311750599520383 0.06964520367936924
0 0.41007194244604317 0.5341655716162943 0.12470023980815348 0.03810775295663601
0 0.29856115107913667 0.3528252299605782 0.10311750599520383 0.06438896189224705
0 0.1906474820143885 0.35611038107752957 0.09832134292565947 0.08409986859395532
0 0.19184652278177458 0.4664914586070959 0.07194244604316546 0.07884362680683311
0 0.29856115107913667 0.4454664914586071 0.08393285371702638 0.09461235216819974
0 0.2829736211031175 0.533508541392904 0.09592326139088729 0.09198423127463863
