0 0.44653614457831325 0.13581730769230768 0.03162650602409638 0.0673076923076923
0 0.4661144578313253 0.23557692307692307 0.043674698795180725 0.09134615384615384
0 0.46536144578313254 0.34435096153846156 0.045180722891566265 0.054086538461538464
0 0.4743975903614458 0.44290865384615385 0.060240963855421686 0.09254807692307693
0 0.3682228915662651 0.15985576923076922 0.06475903614457831 0.0673076923076923
0 0.36370481927710846 0.25721153846153844 0.10391566265060241 0.0889423076923077
0 0.6332831325301205 0.7115384615384616 0.058734939759036146 0.07211538461538461
0 0.6332831325301205 0.8299278846153846 0.06475903614457831 0.109375
0 0.6280120481927711 0.9176682692307693 0.04216867469879518 0.04927884615384615
0 0.5444277108433735 0.7001201923076923 0.0677710843373494 0.054086538461538464
0 0.5542168674698795 0.8100961538461539 0.05120481927710843 0.0889423076923077
0 0.4789156626506024 0.7217548076923077 0.04216867469879518 0.10697115384615384
0 0.48343373493975905 0.8365384615384616 0.04819277108433735 0.08173076923076923
0 0.45707831325301207 0.9110576923076923 0.05271084337349398 0.040865384615384616
