0 0.6623529411764706 0.26007802340702213 0.11058823529411765 0.11443433029908973
0 0.5317647058823529 0.24382314694408322 0.11294117647058824 0.12093628088426528
0 0.40352941176470586 0.1905071521456437 0.1011764705882353 0.06371911573472042
0 0.41058823529411764 0.299739921976593 0.07294117647058823 0.15474642392717816
0 0.27176470588235296 0.17360208062418725 0.10588235294117647 0.07152145643693109
0 0.26941176470588235 0.3257477243172952 0.07294117647058823 0.15214564369310793
0 0.33176470588235296 0.5494148244473342 0.10352941176470588 0.12613784135240572
0 0.5458823529411765 0.5273081924577373 0.0611764705882353 0.04291287386215865
0 0.6635294117647059 0.5630689206762028 0.09411764705882353 0.11963589076723016
0 0.45529411764705885 0.55851755526658 0.04941176470588235 0.055916775032509754
0 0.54 0.5942782834850455 0.1011764705882353 0.054616384915474644
