0 0.703125 0.19905040175310446 0.11778846153846154 0.09715120525931337
0 0.7007211538461539 0.30241051862673485 0.1466346153846154 0.08181154127100074
0 0.7067307692307693 0.39883126369612854 0.1346153846153846 0.06866325785244703
0 0.6862980769230769 0.4835646457268079 0.0985576923076923 0.08765522279035792
0 0.6826923076923077 0.6015339663988313 0.16826923076923078 0.10007304601899196
0 0.5168269230769231 0.5 0.10576923076923077 0.0635500365230095
0 0.7019230769230769 0.7260774287801315 0.10096153846153846 0.09203798392987582
0 0.6225961538461539 0.822863403944485 0.10576923076923077 0.0547845142439737
0 0.4543269230769231 0.8159240321402483 0.12980769230769232 0.06281957633308985
0 0.4963942307692308 0.22461650840029218 0.15625 0.07669831994156319
