0 0.4935064935064935 0.14936886395511922 0.05714285714285714 0.12201963534361851
0 0.44025974025974024 0.13253856942496495 0.03896103896103896 0.11079943899018233
0 0.36363636363636365 0.11781206171107994 0.06233766233766234 0.08415147265077139
0 0.2896103896103896 0.10098176718092566 0.03896103896103896 0.0785413744740533
0 0.2818181818181818 0.19635343618513323 0.08051948051948052 0.07012622720897616
0 0.36623376623376624 0.21037868162692847 0.06233766233766234 0.0729312762973352
0 0.2727272727272727 0.2699859747545582 0.046753246753246755 0.03225806451612903
0 0.2987012987012987 0.3429172510518934 0.07272727272727272 0.08835904628330996
0 0.3948051948051948 0.3338008415147265 0.06753246753246753 0.07012622720897616
0 0.4974025974025974 0.34221598877980364 0.09610389610389611 0.05329593267882188
0 0.312987012987013 0.4340813464235624 0.09090909090909091 0.07713884992987377
0 0.412987012987013 0.42917251051893407 0.06753246753246753 0.0785413744740533
0 0.512987012987013 0.4375876577840112 0.06493506493506493 0.1093969144460028
0 0.6181818181818182 0.4481065918653576 0.16103896103896104 0.1276297335203366
