0 0.7674033149171271 0.475177304964539 0.03425414364640884 0.1475177304964539
0 0.6425414364640883 0.724113475177305 0.08066298342541436 0.11205673758865248
0 0.5701657458563536 0.2815602836879433 0.03535911602209945 0.03546099290780142
0 0.5762430939226519 0.34397163120567376 0.04088397790055249 0.06666666666666667
0 0.5 0.3056737588652482 0.045303867403314914 0.12624113475177304
0 0.4038674033149171 0.274468085106383 0.05414364640883978 0.09219858156028368
0 0.31767955801104975 0.3056737588652482 0.032044198895027624 0.04680851063829787
0 0.5331491712707183 0.6312056737588653 0.020994475138121547 0.07943262411347518
0 0.40607734806629836 0.5546099290780142 0.04751381215469613 0.12198581560283688
0 0.16022099447513813 0.34893617021276596 0.05303867403314917 0.04822695035460993
0 0.1419889502762431 0.4099290780141844 0.01878453038674033 0.05673758865248227
0 0.17624309392265194 0.40709219858156026 0.016574585635359115 0.05673758865248227
0 0.1696132596685083 0.550354609929078 0.06961325966850829 0.17304964539007092
0 0.2662983425414365 0.7092198581560284 0.07292817679558011 0.11347517730496454
