0 0.8111731843575419 0.18303571428571427 0.07597765363128492 0.08482142857142858
0 0.8094972067039106 0.35714285714285715 0.07932960893854749 0.19866071428571427
0 0.6854748603351956 0.20870535714285715 0.08603351955307263 0.16964285714285715
0 0.6927374301675978 0.38504464285714285 0.0893854748603352 0.15848214285714285
0 0.5826815642458101 0.18415178571428573 0.08826815642458101 0.17410714285714285
0 0.5698324022346368 0.40792410714285715 0.05139664804469274 0.23102678571428573
0 0.4692737430167598 0.1953125 0.1005586592178771 0.20535714285714285
0 0.4759776536312849 0.43191964285714285 0.0782122905027933 0.20758928571428573
0 0.435195530726257 0.6015625 0.05921787709497207 0.04241071428571429
0 0.36703910614525137 0.26953125 0.08156424581005586 0.20870535714285715
0 0.36201117318435755 0.46651785714285715 0.07597765363128492 0.13392857142857142
0 0.24748603351955306 0.40011160714285715 0.07262569832402235 0.19084821428571427
0 0.8458100558659218 0.5558035714285714 0.08044692737430167 0.10714285714285714
