0 0.7447916666666666 0.25824175824175827 0.08482142857142858 0.16083916083916083
0 0.734375 0.4125874125874126 0.09375 0.10789210789210789
0 0.6041666666666666 0.22827172827172826 0.10416666666666667 0.09090909090909091
0 0.5877976190476191 0.34615384615384615 0.12797619047619047 0.1028971028971029
0 0.5855654761904762 0.44955044955044954 0.11160714285714286 0.07592407592407592
0 0.47470238095238093 0.1968031968031968 0.11904761904761904 0.11788211788211789
0 0.4575892857142857 0.3131868131868132 0.12946428571428573 0.08291708291708291
0 0.4330357142857143 0.45354645354645357 0.07738095238095238 0.12387612387612387
0 0.40848214285714285 0.6363636363636364 0.08482142857142858 0.0919080919080919
0 0.32663690476190477 0.6623376623376623 0.06398809523809523 0.13186813186813187
