0 0.6915367483296214 0.1773794808405439 0.0556792873051225 0.10012360939431397
0 0.5979955456570156 0.18788627935723115 0.015590200445434299 0.0519159456118665
0 0.6258351893095768 0.19406674907292953 0.031180400890868598 0.05686032138442522
0 0.38084632516703787 0.26452410383189123 0.08908685968819599 0.07663782447466007
0 0.6748329621380846 0.4715698393077874 0.066815144766147 0.0580964153275649
0 0.5902004454342984 0.4703337453646477 0.0757238307349666 0.08281829419035847
0 0.5133630289532294 0.4752781211372064 0.0556792873051225 0.07045735475896168
0 0.4443207126948775 0.46291718170580964 0.0556792873051225 0.05562422744128554
0 0.35412026726057905 0.37082818294190356 0.07126948775055679 0.09888751545117429
0 0.267260579064588 0.3930778739184178 0.053452115812917596 0.06674907292954264
0 0.16481069042316257 0.41903584672435107 0.031180400890868598 0.0519159456118665
0 0.19599109131403117 0.41594561186650186 0.0400890868596882 0.0580964153275649
0 0.13919821826280623 0.4635352286773795 0.060133630289532294 0.022249690976514216
0 0.2795100222717149 0.48084054388133496 0.10467706013363029 0.069221260815822
0 0.3819599109131403 0.5006180469715699 0.0645879732739421 0.0865265760197775
0 0.33853006681514475 0.6557478368355995 0.04899777282850779 0.05315203955500618
0 0.5501113585746102 0.6613102595797281 0.10690423162583519 0.06674907292954264
0 0.6592427616926503 0.6501854140914709 0.0935412026726058 0.06180469715698393
0 0.6937639198218263 0.5908529048207664 0.051224944320712694 0.037082818294190356
0 0.2884187082405345 0.17058096415327564 0.0779510022271715 0.04697156983930779
