0 0.27958115183246074 0.15538109257441937 0.03455497382198953 0.02551521099116781
0 0.312565445026178 0.1573438011122015 0.019895287958115182 0.011122015047432123
0 0.31780104712041884 0.17811579980372916 0.019895287958115182 0.01995420346745175
0 0.23219895287958114 0.1535819430814524 0.04031413612565445 0.033693163231926726
0 0.26570680628272253 0.1838403663722604 0.026701570680628273 0.021589793915603533
0 0.20759162303664921 0.19316323192672555 0.02774869109947644 0.033693163231926726
0 0.20340314136125653 0.2325809617271835 0.03926701570680628 0.030094864245992805
0 0.1612565445026178 0.3961400065423618 0.048167539267015703 0.03729146221786065
0 0.1693717277486911 0.4358848544324501 0.03193717277486911 0.022571148184494603
0 0.18403141361256545 0.5919201831861302 0.043455497382198956 0.035655871769708865
0 0.18455497382198952 0.6372260385999345 0.041361256544502616 0.03402028132155708
0 0.18900523560209423 0.6781157998037292 0.033507853403141365 0.02093555773634282
0 0.20157068062827224 0.7546614327772326 0.02931937172774869 0.028132155708210663
0 0.2617801047120419 0.742230945371279 0.024083769633507852 0.029440628066732092
0 0.3104712041884817 0.7407589139679425 0.04293193717277487 0.02845927379784102
0 0.40575916230366493 0.7410860320575727 0.02198952879581152 0.019299967288191038
0 0.4400523560209424 0.7877003598298986 0.030890052356020943 0.00850507033038927
0 0.4397905759162304 0.8002944062806673 0.019895287958115182 0.016683022571148183
0 0.7479057591623036 0.16241413150147202 0.043455497382198956 0.03631010794896958
0 0.7662303664921466 0.2129538763493621 0.034031413612565446 0.03271180896303565
0 0.7654450261780105 0.2530258423290808 0.03769633507853403 0.03434739941118744
0 0.7976439790575917 0.37438665358194306 0.042408376963350786 0.03173045469414459
0 0.8034031413612566 0.40922473012757604 0.041361256544502616 0.02747791952894995
0 0.8159685863874345 0.43768400392541706 0.030890052356020943 0.02093555773634282
0 0.8230366492146597 0.5817795224075891 0.039790575916230364 0.04416094210009813
0 0.8091623036649215 0.6313379129865881 0.03926701570680628 0.03729146221786065
0 0.8117801047120419 0.6777886817140988 0.032984293193717276 0.03532875368007851
0 0.8041884816753927 0.7203140333660452 0.02931937172774869 0.03467451750081779
0 0.737696335078534 0.6728819103696434 0.025130890052356022 0.016355904481517827
0 0.10340314136125654 0.41756624141315013 0.06439790575916231 0.05789990186457311
0 0.2591623036649215 0.549558390578999 0.02198952879581152 0.013084723585214262
0 0.8458115183246073 0.3784756297023225 0.04554973821989529 0.03663722603859994
0 0.5853403141361256 0.7438665358194309 0.02931937172774869 0.017664376840039256
