0 0.7668918918918919 0.20298769771529 0.08445945945945946 0.14235500878734622
0 0.7635135135135135 0.3304042179261863 0.04054054054054054 0.1054481546572935
0 0.6756756756756757 0.47012302284710017 0.07432432432432433 0.11775043936731107
0 0.6621621621621622 0.11335676625659051 0.08783783783783784 0.10017574692442882
0 0.6570945945945946 0.27065026362038663 0.15202702702702703 0.1757469244288225
0 0.53125 0.30492091388400705 0.07263513513513513 0.13884007029876977
0 0.5033783783783784 0.4314586994727592 0.04391891891891892 0.061511423550087874
0 0.40033783783783783 0.18804920913884007 0.08108108108108109 0.09490333919156414
0 0.27364864864864863 0.3471001757469244 0.0777027027027027 0.09314586994727592
0 0.4045608108108108 0.34797891036906853 0.08952702702702703 0.14411247803163443
