0 0.7559055118110236 0.15319148936170213 0.07611548556430446 0.09702127659574468
0 0.7637795275590551 0.27914893617021275 0.05249343832020997 0.12595744680851065
0 0.7283464566929134 0.4046808510638298 0.13123359580052493 0.09957446808510638
0 0.5597112860892388 0.12340425531914893 0.051181102362204724 0.02893617021276596
0 0.6043307086614174 0.24127659574468086 0.05643044619422572 0.02468085106382979
0 0.5649606299212598 0.2795744680851064 0.05643044619422572 0.04851063829787234
0 0.4816272965879265 0.3059574468085106 0.047244094488188976 0.03489361702127659
0 0.3661417322834646 0.2093617021276596 0.04461942257217848 0.022127659574468085
0 0.30971128608923887 0.24553191489361703 0.06299212598425197 0.04170212765957447
0 0.24343832020997375 0.25446808510638297 0.04068241469816273 0.023829787234042554
0 0.30577427821522307 0.48 0.04199475065616798 0.023829787234042554
0 0.08267716535433071 0.6595744680851063 0.05774278215223097 0.0425531914893617
0 0.3300524934383202 0.6914893617021277 0.051181102362204724 0.026382978723404255
