0 0.6503800217155266 0.5139318885448917 0.08903365906623235 0.13415892672858618
0 0.8051031487513572 0.6542827657378741 0.09011943539630836 0.15067079463364294
0 0.6444082519001085 0.6888544891640866 0.048859934853420196 0.13725490196078433
0 0.30401737242128124 0.2595459236326109 0.08034744842562432 0.07946336429308566
0 0.34310532030401736 0.30701754385964913 0.11726384364820847 0.12899896800825594
0 0.22312703583061888 0.35758513931888547 0.05537459283387622 0.09803921568627451
0 0.2687296416938111 0.39009287925696595 0.04017372421281216 0.03715170278637771
0 0.2247557003257329 0.4298245614035088 0.04343105320304017 0.05056759545923633
0 0.24321389793702497 0.45149638802889575 0.04343105320304017 0.07533539731682147
0 0.1563517915309446 0.43859649122807015 0.03908794788273615 0.05572755417956656
0 0.18132464712269272 0.5252837977296182 0.06948968512486428 0.07430340557275542
0 0.10749185667752444 0.5159958720330238 0.04560260586319218 0.0412796697626419
