0 0.7901315789473684 0.38038698328935794 0.06184210526315789 0.030782761653474055
0 0.7690789473684211 0.44239226033421286 0.017105263157894738 0.04573438874230431
0 0.8026315789473685 0.43447669305189096 0.03684210526315789 0.056288478452066845
0 0.5717105263157894 0.6094986807387863 0.019736842105263157 0.05452946350043975
0 0.6052631578947368 0.6090589270008795 0.031578947368421054 0.048372911169744945
0 0.5822368421052632 0.6539138082673702 0.046052631578947366 0.032541776605101144
0 0.3526315789473684 0.1820580474934037 0.09473684210526316 0.0316622691292876
0 0.3618421052631579 0.256816182937555 0.05526315789473684 0.09850483729111698
0 0.36907894736842106 0.37686895338610377 0.07763157894736843 0.10993843447669305
0 0.3703947368421053 0.4630606860158311 0.09868421052631579 0.04661389621811785
0 0.22763157894736843 0.16314863676341249 0.09473684210526316 0.08883025505716799
0 0.21842105263157896 0.2642919964819701 0.05789473684210526 0.11345646437994723
0 0.24671052631578946 0.3619173262972735 0.08552631578947369 0.06772207563764292
