0 0.5592616580310881 0.04753820033955857 0.029145077720207253 0.028522920203735144
0 0.5521373056994818 0.08387096774193549 0.023963730569948185 0.025806451612903226
0 0.5080958549222798 0.03887945670628183 0.03821243523316062 0.028183361629881155
0 0.5165155440414507 0.07724957555178268 0.02266839378238342 0.033616298811544994
0 0.5427461139896373 0.10916808149405773 0.015544041450777202 0.01799660441426146
0 0.49060880829015546 0.11578947368421053 0.06023316062176166 0.03259762308998302
0 0.45012953367875647 0.05602716468590832 0.038860103626943004 0.046859083191850594
0 0.4271373056994819 0.1098471986417657 0.056347150259067356 0.046519524617996605
0 0.3963730569948187 0.050933786078098474 0.03756476683937824 0.03395585738539898
0 0.3435880829015544 0.04940577249575552 0.044689119170984455 0.028862478777589132
0 0.36690414507772023 0.09881154499151104 0.03821243523316062 0.04957555178268251
0 0.31994818652849744 0.10696095076400679 0.05958549222797927 0.042105263157894736
0 0.37823834196891193 0.1397283531409168 0.029792746113989636 0.02071307300509338
0 0.3707901554404145 0.20577249575551781 0.02266839378238342 0.009507640067911714
0 0.37370466321243523 0.22156196943972836 0.025906735751295335 0.01867572156196944
0 0.7007772020725389 0.8382003395585739 0.027202072538860103 0.015280135823429542
0 0.7597150259067358 0.8178268251273345 0.029792746113989636 0.011205432937181663
0 0.7752590673575129 0.8405772495755518 0.02461139896373057 0.024787775891341256
0 0.7901554404145078 0.8597623089983022 0.02072538860103627 0.013582342954159592
0 0.8011658031088082 0.8779286926994907 0.023316062176165803 0.014601018675721562
0 0.8008419689119171 0.8224108658743633 0.03173575129533679 0.025127334465195245
0 0.8189766839378239 0.8509337860780984 0.014896373056994818 0.023769100169779286
0 0.8325777202072538 0.8747028862478777 0.027849740932642485 0.025127334465195245
0 0.8306347150259067 0.8151103565365025 0.03173575129533679 0.02275042444821732
0 0.8432642487046632 0.8397283531409168 0.031088082901554404 0.026485568760611207
0 0.8669041450777202 0.8748726655348048 0.03821243523316062 0.031578947368421054
0 0.8584844559585493 0.799660441426146 0.03173575129533679 0.01697792869269949
0 0.8717616580310881 0.8278438030560271 0.034974093264248704 0.026485568760611207
0 0.895401554404145 0.8550084889643463 0.02655440414507772 0.012903225806451613
0 0.9093264248704663 0.8791171477079797 0.03238341968911917 0.024448217317487267
