0 0.7563451776649747 0.5594660194174758 0.08798646362098139 0.07524271844660194
0 0.8510998307952623 0.6304611650485437 0.050761421319796954 0.05218446601941747
0 0.616751269035533 0.5594660194174758 0.05922165820642978 0.02912621359223301
0 0.48646362098138746 0.5843446601941747 0.06937394247038917 0.06432038834951456
0 0.40524534686971236 0.5831310679611651 0.06937394247038917 0.07645631067961164
0 0.3299492385786802 0.566747572815534 0.07106598984771574 0.10922330097087378
0 0.23857868020304568 0.5703883495145631 0.05414551607445008 0.02669902912621359
0 0.24027072758037224 0.3246359223300971 0.07106598984771574 0.12742718446601942
0 0.11590524534686972 0.3325242718446602 0.06598984771573604 0.07281553398058252
0 0.26311336717428085 0.1741504854368932 0.09644670050761421 0.0691747572815534
0 0.10913705583756345 0.14987864077669902 0.06598984771573604 0.07888349514563107
0 0.11928934010152284 0.24635922330097088 0.06260575296108291 0.09223300970873786
