0 0.7282608695652174 0.15157116451016636 0.11594202898550725 0.10351201478743069
0 0.7373188405797102 0.2874306839186691 0.08333333333333333 0.10166358595194085
0 0.5344202898550725 0.12384473197781885 0.17028985507246377 0.11460258780036968
0 0.4963768115942029 0.27911275415896486 0.12318840579710146 0.08872458410351201
0 0.4927536231884058 0.36506469500924216 0.06521739130434782 0.07208872458410351
0 0.483695652173913 0.5027726432532348 0.09782608695652174 0.15157116451016636
0 0.483695652173913 0.6746765249537893 0.16304347826086957 0.08872458410351201
0 0.2608695652173913 0.133086876155268 0.13043478260869565 0.07763401109057301
0 0.2644927536231884 0.27264325323475047 0.13043478260869565 0.1756007393715342
0 0.21920289855072464 0.45009242144177447 0.08333333333333333 0.07208872458410351
0 0.2210144927536232 0.6025878003696857 0.11594202898550725 0.14048059149722736
