0 0.7357723577235772 0.4018375241779497 0.11653116531165311 0.12088974854932302
0 0.6415989159891599 0.22582205029013538 0.06368563685636856 0.08994197292069632
0 0.6212737127371274 0.359284332688588 0.07181571815718157 0.14796905222437137
0 0.5345528455284553 0.24806576402321084 0.06910569105691057 0.12475822050290135
0 0.5331978319783198 0.390715667311412 0.07994579945799458 0.1276595744680851
0 0.4132791327913279 0.2558027079303675 0.056910569105691054 0.11121856866537717
0 0.4180216802168022 0.38733075435203096 0.12059620596205962 0.09961315280464217
0 0.30149051490514905 0.2190522243713733 0.05555555555555555 0.08027079303675048
0 0.32113821138211385 0.31963249516441006 0.04607046070460705 0.0725338491295938
0 0.32723577235772355 0.4071566731141199 0.03116531165311653 0.0425531914893617
0 0.3231707317073171 0.4898452611218569 0.06368563685636856 0.0725338491295938
0 0.4627371273712737 0.5014506769825918 0.07181571815718157 0.0183752417794971
0 0.755420054200542 0.24468085106382978 0.07723577235772358 0.08123791102514506
