0 0.7900113507377979 0.2392883079157589 0.06356413166855845 0.0878721859114016
0 0.7088535754824064 0.17828612926652143 0.06242905788876277 0.07044299201161947
0 0.6753688989784336 0.28104575163398693 0.09534619750283768 0.08569353667392883
0 0.5561861520998865 0.28431372549019607 0.09080590238365494 0.11692084241103849
0 0.4216799091940976 0.17247639796659406 0.05561861520998865 0.09949164851125636
0 0.4358683314415437 0.29302832244008714 0.09988649262202043 0.10675381263616558
0 0.318955732122588 0.14814814814814814 0.07264472190692395 0.07116920842411038
0 0.3206583427922815 0.24691358024691357 0.04426787741203178 0.09876543209876543
0 0.3263337116912599 0.3474945533769063 0.07832009080590238 0.07044299201161947
0 0.2094211123723042 0.16049382716049382 0.0851305334846765 0.06390704429920116
0 0.21736662883087401 0.24691358024691357 0.053348467650397274 0.08278867102396514
0 0.22190692395005676 0.32570806100217864 0.046538024971623154 0.03848946986201888
0 0.47559591373439275 0.5370370370370371 0.07037457434733257 0.054466230936819175
0 0.7014755959137344 0.6659404502541757 0.06583427922814983 0.04502541757443718
0 0.8013620885357549 0.6615831517792302 0.049943246311010214 0.07262164124909223
0 0.7133938706015891 0.724400871459695 0.046538024971623154 0.05591866376180102
0 0.8121452894438138 0.7498184458968773 0.05788876276958002 0.053013798111837325
