0 0.5707491082045184 0.127826941986234 0.04994054696789536 0.03736479842674533
0 0.5737217598097503 0.1912487708947886 0.03210463733650416 0.07177974434611603
0 0.5784780023781213 0.2777777777777778 0.036860879904875146 0.07571288102261553
0 0.5166468489892985 0.15634218289085547 0.034482758620689655 0.058997050147492625
0 0.5332936979785969 0.2359882005899705 0.029726516052318668 0.06096361848574238
0 0.5291319857312723 0.3023598820058997 0.023781212841854936 0.02654867256637168
0 0.450653983353151 0.1553588987217306 0.04280618311533888 0.06293018682399214
0 0.3971462544589774 0.13716814159292035 0.04042806183115339 0.03638151425762045
0 0.4447086801426873 0.23942969518190757 0.03804994054696789 0.06981317600786627
0 0.3822829964328181 0.22910521140609635 0.041617122473246136 0.08456243854473942
0 0.5338882282996433 0.5009832841691249 0.03329369797859691 0.063913470993117
0 0.5332936979785969 0.5698131760078663 0.029726516052318668 0.05408062930186824
0 0.5915576694411415 0.5176991150442478 0.04637336504161712 0.06588003933136677
0 0.638525564803805 0.5373647984267453 0.057074910820451845 0.0599803343166175
0 0.4334126040428062 0.4857423795476893 0.039239001189060645 0.06489675516224189
0 0.4441141498216409 0.5496558505408063 0.029726516052318668 0.05506391347099312
0 0.3745541022592152 0.5388397246804326 0.04994054696789536 0.07669616519174041
0 0.3269916765755054 0.5506391347099312 0.03329369797859691 0.05309734513274336
