0 0.42321755027422303 0.13660037878787878 0.029859841560024376 0.043087121212121215
0 0.4567336989640463 0.1387310606060606 0.028641072516758074 0.043560606060606064
0 0.4896404631322364 0.14038825757575757 0.02376599634369287 0.04403409090909091
0 0.5176721511273613 0.1318655303030303 0.032297379646556976 0.039299242424242424
0 0.5670322973796466 0.1484375 0.038391224862888484 0.05160984848484849
0 0.6060329067641682 0.14109848484848486 0.03717245581962218 0.048295454545454544
0 0.27757464960390005 0.49857954545454547 0.03595368677635588 0.029356060606060608
0 0.38391224862888484 0.4959753787878788 0.051188299817184646 0.04498106060606061
0 0.8308957952468007 0.30326704545454547 0.04204753199268738 0.06486742424242424
0 0.408897014015844 0.842092803030303 0.03412553321145643 0.04403409090909091
0 0.12827544180377817 0.5845170454545454 0.031078610603290677 0.026988636363636364
