0 0.673202614379085 0.20404984423676012 0.06535947712418301 0.11526479750778816
0 0.5130718954248366 0.13862928348909656 0.11764705882352941 0.06853582554517133
0 0.5228758169934641 0.21573208722741433 0.0718954248366013 0.07320872274143302
0 0.37745098039215685 0.13551401869158877 0.12745098039215685 0.09968847352024922
0 0.2647058823529412 0.24376947040498442 0.058823529411764705 0.08255451713395638
0 0.6993464052287581 0.4984423676012461 0.1111111111111111 0.102803738317757
0 0.5441176470588235 0.42834890965732086 0.08169934640522876 0.09968847352024922
0 0.43300653594771243 0.4205607476635514 0.12745098039215685 0.09034267912772585
0 0.29901960784313725 0.3644859813084112 0.08823529411764706 0.06542056074766354
0 0.45751633986928103 0.5568535825545171 0.17647058823529413 0.11993769470404984
0 0.3088235294117647 0.5070093457943925 0.10784313725490197 0.14485981308411214
0 0.6176470588235294 0.6043613707165109 0.19607843137254902 0.06542056074766354
