0 0.655367231638418 0.41246498599439774 0.07344632768361582 0.12464985994397759
0 0.5437853107344632 0.41456582633053224 0.09887005649717515 0.13445378151260504
0 0.403954802259887 0.39705882352941174 0.11299435028248588 0.0938375350140056
0 0.2457627118644068 0.3949579831932773 0.096045197740113 0.08683473389355742
0 0.6779661016949152 0.5798319327731093 0.062146892655367235 0.09803921568627451
0 0.5692090395480226 0.59593837535014 0.11016949152542373 0.14705882352941177
0 0.4025423728813559 0.5056022408963585 0.1440677966101695 0.08403361344537816
0 0.2740112994350282 0.5091036414565826 0.1016949152542373 0.10504201680672269
0 0.2641242937853107 0.6169467787114846 0.06497175141242938 0.09103641456582633
0 0.3997175141242938 0.6288515406162465 0.1327683615819209 0.11764705882352941
