0 0.49195544554455445 0.3423076923076923 0.022277227722772276 0.008653846153846154
0 0.4972153465346535 0.35865384615384616 0.024133663366336634 0.020192307692307693
0 0.4439975247524752 0.3959134615384615 0.03032178217821782 0.028365384615384615
0 0.47370049504950495 0.3935096153846154 0.019183168316831683 0.03221153846153846
0 0.5086633663366337 0.39302884615384615 0.04579207920792079 0.03798076923076923
0 0.7323638613861386 0.4096153846153846 0.022896039603960396 0.008653846153846154
0 0.7459777227722773 0.4252403846153846 0.024133663366336634 0.01875
0 0.8858292079207921 0.5002403846153847 0.025371287128712873 0.022596153846153846
0 0.635519801980198 0.5076923076923077 0.023514851485148515 0.020192307692307693
0 0.614480198019802 0.6935096153846154 0.02103960396039604 0.021634615384615384
0 0.505569306930693 0.6875 0.02599009900990099 0.021153846153846155
0 0.6271658415841584 0.7757211538461538 0.019183168316831683 0.015865384615384615
0 0.45451732673267325 0.4879807692307692 0.026608910891089108 0.02980769230769231
0 0.13551980198019803 0.25793269230769234 0.027227722772277228 0.014903846153846155
0 0.1333539603960396 0.5901442307692307 0.01670792079207921 0.010096153846153847
0 0.13551980198019803 0.6081730769230769 0.024752475247524754 0.025
0 0.10457920792079207 0.6975961538461538 0.024752475247524754 0.026923076923076925
0 0.17110148514851486 0.684375 0.025371287128712873 0.041826923076923074
