0 0.804006968641115 0.47756041426927504 0.11672473867595819 0.0667433831990794
0 0.6777003484320557 0.4781357882623705 0.04878048780487805 0.07710011507479862
0 0.6567944250871081 0.5397008055235903 0.06620209059233449 0.05063291139240506
0 0.6698606271777003 0.5897583429228999 0.07142857142857142 0.031070195627157654
0 0.7552264808362369 0.713463751438435 0.06445993031358885 0.06444188722669736
0 0.8162020905923345 0.716915995397008 0.06097560975609756 0.09666283084004602
0 0.8815331010452961 0.6720368239355581 0.06968641114982578 0.0667433831990794
0 0.8858885017421603 0.738204833141542 0.06794425087108014 0.07479861910241657
0 0.8388501742160279 0.8239355581127733 0.05749128919860627 0.11277330264672036
0 0.8937282229965157 0.8550057537399309 0.0627177700348432 0.06904487917146145
0 0.7822299651567944 0.8153049482163406 0.04529616724738676 0.07710011507479862
0 0.7961672473867596 0.8855005753739931 0.03484320557491289 0.04948216340621404
