0 0.8342013888888888 0.13333333333333333 0.036458333333333336 0.04722222222222222
0 0.8420138888888888 0.24444444444444444 0.07291666666666667 0.08888888888888889
0 0.7395833333333334 0.17291666666666666 0.10069444444444445 0.12916666666666668
0 0.7369791666666666 0.29305555555555557 0.07465277777777778 0.08055555555555556
0 0.6267361111111112 0.23402777777777778 0.04513888888888889 0.10972222222222222
0 0.5399305555555556 0.25972222222222224 0.07291666666666667 0.11388888888888889
0 0.4366319444444444 0.19583333333333333 0.07118055555555555 0.016666666666666666
0 0.453125 0.2743055555555556 0.05555555555555555 0.10416666666666667
0 0.3038194444444444 0.19166666666666668 0.0763888888888889 0.016666666666666666
0 0.3350694444444444 0.2659722222222222 0.08680555555555555 0.13194444444444445
0 0.5946180555555556 0.6201388888888889 0.0920138888888889 0.07083333333333333
0 0.4921875 0.6243055555555556 0.08159722222222222 0.0625
0 0.6953125 0.4861111111111111 0.029513888888888888 0.08055555555555556
