0 0.6431818181818182 0.22165605095541402 0.1 0.10191082802547771
0 0.6079545454545454 0.34076433121019106 0.09772727272727273 0.11337579617834395
0 0.5954545454545455 0.45605095541401275 0.06818181818181818 0.061146496815286625
0 0.5761363636363637 0.6070063694267516 0.09318181818181819 0.08025477707006369
0 0.5193181818181818 0.18662420382165604 0.11136363636363636 0.09554140127388536
0 0.48068181818181815 0.31337579617834393 0.11136363636363636 0.11464968152866242
0 0.39886363636363636 0.18726114649681527 0.075 0.09426751592356689
0 0.48295454545454547 0.4929936305732484 0.08863636363636364 0.14012738853503184
0 0.4340909090909091 0.6063694267515923 0.10909090909090909 0.061146496815286625
0 0.3477272727272727 0.4337579617834395 0.11363636363636363 0.2050955414012739
