0 0.46794871794871795 0.09841417910447761 0.07509157509157509 0.049440298507462684
0 0.4597069597069597 0.251865671641791 0.08791208791208792 0.08022388059701492
0 0.5595238095238095 0.332089552238806 0.06043956043956044 0.08022388059701492
0 0.4697802197802198 0.384794776119403 0.1043956043956044 0.11100746268656717
0 0.586996336996337 0.45802238805970147 0.06776556776556776 0.10261194029850747
0 0.5137362637362637 0.49486940298507465 0.1336996336996337 0.058768656716417914
0 0.5311355311355311 0.5904850746268657 0.0989010989010989 0.10261194029850747
0 0.3772893772893773 0.5009328358208955 0.0989010989010989 0.09328358208955224
0 0.3873626373626374 0.6100746268656716 0.152014652014652 0.0914179104477612
0 0.4001831501831502 0.7369402985074627 0.09340659340659341 0.041044776119402986
0 0.5155677655677655 0.7434701492537313 0.11172161172161173 0.054104477611940295
