0 0.6763754045307443 0.44945188794153473 0.08090614886731391 0.04628501827040195
0 0.4741100323624595 0.16017052375152252 0.05177993527508091 0.07673568818514007
0 0.48381877022653724 0.09744214372716199 0.042071197411003236 0.03654080389768575
0 0.46763754045307443 0.2624847746650426 0.05501618122977346 0.09378806333739342
0 0.46197411003236244 0.3654080389768575 0.0372168284789644 0.04628501827040195
0 0.4797734627831715 0.47381242387332523 0.05016181229773463 0.02192448233861145
0 0.4773462783171521 0.5401948842874543 0.04854368932038835 0.08647990255785627
0 0.4919093851132686 0.6875761266747868 0.05825242718446602 0.07186358099878197
0 0.38996763754045305 0.1510353227771011 0.06796116504854369 0.0730816077953715
0 0.3826860841423948 0.2356881851400731 0.05016181229773463 0.08404384896467722
0 0.3656957928802589 0.3270401948842874 0.042071197411003236 0.057247259439707675
0 0.3762135922330097 0.4171741778319123 0.05339805825242718 0.07673568818514007
0 0.3851132686084142 0.5450669914738124 0.08414239482200647 0.08891595615103533
0 0.38996763754045305 0.6516443361753959 0.07119741100323625 0.06577344701583435
0 0.4053398058252427 0.7661388550548112 0.0825242718446602 0.09744214372716199
