0 0.7549900199600799 0.42130434782608694 0.08083832335329341 0.11739130434782609
0 0.626746506986028 0.2847826086956522 0.09580838323353294 0.09130434782608696
0 0.6027944111776448 0.43217391304347824 0.11377245508982035 0.11304347826086956
0 0.5029940119760479 0.2691304347826087 0.08782435129740519 0.11217391304347826
0 0.5049900199600799 0.41695652173913045 0.07584830339321358 0.13652173913043478
0 0.3997005988023952 0.2856521739130435 0.06287425149700598 0.13826086956521738
0 0.312874251497006 0.2665217391304348 0.07684630738522955 0.07739130434782608
0 0.3258483033932136 0.3834782608695652 0.054890219560878244 0.09739130434782609
0 0.405688622754491 0.461304347826087 0.09481037924151696 0.12782608695652173
0 0.6002994011976048 0.6760869565217391 0.06686626746506986 0.10521739130434783
0 0.6656686626746507 0.69 0.05189620758483034 0.07739130434782608
