0 0.8069053708439897 0.33085808580858084 0.14066496163682865 0.08745874587458746
0 0.6010230179028133 0.26567656765676567 0.09207161125319693 0.036303630363036306
0 0.5997442455242967 0.334983498349835 0.0741687979539642 0.07590759075907591
0 0.6099744245524297 0.4793729372937294 0.13554987212276215 0.11716171617161716
0 0.45012787723785164 0.12376237623762376 0.06649616368286446 0.08250825082508251
0 0.2915601023017903 0.1806930693069307 0.05115089514066496 0.06105610561056106
0 0.44884910485933505 0.31600660066006603 0.15089514066496162 0.10396039603960396
0 0.4641943734015345 0.45874587458745875 0.11508951406649616 0.13861386138613863
0 0.28388746803069054 0.34075907590759075 0.10230179028132992 0.12376237623762376
0 0.2826086956521739 0.4834983498349835 0.11508951406649616 0.07590759075907591
