0 0.48098859315589354 0.39399744572158363 0.21673003802281368 0.1545338441890166
0 0.42775665399239543 0.5855683269476373 0.18631178707224336 0.09323116219667944
0 0.7167300380228137 0.3786717752234994 0.17110266159695817 0.10344827586206896
0 0.7167300380228137 0.4872286079182631 0.20912547528517111 0.05491698595146871
0 0.15779467680608364 0.09642401021711366 0.12547528517110265 0.04725415070242656
0 0.20152091254752852 0.23690932311621968 0.12927756653992395 0.1545338441890166
0 0.4391634980988593 0.23946360153256704 0.21673003802281368 0.08812260536398467
0 0.2509505703422053 0.4182630906768838 0.13688212927756654 0.15197956577266922
0 0.20342205323193915 0.6206896551724138 0.12547528517110265 0.10983397190293742
0 0.6749049429657795 0.5804597701149425 0.17110266159695817 0.11621966794380588
0 0.4011406844106464 0.6743295019157088 0.14068441064638784 0.04342273307790549
