0 0.3408333333333333 0.18262268704746581 0.115 0.07723250201126307
0 0.335 0.3185840707964602 0.08666666666666667 0.1255028157683025
0 0.32916666666666666 0.45172968624296056 0.09833333333333333 0.07320997586484312
0 0.30083333333333334 0.5748189863234111 0.15833333333333333 0.1166532582461786
0 0.29583333333333334 0.7107803700724055 0.125 0.09895414320193081
0 0.5058333333333334 0.18785197103781173 0.10833333333333334 0.12148028962188254
0 0.5091666666666667 0.30370072405470633 0.145 0.1086082059533387
0 0.5166666666666667 0.4424778761061947 0.08333333333333333 0.1255028157683025
0 0.5166666666666667 0.5764279967819791 0.12 0.10217216411906678
0 0.48833333333333334 0.7381335478680612 0.11666666666666667 0.166532582461786
0 0.7166666666666667 0.1745776347546259 0.10333333333333333 0.11423974255832663
0 0.7483333333333333 0.31174577634754624 0.06666666666666667 0.10217216411906678
0 0.7408333333333333 0.4090909090909091 0.065 0.061946902654867256
0 0.7491666666666666 0.5080450522928399 0.13166666666666665 0.09573612228479485
0 0.7341666666666666 0.6271118262268705 0.125 0.1005631536604988
0 0.7583333333333333 0.7952534191472245 0.09 0.16009654062751408
