0 0.6307829181494662 0.23665183537263626 0.10498220640569395 0.020578420467185762
0 0.6405693950177936 0.2900444938820912 0.07829181494661921 0.04838709677419355
0 0.6476868327402135 0.3578976640711902 0.05693950177935943 0.04282536151279199
0 0.6334519572953736 0.4346496106785317 0.09252669039145907 0.06729699666295884
0 0.641459074733096 0.5161290322580645 0.11921708185053381 0.05339265850945495
0 0.6734875444839857 0.5923248053392659 0.10854092526690391 0.06451612903225806
0 0.7197508896797153 0.6804783092324805 0.10498220640569395 0.07174638487208009
0 0.7330960854092526 0.7419354838709677 0.12099644128113879 0.05116796440489433
0 0.49110320284697506 0.030589543937708564 0.07829181494661921 0.027808676307007785
0 0.5115658362989324 0.06868743047830923 0.06583629893238434 0.02836484983314794
0 0.5151245551601423 0.10984427141268076 0.12633451957295375 0.03837597330367074
