0 0.45105820105820105 0.22447447447447447 0.09259259259259259 0.07657657657657657
0 0.4193121693121693 0.32657657657657657 0.07142857142857142 0.07057057057057058
0 0.544973544973545 0.21621621621621623 0.05291005291005291 0.04804804804804805
0 0.5396825396825397 0.3160660660660661 0.13227513227513227 0.0945945945945946
0 0.6587301587301587 0.22972972972972974 0.08994708994708994 0.06606606606606606
0 0.6402116402116402 0.34234234234234234 0.07936507936507936 0.09309309309309309
0 0.8029100529100529 0.2515015015015015 0.09259259259259259 0.08858858858858859
0 0.5833333333333334 0.4594594594594595 0.06084656084656084 0.0990990990990991
0 0.5873015873015873 0.5773273273273273 0.08994708994708994 0.0945945945945946
0 0.4656084656084656 0.5728228228228228 0.13227513227513227 0.11561561561561562
0 0.47619047619047616 0.4391891891891892 0.05291005291005291 0.06456456456456457
