0 0.6382488479262672 0.651702786377709 0.1336405529953917 0.057585139318885446
0 0.652073732718894 0.7201238390092879 0.1152073732718894 0.05944272445820433
0 0.6440092165898618 0.8123839009287925 0.1774193548387097 0.06068111455108359
0 0.533410138248848 0.42074303405572755 0.1543778801843318 0.05263157894736842
0 0.5069124423963134 0.49907120743034056 0.14285714285714285 0.06811145510835913
0 0.38940092165898615 0.42291021671826623 0.1152073732718894 0.06068111455108359
0 0.31451612903225806 0.48792569659442725 0.14055299539170507 0.030959752321981424
0 0.33064516129032256 0.5340557275541795 0.08525345622119816 0.058823529411764705
0 0.3052995391705069 0.6411764705882353 0.15898617511520738 0.025386996904024767
0 0.3225806451612903 0.6851393188854489 0.12442396313364056 0.06377708978328174
0 0.45161290322580644 0.7959752321981424 0.2304147465437788 0.06873065015479876
0 0.48963133640552997 0.614860681114551 0.1543778801843318 0.14613003095975233
