0 0.7757009345794392 0.13629283489096572 0.08598130841121496 0.14485981308411214
0 0.7747663551401869 0.32009345794392524 0.05420560747663551 0.08255451713395638
0 0.7626168224299066 0.4151090342679128 0.06355140186915888 0.09501557632398754
0 0.6317757009345795 0.1573208722741433 0.08971962616822429 0.09345794392523364
0 0.6448598130841121 0.30062305295950154 0.09345794392523364 0.1308411214953271
0 0.6485981308411215 0.4961059190031153 0.06728971962616823 0.16978193146417445
0 0.19626168224299065 0.34034267912772587 0.11962616822429907 0.20404984423676012
0 0.24392523364485982 0.17523364485981308 0.12149532710280374 0.06074766355140187
0 0.48130841121495327 0.1557632398753894 0.06542056074766354 0.08411214953271028
0 0.22803738317757008 0.47585669781931467 0.07476635514018691 0.029595015576323987
