0 0.3021288209606987 0.13324873096446702 0.016921397379912665 0.04010152284263959
0 0.31086244541484714 0.19771573604060913 0.03657205240174673 0.03604060913705584
0 0.31140829694323147 0.26040609137055837 0.01910480349344978 0.023350253807106598
0 0.31413755458515286 0.31573604060913707 0.03220524017467249 0.049746192893401014
0 0.3220524017467249 0.38553299492385784 0.02292576419213974 0.03299492385786802
0 0.32096069868995636 0.449746192893401 0.02947598253275109 0.05279187817258883
0 0.31277292576419213 0.5088832487309645 0.027292576419213975 0.04416243654822335
0 0.31577510917030566 0.5730964467005076 0.039847161572052404 0.05279187817258883
0 0.27156113537117904 0.32791878172588834 0.03111353711790393 0.046700507614213196
0 0.275382096069869 0.38451776649746194 0.015829694323144104 0.049238578680203045
0 0.28411572052401746 0.43147208121827413 0.016921397379912665 0.03147208121827411
0 0.27429039301310043 0.47918781725888326 0.03875545851528384 0.048730964467005075
0 0.275382096069869 0.5426395939086295 0.034388646288209604 0.03553299492385787
0 0.2680131004366812 0.6015228426395939 0.026200873362445413 0.049746192893401014
0 0.30813318777292575 0.6411167512690356 0.039847161572052404 0.046700507614213196
