0 0.1931166347992352 0.2518768768768769 0.0841300191204589 0.00975975975975976
0 0.17208413001912046 0.46621621621621623 0.11854684512428298 0.010510510510510511
0 0.14435946462715105 0.676051051051051 0.13193116634799235 0.015765765765765764
0 0.31166347992351817 0.6325075075075075 0.11089866156787763 0.023273273273273273
0 0.2801147227533461 0.668918918918919 0.10133843212237094 0.036036036036036036
0 0.5850860420650096 0.1403903903903904 0.10707456978967496 0.03153153153153153
0 0.6959847036328872 0.2789039039039039 0.17590822179732313 0.03978978978978979
0 0.7208413001912046 0.3130630630630631 0.1147227533460803 0.046546546546546545
0 0.5984703632887189 0.3258258258258258 0.09177820267686425 0.013513513513513514
0 0.5975143403441683 0.5101351351351351 0.07074569789674952 0.024774774774774775
0 0.5850860420650096 0.7019519519519519 0.08030592734225621 0.03153153153153153
0 0.9235181644359465 0.6745495495495496 0.03824091778202677 0.023273273273273273
