0 0.27728285077951004 0.3590047393364929 0.08240534521158129 0.17298578199052134
0 0.5902004454342984 0.24881516587677724 0.0935412026726058 0.14218009478672985
0 0.37082405345211583 0.4940758293838863 0.11358574610244988 0.12559241706161137
0 0.38084632516703787 0.3068720379146919 0.09799554565701558 0.17298578199052134
0 0.6080178173719376 0.0947867298578199 0.062360801781737196 0.10426540284360189
0 0.5801781737193764 0.41232227488151657 0.08240534521158129 0.14218009478672985
0 0.7015590200445434 0.26303317535545023 0.062360801781737196 0.21800947867298578
0 0.6692650334075724 0.4537914691943128 0.09131403118040089 0.14928909952606634
0 0.7461024498886414 0.48104265402843605 0.07126948775055679 0.18009478672985782
0 0.8340757238307349 0.42298578199052134 0.1091314031180401 0.08767772511848342
0 0.8429844097995546 0.5071090047393365 0.07349665924276169 0.061611374407582936
0 0.5924276169265034 0.5355450236966824 0.0801781737193764 0.13270142180094788
