0 0.66875 0.38083613060726274 0.060227272727272727 0.030515715593530668
0 0.6625 0.41455599633811413 0.04090909090909091 0.02837961550198352
0 0.7517045454545455 0.3872444308819042 0.06477272727272727 0.030515715593530668
0 0.7482954545454545 0.4171498321635642 0.06477272727272727 0.02929508696978944
0 0.51875 0.3681721086359475 0.048863636363636366 0.01007018614586512
0 0.5119318181818182 0.4365273115654562 0.03977272727272727 0.00823924321025328
0 0.39886363636363636 0.42538907537381754 0.06136363636363636 0.014037229173024107
0 0.3977272727272727 0.44186756179432407 0.05454545454545454 0.015257857796765334
0 0.42045454545454547 0.4987793713762588 0.04772727272727273 0.007018614586512054
0 0.4602272727272727 0.5086969789441562 0.056818181818181816 0.015257857796765334
