0 0.10651828298887123 0.19360902255639098 0.06359300476947535 0.12155388471177944
0 0.18521462639109698 0.14285714285714285 0.046104928457869634 0.06265664160401002
0 0.2655007949125596 0.16102756892230577 0.0794912559618442 0.07393483709273183
0 0.2742448330683625 0.2832080200501253 0.046104928457869634 0.08020050125313283
0 0.23529411764705882 0.5958646616541353 0.06995230524642289 0.14160401002506265
0 0.10731319554848967 0.3082706766917293 0.06836248012718601 0.07518796992481203
0 0.1931637519872814 0.3026315789473684 0.06518282988871224 0.17669172932330826
0 0.25357710651828297 0.41040100250626566 0.05564387917329094 0.09899749373433583
0 0.23211446740858505 0.7443609022556391 0.07631160572337042 0.11528822055137844
0 0.40540540540540543 0.5426065162907269 0.04769475357710652 0.02506265664160401
0 0.41573926868044514 0.30137844611528825 0.046104928457869634 0.013784461152882205
0 0.5230524642289348 0.45551378446115287 0.06359300476947535 0.021303258145363407
0 0.5135135135135135 0.4993734335839599 0.04451510333863275 0.05639097744360902
0 0.8791732909379968 0.02443609022556391 0.07631160572337042 0.03132832080200501
0 0.7647058823529411 0.03884711779448621 0.08267090620031796 0.022556390977443608
0 0.8918918918918919 0.17606516290726817 0.05405405405405406 0.07644110275689223
0 0.7861685214626392 0.2199248120300752 0.033386327503974564 0.07393483709273183
