0 0.1721183800623053 0.2965587044534413 0.06542056074766354 0.10931174089068826
0 0.2554517133956386 0.23431174089068826 0.03894080996884735 0.12854251012145748
0 0.8991433021806854 0.26417004048583 0.05529595015576324 0.09919028340080972
0 0.12538940809968846 0.1811740890688259 0.08566978193146417 0.11336032388663968
0 0.09384735202492211 0.3097165991902834 0.042834890965732085 0.12753036437246965
0 0.20366043613707166 0.1902834008097166 0.061526479750778816 0.10121457489878542
0 0.4937694704049844 0.46356275303643724 0.03115264797507788 0.06275303643724696
0 0.522196261682243 0.472165991902834 0.02102803738317757 0.0597165991902834
0 0.5478971962616822 0.4610323886639676 0.02570093457943925 0.06983805668016195
0 0.8204828660436138 0.2940283400809717 0.04906542056074766 0.10020242914979757
0 0.7071651090342679 0.5394736842105263 0.045171339563862926 0.10526315789473684
0 0.639018691588785 0.527834008097166 0.03660436137071651 0.09412955465587045
0 0.6452492211838006 0.6239878542510121 0.045950155763239874 0.06983805668016195
0 0.7402647975077882 0.6497975708502024 0.0381619937694704 0.032388663967611336
0 0.30490654205607476 0.20040485829959515 0.0381619937694704 0.06072874493927125
