0 0.540045766590389 0.10493004663557629 0.038901601830663615 0.029980013324450366
0 0.5314645308924485 0.16189207195203198 0.07437070938215103 0.06129247168554297
0 0.425629290617849 0.1429047301798801 0.038901601830663615 0.08194536975349767
0 0.35469107551487417 0.0313124583610926 0.059496567505720827 0.04530313124583611
0 0.32265446224256294 0.1312458361092605 0.08924485125858124 0.08261159227181879
0 0.19908466819221968 0.1508994003997335 0.05263157894736842 0.02465023317788141
0 0.18993135011441648 0.2161892071952032 0.041189931350114416 0.06862091938707528
0 0.6556064073226545 0.13757495003331113 0.036613272311212815 0.02731512325116589
0 0.6418764302059496 0.21385742838107927 0.08466819221967964 0.08261159227181879
0 0.7757437070938215 0.15689540306462357 0.06178489702517163 0.04330446369087275
0 0.7763157894736842 0.2441705529646902 0.06979405034324943 0.08461025982678215
0 0.8787185354691075 0.23051299133910727 0.08009153318077804 0.0759493670886076
0 0.44794050343249425 0.06828780812791473 0.08123569794050343 0.051299133910726186
