0 0.16039102099927588 0.12629276054097058 0.036929761042722664 0.032219570405727926
0 0.1498913830557567 0.16706443914081145 0.05068790731354091 0.03420843277645187
0 0.1401158580738595 0.21479713603818615 0.05141202027516292 0.03977724741447892
0 0.11078928312816799 0.30688146380270487 0.04344677769732078 0.038583929992044554
0 0.06154960173787111 0.34268098647573586 0.05503258508327299 0.03540175019888624
0 0.12816799420709632 0.359387430389817 0.05068790731354091 0.04494828957836118
0 0.1173062997827661 0.40950676213206044 0.0608254887762491 0.04813046937151949
0 0.0782041998551774 0.48031026252983294 0.049239681390296886 0.03540175019888624
0 0.12816799420709632 0.48309466984884647 0.04344677769732078 0.04494828957836118
0 0.05503258508327299 0.5304295942720764 0.0333091962346126 0.04335719968178202
0 0.11839246922519914 0.5332140015910899 0.05865314989138305 0.05051710421638823
0 0.22592324402606806 0.16865552903739062 0.0391020999275887 0.03341288782816229
0 0.15278783490224476 0.6217183770883055 0.04055032585083273 0.02386634844868735
0 0.1781317885590152 0.6815831344470963 0.0333091962346126 0.03540175019888624
0 0.19188993482983346 0.7319013524264121 0.04489500362056481 0.03977724741447892
0 0.2809558291093411 0.7863961813842482 0.05503258508327299 0.03659506762132061
0 0.2114409847936278 0.3524264120922832 0.03765387400434468 0.020684168655529037
0 0.2114409847936278 0.5262529832935561 0.03765387400434468 0.015115354017501989
0 0.22338884866039102 0.6105807478122514 0.029688631426502535 0.015910898965791568
0 0.778059377262853 0.11913285600636436 0.042722664735698766 0.02903739061256961
0 0.7103548153511948 0.15950676213206047 0.04489500362056481 0.03420843277645187
0 0.8023171614771905 0.1579156722354813 0.056480811006517015 0.03739061256961018
0 0.8193338160753078 0.20684168655529037 0.03548153511947864 0.03898170246618934
0 0.8454018826937002 0.30250596658711215 0.041274438812454746 0.04097056483691328
0 0.9055032585083272 0.3271678599840891 0.04706734250543085 0.049721559268098646
0 0.7682838522809559 0.3456642800318218 0.04344677769732078 0.015115354017501989
0 0.6020999275887038 0.2557677008750994 0.04706734250543085 0.011933174224343675
0 0.37979724837074585 0.3379077167859984 0.048515568428674875 0.01949085123309467
0 0.6028240405503259 0.3410898965791567 0.036929761042722664 0.017104216388225936
0 0.8526430123099203 0.4745425616547335 0.04706734250543085 0.03659506762132061
0 0.9033309196234612 0.47295147175815433 0.03548153511947864 0.03977724741447892
0 0.8504706734250543 0.5180986475735879 0.042722664735698766 0.0441527446300716
0 0.8233164373642288 0.6336515513126492 0.027516292541636494 0.0405727923627685
0 0.8218682114409848 0.689538583929992 0.0333091962346126 0.032219570405727926
0 0.8081100651701666 0.7303102625298329 0.0333091962346126 0.03659506762132061
0 0.7103548153511948 0.7963404932378679 0.056480811006517015 0.03341288782816229
0 0.5901520637219406 0.8482498011137629 0.062273714699493124 0.05051710421638823
0 0.774800868935554 0.4502784407319014 0.0333091962346126 0.011933174224343675
0 0.7690079652425779 0.52824184566428 0.04489500362056481 0.012728719172633254
0 0.7563359884141926 0.6046141607000796 0.042722664735698766 0.012728719172633254
0 0.7360608254887763 0.6996817820206842 0.036929761042722664 0.018297533810660304
0 0.3747284576393917 0.44272076372315033 0.03548153511947864 0.005568814638027049
0 0.3740043446777697 0.5228719172633254 0.036929761042722664 0.0147175815433572
0 0.38377986965966693 0.5998408910103421 0.0333091962346126 0.005568814638027049
0 0.2635771180304127 0.6937151949085123 0.0391020999275887 0.021479713603818614
0 0.390658942795076 0.680389817024662 0.04706734250543085 0.022673031026252982
0 0.6212889210716872 0.5232696897374701 0.027516292541636494 0.007557677008750994
0 0.6039102099927589 0.5906921241050119 0.027516292541636494 0.008750994431185362
0 0.6068066618392469 0.600835322195704 0.02896451846488052 0.016308671439936355
0 0.6010137581462708 0.6766109785202864 0.04055032585083273 0.021479713603818614
0 0.6274438812454743 0.7712808273667462 0.03548153511947864 0.012728719172633254
