0 0.5258823529411765 0.2098805295447207 0.05176470588235294 0.019373587342589604
0 0.52 0.24394575395544074 0.05411764705882353 0.03325799160477882
0 0.5352941176470588 0.2857604133031966 0.047058823529411764 0.01614465611882467
0 0.5458823529411765 0.31062318372618664 0.058823529411764705 0.01808201485308363
0 0.5635294117647058 0.351469163706813 0.11764705882352941 0.03971585405230869
0 0.5629411764705883 0.4026477236034873 0.08588235294117647 0.03874717468517921
0 0.5458823529411765 0.4446238295124314 0.08235294117647059 0.03035195350339038
0 0.5235294117647059 0.4903132063287052 0.047058823529411764 0.03325799160477882
0 0.5064705882352941 0.5285760413303197 0.07411764705882352 0.021310946076848563
0 0.5217647058823529 0.5684533419438166 0.0976470588235294 0.03454956409428479
0 0.4082352941176471 0.21585405230868582 0.07529411764705882 0.03132063287051986
0 0.4 0.2725217952857604 0.10588235294117647 0.05812076202776881
0 0.39647058823529413 0.32725217952857605 0.10588235294117647 0.028091701646754924
0 0.40058823529411763 0.3703584113658379 0.06705882352941177 0.03874717468517921
0 0.3847058823529412 0.41927671940587663 0.08235294117647059 0.03777849531804973
