0 0.7330935251798562 0.12059859154929578 0.09352517985611511 0.06338028169014084
0 0.7647482014388489 0.4154929577464789 0.07050359712230216 0.07042253521126761
0 0.418705035971223 0.4630281690140845 0.10071942446043165 0.07922535211267606
0 0.8892086330935252 0.2830105633802817 0.04028776978417266 0.018485915492957746
0 0.7129496402877697 0.6201584507042254 0.04460431654676259 0.023767605633802816
0 0.7273381294964029 0.7161091549295775 0.041726618705035974 0.03609154929577465
0 0.7424460431654676 0.7838908450704225 0.03741007194244604 0.043133802816901406
0 0.7287769784172662 0.840669014084507 0.05611510791366906 0.04753521126760563
0 0.5712230215827339 0.480193661971831 0.03741007194244604 0.006161971830985915
0 0.5021582733812949 0.4529049295774648 0.034532374100719423 0.013204225352112676
0 0.5064748201438849 0.4788732394366197 0.03741007194244604 0.02640845070422535
0 0.7388489208633093 0.26188380281690143 0.06762589928057554 0.0994718309859155
0 0.28776978417266186 0.608274647887324 0.04316546762589928 0.017605633802816902
