0 0.2950920245398773 0.27187274041937814 0.0343558282208589 0.036153289949385395
0 0.3006134969325153 0.3116413593637021 0.049079754601226995 0.0455531453362256
0 0.29233128834355826 0.34887924801156905 0.03251533742331288 0.02024584237165582
0 0.3006134969325153 0.3944323933477947 0.03803680981595092 0.05422993492407809
0 0.3042944785276074 0.45155459146782356 0.03803680981595092 0.0274765003615329
0 0.3006134969325153 0.5030730296456978 0.04171779141104295 0.0502530730296457
0 0.3098159509202454 0.5482646420824295 0.026993865030674847 0.030007230657989877
0 0.3150306748466258 0.5885755603759942 0.03742331288343558 0.03398409255242227
0 0.3257668711656442 0.6334056399132321 0.03803680981595092 0.03398409255242227
0 0.35828220858895704 0.7161966738973247 0.05276073619631902 0.038322487346348515
0 0.3736196319018405 0.7619305856832972 0.0392638036809816 0.032176428054953
0 0.3736196319018405 0.8049530007230657 0.046625766871165646 0.03723788864786696
0 0.3708588957055215 0.8385755603759942 0.048466257668711654 0.023499638467100507
0 0.3773006134969325 0.8709327548806941 0.018404907975460124 0.033261026753434564
0 0.39079754601226996 0.9177512653651483 0.04171779141104295 0.030730296456977585
0 0.3411042944785276 0.6740780911062907 0.046625766871165646 0.03506869125090383
