0 0.7734761120263591 0.4011904761904762 0.07413509060955518 0.06666666666666667
0 0.8105436573311368 0.525 0.06260296540362438 0.0880952380952381
0 0.8212520593080724 0.631547619047619 0.057660626029654036 0.0869047619047619
0 0.8838550247116969 0.06547619047619048 0.054365733113673806 0.05714285714285714
0 0.7578253706754531 0.0744047619047619 0.04942339373970346 0.041666666666666664
0 0.5996705107084019 0.0744047619047619 0.06260296540362438 0.02738095238095238
0 0.2784184514003295 0.27380952380952384 0.042833607907743 0.01904761904761905
0 0.2808896210873147 0.30714285714285716 0.04118616144975288 0.047619047619047616
0 0.21911037891268534 0.31785714285714284 0.06260296540362438 0.0380952380952381
0 0.5807248764415156 0.31666666666666665 0.060955518945634266 0.047619047619047616
0 0.5807248764415156 0.5541666666666667 0.057660626029654036 0.025
