0 0.5124031007751938 0.233359133126935 0.09147286821705426 0.07198142414860681
0 0.5271317829457365 0.3463622291021672 0.06201550387596899 0.06888544891640867
0 0.48527131782945737 0.5150928792569659 0.11162790697674418 0.10758513931888544
0 0.8666666666666667 0.11919504643962849 0.09302325581395349 0.07585139318885449
0 0.8658914728682171 0.34907120743034054 0.11937984496124031 0.05108359133126935
0 0.8387596899224806 0.4872291021671827 0.12403100775193798 0.06578947368421052
0 0.7224806201550388 0.06578947368421052 0.05271317829457364 0.01393188854489164
0 0.7302325581395349 0.0936532507739938 0.05891472868217054 0.03560371517027864
0 0.6782945736434108 0.12345201238390092 0.06356589147286822 0.02089783281733746
0 0.7302325581395349 0.23606811145510836 0.06821705426356589 0.02631578947368421
0 0.3798449612403101 0.24922600619195046 0.05271317829457364 0.030959752321981424
0 0.33178294573643413 0.38699690402476783 0.06201550387596899 0.015479876160990712
0 0.7124031007751938 0.3784829721362229 0.05116279069767442 0.007739938080495356
0 0.6635658914728683 0.5247678018575851 0.05891472868217054 0.020123839009287926
0 0.3697674418604651 0.5522445820433437 0.07286821705426356 0.04102167182662539
0 0.32558139534883723 0.5595975232198143 0.07441860465116279 0.04953560371517028
0 0.15271317829457365 0.5077399380804953 0.12558139534883722 0.11919504643962849
0 0.5186046511627908 0.7008513931888545 0.06046511627906977 0.033281733746130034
0 0.524031007751938 0.7445820433436533 0.05891472868217054 0.05108359133126935
0 0.5387596899224806 0.7991486068111455 0.02945736434108527 0.023993808049535603
0 0.5472868217054263 0.846749226006192 0.043410852713178294 0.043343653250773995
0 0.5837209302325581 0.8970588235294118 0.07596899224806201 0.043343653250773995
