0 0.2764397905759162 0.19605654761904762 0.09842931937172775 0.109375
0 0.16701570680628272 0.19233630952380953 0.08691099476439791 0.08258928571428571
0 0.3089005235602094 0.31994047619047616 0.09424083769633508 0.08928571428571429
0 0.5743455497382199 0.1793154761904762 0.08691099476439791 0.10714285714285714
0 0.5858638743455498 0.29985119047619047 0.07225130890052356 0.06398809523809523
0 0.362303664921466 0.16331845238095238 0.05445026178010471 0.078125
0 0.387434554973822 0.2648809523809524 0.06701570680628273 0.08035714285714286
0 0.393717277486911 0.33370535714285715 0.06701570680628273 0.036458333333333336
0 0.7298429319371728 0.21763392857142858 0.08376963350785341 0.11830357142857142
0 0.6952879581151833 0.3549107142857143 0.10471204188481675 0.10863095238095238
0 0.4445026178010471 0.43898809523809523 0.07643979057591622 0.08035714285714286
0 0.20209424083769634 0.2927827380952381 0.08586387434554973 0.10342261904761904
