0 0.48451794510907814 0.4985722444317533 0.026038001407459536 0.03597944031981725
0 0.4859254046446165 0.5662478583666476 0.03377902885292048 0.07424328954882924
0 0.4871569317382125 0.6513420902341519 0.023574947220267418 0.06853226727584237
0 0.4917311752287122 0.7168760708166761 0.03764954257565095 0.039120502569960025
0 0.4929627023223082 0.7697030268418047 0.019704433497536946 0.045402627070245574
0 0.5372976776917664 0.5158480868075386 0.02744546094299789 0.039120502569960025
0 0.5387051372273047 0.5676756139348943 0.02744546094299789 0.04968589377498572
0 0.541871921182266 0.6249286122215877 0.03096410978184377 0.04140491147915477
0 0.5438071780436312 0.6840376927470018 0.029908515130190008 0.06881781838949172
0 0.541871921182266 0.7427184466019418 0.03377902885292048 0.0422615648201028
0 0.5489092188599578 0.7994003426613364 0.02744546094299789 0.043118218161050825
0 0.5021111893033076 0.33723586521987436 0.019704433497536946 0.019988577955454025
0 0.4971850809289233 0.374785836664763 0.011963406052076003 0.03398058252427184
0 0.49577762139338494 0.40576813249571675 0.014778325123152709 0.018275271273557967
0 0.4859254046446165 0.4437464306110794 0.023926812104152005 0.03712164477441462
0 0.5499648135116115 0.3485151342090234 0.019000703729767768 0.02484294688749286
0 0.5439831104855736 0.3983438035408338 0.011259676284306826 0.028555111364934323
0 0.541871921182266 0.4280411193603655 0.012667135819845179 0.01770416904625928
0 0.5364180154820549 0.4668760708166762 0.030612244897959183 0.03826384922901199
