0 0.5942622950819673 0.37682333873581847 0.11065573770491803 0.07941653160453808
0 0.5819672131147541 0.47649918962722854 0.12295081967213115 0.07941653160453808
0 0.5932377049180327 0.5494327390599676 0.17827868852459017 0.04538087520259319
0 0.5932377049180327 0.6434359805510534 0.13729508196721313 0.11021069692058347
0 0.5860655737704918 0.752836304700162 0.14344262295081966 0.08752025931928688
0 0.4334016393442623 0.4906807131280389 0.1290983606557377 0.06726094003241491
0 0.42008196721311475 0.5745542949756888 0.10655737704918032 0.08914100486223663
0 0.4108606557377049 0.673419773095624 0.1168032786885246 0.09724473257698542
0 0.6567622950819673 0.830226904376013 0.15368852459016394 0.051053484602917344
0 0.6649590163934426 0.8873581847649918 0.16188524590163936 0.03403565640194489
0 0.24282786885245902 0.36507293354943277 0.09221311475409837 0.12074554294975688
0 0.45491803278688525 0.2872771474878444 0.13524590163934427 0.06239870340356564
0 0.22540983606557377 0.5490275526742301 0.1598360655737705 0.10453808752025932
