0 0.6048158640226629 0.33136094674556216 0.20113314447592068 0.15384615384615385
0 0.6543909348441926 0.5192307692307693 0.11331444759206799 0.16272189349112426
0 0.6798866855524079 0.6871301775147929 0.10764872521246459 0.1227810650887574
0 0.4263456090651558 0.3328402366863905 0.0764872521246459 0.15384615384615385
0 0.4405099150141643 0.5088757396449705 0.1501416430594901 0.14201183431952663
0 0.4702549575070821 0.6804733727810651 0.12464589235127478 0.1834319526627219
0 0.2705382436260623 0.3025147928994083 0.16147308781869688 0.14940828402366865
0 0.2521246458923513 0.5029585798816568 0.1643059490084986 0.15384615384615385
0 0.2719546742209632 0.639792899408284 0.1359773371104816 0.10798816568047337
0 0.29036827195467424 0.7455621301775148 0.20113314447592068 0.06804733727810651
