0 0.7192982456140351 0.12057991513437058 0.12531328320802004 0.051626591230551626
0 0.7142857142857143 0.23055162659123055 0.14035087719298245 0.05374823196605375
0 0.7305764411027569 0.29773691654879775 0.12280701754385964 0.06223479490806223
0 0.7105263157894737 0.37376237623762376 0.14285714285714285 0.060113154172560114
0 0.7230576441102757 0.43988684582743987 0.13784461152882205 0.05233380480905234
0 0.525062656641604 0.157001414427157 0.11779448621553884 0.06364922206506365
0 0.543859649122807 0.21994342291371993 0.14035087719298245 0.04950495049504951
0 0.5714285714285714 0.2888967468175389 0.13533834586466165 0.0586987270155587
0 0.5451127819548872 0.3765912305516266 0.15789473684210525 0.08274398868458274
0 0.5413533834586466 0.4685289957567185 0.21553884711779447 0.07284299858557285
0 0.37092731829573933 0.22347949080622348 0.13032581453634084 0.07637906647807638
0 0.3483709273182957 0.30869872701555867 0.16040100250626566 0.06435643564356436
0 0.5037593984962406 0.08981612446958982 0.10025062656641603 0.04950495049504951
0 0.6904761904761905 0.06082036775106082 0.13784461152882205 0.018387553041018388
0 0.3258145363408521 0.7977369165487977 0.16541353383458646 0.055162659123055166
0 0.4448621553884712 0.8062234794908062 0.11278195488721804 0.033946251768033946
0 0.6403508771929824 0.8033946251768034 0.17293233082706766 0.04809052333804809
