0 0.28293736501079914 0.28956521739130436 0.06479481641468683 0.03826086956521739
0 0.2786177105831533 0.3382608695652174 0.06047516198704104 0.036521739130434785
0 0.29049676025917925 0.37478260869565216 0.07127429805615551 0.02434782608695652
0 0.2818574514038877 0.41739130434782606 0.04535637149028078 0.029565217391304348
0 0.27213822894168466 0.45565217391304347 0.0734341252699784 0.043478260869565216
0 0.2591792656587473 0.5013043478260869 0.09503239740820735 0.042608695652173914
0 0.28509719222462204 0.552608695652174 0.09503239740820735 0.0391304347826087
0 0.19654427645788336 0.3130434782608696 0.06047516198704104 0.057391304347826085
0 0.13174946004319654 0.36434782608695654 0.08639308855291576 0.034782608695652174
0 0.17278617710583152 0.49869565217391304 0.09071274298056156 0.030434782608695653
0 0.26241900647948163 0.6769565217391305 0.0755939524838013 0.0408695652173913
