0 0.690779014308426 0.39980353634577603 0.09062003179650238 0.06221349050425671
0 0.6772655007949125 0.5055664702030125 0.06359300476947535 0.053700065487884745
0 0.685214626391097 0.5805500982318271 0.06359300476947535 0.058284217419777344
0 0.7758346581875993 0.5812049770792403 0.06677265500794913 0.06352324819908317
0 0.7114467408585056 0.6555337262606418 0.058823529411764705 0.045841519318926
0 0.7003179650238474 0.7242960052390308 0.07472178060413355 0.056319580877537655
0 0.8394276629570747 0.5019646365422397 0.07313195548489666 0.06745252128356254
0 0.8402225755166932 0.6565160445317616 0.1287758346581876 0.0412573673870334
0 0.8267090620031796 0.7141453831041258 0.0890302066772655 0.06745252128356254
0 0.7034976152623211 0.34086444007858546 0.09379968203497616 0.03732809430255403
0 0.8441971383147854 0.2914210870988867 0.13354531001589826 0.07596594629993451
0 0.7066772655007949 0.297969875573019 0.07154213036565978 0.03536345776031434
