0 0.4964788732394366 0.3643724696356275 0.05070422535211268 0.01930862659607599
0 0.4943661971830986 0.39442541264403613 0.07042253521126761 0.0407972594207412
0 0.4908450704225352 0.42494549984428526 0.04366197183098591 0.028962939894113984
0 0.5003521126760564 0.47928994082840237 0.05845070422535211 0.047337278106508875
0 0.497887323943662 0.5218000622858923 0.04366197183098591 0.03768296480847088
0 0.5088028169014085 0.5705387729679228 0.05563380281690141 0.03861725319215198
0 0.5137323943661972 0.6318903768296481 0.045774647887323945 0.06228589224540641
0 0.5503521126760563 0.6919962628464653 0.07535211267605633 0.04297726564933042
0 0.55 0.7422921208346309 0.056338028169014086 0.0407972594207412
0 0.5598591549295775 0.7922765493615697 0.06056338028169014 0.031142946122703206
0 0.577112676056338 0.8321395203986297 0.04154929577464789 0.03986297103706011
0 0.36690140845070424 0.1494861413889754 0.05352112676056338 0.023668639053254437
0 0.5137323943661972 0.15711616318903768 0.04154929577464789 0.025848645281843663
0 0.053873239436619716 0.9142011834319527 0.048591549295774646 0.051385861102460295
0 0.05985915492957746 0.9679227654936157 0.05070422535211268 0.03425724073497353
