0 0.8585626911314985 0.24750830564784054 0.0871559633027523 0.08527131782945736
0 0.768348623853211 0.4141749723145072 0.09938837920489296 0.11295681063122924
0 0.6475535168195719 0.6162790697674418 0.07186544342507645 0.08748615725359911
0 0.33715596330275227 0.14894795127353266 0.06574923547400612 0.016611295681063124
0 0.6643730886850153 0.15448504983388706 0.07186544342507645 0.04540420819490587
0 0.599388379204893 0.34053156146179403 0.06422018348623854 0.05426356589147287
0 0.5068807339449541 0.517718715393134 0.05045871559633028 0.05426356589147287
0 0.886085626911315 0.13732004429678848 0.07492354740061162 0.044296788482835
0 0.08792048929663608 0.11129568106312292 0.02599388379204893 0.04097452934662237
0 0.10015290519877676 0.2203765227021041 0.05045871559633028 0.06423034330011074
0 0.40672782874617736 0.12846068660022147 0.0581039755351682 0.06866002214839424
