0 0.12908496732026145 0.19147582697201018 0.08823529411764706 0.13104325699745548
0 0.24183006535947713 0.21119592875318066 0.05228758169934641 0.13231552162849872
0 0.33251633986928103 0.12340966921119594 0.07352941176470588 0.14249363867684478
0 0.43709150326797386 0.11768447837150127 0.07026143790849673 0.14885496183206107
0 0.545751633986928 0.10368956743002544 0.12745098039215685 0.16157760814249364
0 0.6764705882352942 0.06615776081424936 0.11437908496732026 0.08142493638676845
0 0.4869281045751634 0.21755725190839695 0.0784313725490196 0.04834605597964377
0 0.553921568627451 0.6819338422391857 0.0915032679738562 0.035623409669211195
0 0.5261437908496732 0.7347328244274809 0.0915032679738562 0.06997455470737914
0 0.14460784313725492 0.33078880407124683 0.08986928104575163 0.1450381679389313
0 0.25245098039215685 0.3842239185750636 0.08333333333333333 0.16539440203562342
0 0.21650326797385622 0.08587786259541985 0.07679738562091504 0.06997455470737914
