0 0.21385842472582253 0.09155972359328726 0.08673978065802593 0.09230009871668311
0 0.19940179461615154 0.18435340572556763 0.06779661016949153 0.05873642645607108
0 0.2896311066799601 0.08020730503455084 0.06480558325024925 0.05873642645607108
0 0.29062811565304086 0.15844027640671274 0.06281156530408774 0.05231984205330701
0 0.34795613160518446 0.2428430404738401 0.08175473579262213 0.07107601184600197
0 0.3773678963110668 0.10858835143139191 0.06281156530408774 0.05133267522211254
0 0.3634097706879362 0.1732477788746298 0.04287138584247258 0.03652517275419546
0 0.4715852442671984 0.07798617966436328 0.09571286141575275 0.0631786771964462
0 0.4641076769690927 0.16979269496544916 0.1106679960119641 0.087857847976308
0 0.4641076769690927 0.2470384995064166 0.0847457627118644 0.051826258637709774
0 0.5079760717846461 0.29713721618953604 0.06081754735792622 0.035538005923000986
0 0.5807577268195414 0.0947680157946693 0.06281156530408774 0.10069101678183613
0 0.5752741774675972 0.20779861796643634 0.09571286141575275 0.08489634748272458
0 0.6794616151545364 0.09155972359328726 0.09471585244267199 0.08144126357354393
0 0.7033898305084746 0.18756169792694966 0.09471585244267199 0.1016781836130306
0 0.6759720837487537 0.2899802566633761 0.07577268195413758 0.09032576505429418
0 0.6744765702891325 0.381786771964462 0.1106679960119641 0.05478775913129319
0 0.8095712861415753 0.096248766041461 0.09970089730807577 0.04639684106614018
0 0.7891326021934197 0.8672260612043435 0.054835493519441676 0.045409674234945706
0 0.7991026919242273 0.9032576505429417 0.04287138584247258 0.022704837117472853
0 0.8424725822532403 0.8645113524185587 0.047856430707876374 0.052813425468904246
0 0.8604187437686939 0.9151036525172754 0.049850448654037885 0.03751233958538993
0 0.8968095712861416 0.866238894373149 0.06081754735792622 0.049358341559723594
0 0.9501495513459621 0.853405725567621 0.049850448654037885 0.04738400789733465
0 0.9172482552342971 0.922507403751234 0.049850448654037885 0.044422507403751234
