0 0.2887864823348694 0.10442878711625567 0.043010752688172046 0.06089582284851535
0 0.28955453149001537 0.19854051333668848 0.07834101382488479 0.058882737795671866
0 0.3064516129032258 0.2697533970810267 0.06605222734254992 0.04730749874182184
0 0.31643625192012287 0.3505284348263714 0.11059907834101383 0.07398087569199799
0 0.3049155145929339 0.43432310015098136 0.1336405529953917 0.0634121791645697
0 0.2880184331797235 0.5231504781077001 0.13978494623655913 0.07398087569199799
0 0.2726574500768049 0.6039255158530448 0.17972350230414746 0.06039255158530448
0 0.2619047619047619 0.6902365374937091 0.1152073732718894 0.07800704579768496
0 0.25268817204301075 0.7833417211877202 0.13978494623655913 0.07196779063915451
0 0.2411674347158218 0.857825868142929 0.08602150537634409 0.042778057372924005
0 0.24270353302611367 0.8978359335681932 0.141321044546851 0.0291897332662305
0 0.49615975422427033 0.21565173628585807 0.05222734254992319 0.04177151484650227
0 0.5015360983102919 0.29667840966280823 0.12749615975422426 0.09008555611474585
0 0.5368663594470046 0.3917966784096628 0.12749615975422426 0.06190236537493709
0 0.5445468509984639 0.4773527931555108 0.13671274961597543 0.07498741821841973
0 0.5499231950844854 0.5905888273779567 0.13517665130568357 0.09109209864116759
0 0.5422427035330261 0.7015601409159536 0.15053763440860216 0.06844489179667841
0 0.5284178187403994 0.8004529441368898 0.11059907834101383 0.07196779063915451
0 0.6889400921658986 0.23276295923502768 0.09062980030721966 0.03975842979365878
0 0.7296466973886329 0.3147961751383996 0.11367127496159754 0.10518369401107197
0 0.7473118279569892 0.39305485656768996 0.13671274961597543 0.06441872169099144
0 0.7626728110599078 0.47710115752390536 0.1336405529953917 0.05636638147961751
0 0.4838709677419355 0.15299446401610467 0.055299539170506916 0.06441872169099144
0 0.7572964669738863 0.5626572722697534 0.13210445468509985 0.0825364871665828
0 0.7688172043010753 0.657272269753397 0.12135176651305683 0.06844489179667841
