0 0.5031023784901758 0.19558521560574949 0.023784901758014478 0.09548254620123203
0 0.5036194415718718 0.30236139630390146 0.05170630816959669 0.09548254620123203
0 0.5025853154084798 0.39476386036960986 0.02688728024819028 0.04620123203285421
0 0.5129265770423992 0.4820328542094456 0.05170630816959669 0.09753593429158111
0 0.43950361944157185 0.19661190965092404 0.05377456049638056 0.08726899383983573
0 0.4400206825232678 0.28234086242299794 0.04239917269906929 0.059548254620123205
0 0.45346432264736297 0.3701232032854209 0.02998965873836608 0.07905544147843943
0 0.46639089968976216 0.48254620123203285 0.06618407445708377 0.08213552361396304
0 0.3877973112719752 0.21560574948665298 0.03722854188210962 0.09650924024640657
0 0.3826266804550155 0.3362422997946612 0.05997931747673216 0.11601642710472279
0 0.37900723888314375 0.4383983572895277 0.05480868665977249 0.045174537987679675
0 0.3960703205791106 0.5107802874743327 0.057911065149948295 0.07905544147843943
0 0.7156153050672182 0.31211498973305957 0.05377456049638056 0.057494866529774126
0 0.6980351602895554 0.39117043121149897 0.045501551189245086 0.061601642710472276
0 0.7073422957600828 0.459958932238193 0.028955532574974147 0.043121149897330596
0 0.7275077559462254 0.5338809034907598 0.04033092037228542 0.06776180698151951
0 0.6437435367114788 0.33059548254620125 0.03619441571871768 0.08829568788501027
0 0.6514994829369183 0.4224845995893224 0.05170630816959669 0.06878850102669405
0 0.6623578076525336 0.526694045174538 0.04860392967942089 0.07597535934291581
0 0.5884177869700103 0.3105749486652977 0.03722854188210962 0.050308008213552365
0 0.5930713547052741 0.35728952772073924 0.01964839710444674 0.059548254620123205
0 0.5977249224405378 0.43480492813141686 0.04963805584281282 0.054414784394250515
0 0.6577042399172699 0.6642710472279261 0.045501551189245086 0.04106776180698152
