0 0.4681628392484342 0.33156028368794327 0.055323590814196244 0.11702127659574468
0 0.4519832985386221 0.4379432624113475 0.029227557411273485 0.057919621749408984
0 0.401356993736952 0.3132387706855792 0.05323590814196242 0.0851063829787234
0 0.40187891440501045 0.4438534278959811 0.05219206680584551 0.09574468085106383
0 0.3037578288100209 0.2771867612293144 0.06471816283924843 0.10047281323877069
0 0.3188935281837161 0.35047281323877066 0.03653444676409186 0.11702127659574468
0 0.3178496868475992 0.44976359338061467 0.07620041753653445 0.06264775413711583
0 0.6148225469728601 0.1524822695035461 0.05845511482254697 0.07328605200945626
0 0.6195198329853863 0.266548463356974 0.04279749478079332 0.0673758865248227
0 0.6163883089770354 0.37174940898345155 0.049060542797494784 0.09574468085106383
0 0.3747390396659708 0.18439716312056736 0.060542797494780795 0.1276595744680851
0 0.5318371607515657 0.2771867612293144 0.055323590814196244 0.11702127659574468
0 0.5307933194154488 0.3894799054373522 0.032359081419624215 0.06264775413711583
0 0.5318371607515657 0.4716312056737589 0.06367432150313153 0.10638297872340426
