0 0.3782051282051282 0.6901294498381877 0.16666666666666666 0.07766990291262135
0 0.36025641025641025 0.776294498381877 0.10512820512820513 0.07524271844660194
0 0.5782051282051283 0.7257281553398058 0.2282051282051282 0.09385113268608414
0 0.3230769230769231 0.46682847896440127 0.1282051282051282 0.08737864077669903
0 0.3333333333333333 0.5521844660194175 0.2 0.07200647249190939
0 0.5307692307692308 0.46197411003236244 0.14871794871794872 0.0970873786407767
0 0.5384615384615384 0.5792880258899676 0.24102564102564103 0.10679611650485436
0 0.735897435897436 0.46359223300970875 0.18461538461538463 0.08737864077669903
0 0.767948717948718 0.5659385113268608 0.19743589743589743 0.06553398058252427
0 0.4025641025641026 0.06593851132686084 0.13846153846153847 0.050970873786407765
0 0.38333333333333336 0.14967637540453074 0.08974358974358974 0.09546925566343042
0 0.5743589743589743 0.14279935275080907 0.15384615384615385 0.10922330097087378
