0 0.5770609318996416 0.27956989247311825 0.11469534050179211 0.07373271889400922
0 0.568100358422939 0.4500768049155146 0.08243727598566308 0.18125960061443933
0 0.5869175627240143 0.6428571428571429 0.07347670250896057 0.0967741935483871
0 0.39336917562724016 0.42242703533026116 0.12365591397849462 0.16589861751152074
0 0.42383512544802865 0.6282642089093702 0.08422939068100359 0.15668202764976957
0 0.17293906810035842 0.22196620583717358 0.11648745519713262 0.11827956989247312
0 0.27956989247311825 0.41781874039938555 0.1003584229390681 0.16897081413210446
0 0.271505376344086 0.619815668202765 0.10215053763440861 0.11827956989247312
0 0.7016129032258065 0.31105990783410137 0.1057347670250896 0.1827956989247312
0 0.7096774193548387 0.46697388632872505 0.07885304659498207 0.1259600614439324
0 0.7231182795698925 0.5745007680491552 0.05913978494623656 0.07680491551459294
0 0.8243727598566308 0.46236559139784944 0.06093189964157706 0.06758832565284179
