0 0.5353805073431241 0.674745895230649 0.07209612817089453 0.08131352619233777
0 0.5460614152202937 0.7740422204847537 0.06942590120160214 0.08913213448006255
0 0.4212283044058745 0.6739640344018765 0.0814419225634179 0.0797498045347928
0 0.41188251001335113 0.7697419859265051 0.11348464619492657 0.09616888193901485
0 0.5233644859813084 0.4409695074276779 0.06675567423230974 0.07036747458952307
0 0.5233644859813084 0.5394839718530101 0.06942590120160214 0.1016419077404222
0 0.40253671562082777 0.4382329945269742 0.09479305740987984 0.08522283033620015
0 0.4045393858477971 0.5602032838154808 0.07476635514018691 0.0836591086786552
0 0.2977303070761015 0.428068803752932 0.06675567423230974 0.07114933541829555
0 0.3210947930574099 0.5043002345582487 0.08678237650200267 0.07036747458952307
0 0.3204272363150868 0.6305707584050039 0.0774365821094793 0.1462079749804535
0 0.3324432576769025 0.8756841282251759 0.0534045393858478 0.04222048475371384
0 0.403871829105474 0.30258014073494915 0.03337783711615487 0.026583268178264268
0 0.7343124165554072 0.3983580922595778 0.050734312416555405 0.014855355746677092
