0 0.45440251572327045 0.6178977272727273 0.16037735849056603 0.13068181818181818
0 0.6320754716981132 0.6221590909090909 0.12578616352201258 0.14488636363636365
0 0.7955974842767296 0.5809659090909091 0.15723270440251572 0.11363636363636363
0 0.38207547169811323 0.36363636363636365 0.14779874213836477 0.10795454545454546
0 0.3522012578616352 0.4893465909090909 0.12578616352201258 0.08948863636363637
0 0.5267295597484277 0.3650568181818182 0.07232704402515723 0.13068181818181818
0 0.5455974842767296 0.4872159090909091 0.11006289308176101 0.10227272727272728
0 0.6745283018867925 0.3757102272727273 0.1540880503144654 0.1747159090909091
0 0.3694968553459119 0.1875 0.24213836477987422 0.16477272727272727
0 0.3632075471698113 0.1846590909090909 0.24213836477987422 0.16477272727272727
0 0.6194968553459119 0.1981534090909091 0.23270440251572327 0.109375
0 0.5487421383647799 0.7450284090909091 0.2610062893081761 0.061079545454545456
