0 0.4822404371584699 0.2654761904761905 0.1284153005464481 0.06428571428571428
0 0.46994535519125685 0.3464285714285714 0.10382513661202186 0.07380952380952381
0 0.27459016393442626 0.22142857142857142 0.10655737704918032 0.09047619047619047
0 0.3483606557377049 0.30654761904761907 0.11748633879781421 0.06785714285714285
0 0.23497267759562843 0.30238095238095236 0.07650273224043716 0.09523809523809523
0 0.43169398907103823 0.175 0.10382513661202186 0.03333333333333333
0 0.24180327868852458 0.549404761904762 0.09016393442622951 0.0630952380952381
0 0.3633879781420765 0.55 0.07103825136612021 0.09047619047619047
0 0.5846994535519126 0.16547619047619047 0.08196721311475409 0.0880952380952381
0 0.48770491803278687 0.5333333333333333 0.08469945355191257 0.06666666666666667
