0 0.4588785046728972 0.49514301133297356 0.08037383177570094 0.029681597409606044
0 0.45981308411214955 0.54020507285483 0.07102803738317758 0.03669724770642202
0 0.4457943925233645 0.5887749595250944 0.0616822429906542 0.038855909336211546
0 0.36074766355140186 0.4778737182946573 0.056074766355140186 0.03076092822450081
0 0.3598130841121495 0.5237452779276849 0.08785046728971962 0.03615758229897464
0 0.3336448598130841 0.5744738262277388 0.05046728971962617 0.025364274150026983
0 0.397196261682243 0.653804641122504 0.0616822429906542 0.03184025903939557
0 0.3794392523364486 0.6964382083108472 0.056074766355140186 0.025364274150026983
0 0.37850467289719625 0.7544522396114409 0.09158878504672897 0.048569886670264434
0 0.288785046728972 0.6532649757150567 0.09532710280373832 0.03291958985429034
0 0.2766355140186916 0.7010253642741501 0.041121495327102804 0.032379924446842956
0 0.26635514018691586 0.7412304371289801 0.09906542056074766 0.02644360496492175
0 0.23457943925233646 0.05126821370750135 0.09158878504672897 0.03453858607663249
0 0.24018691588785046 0.09147328656233135 0.11775700934579439 0.03076092822450081
0 0.33925233644859815 0.04236373448461954 0.08037383177570094 0.027522935779816515
0 0.7710280373831776 0.06934700485698866 0.05794392523364486 0.013491635186184566
0 0.7897196261682243 0.0806799784133837 0.08037383177570094 0.028602266594711278
0 0.6355140186915887 0.488667026443605 0.11588785046728972 0.029681597409606044
0 0.5467289719626168 0.6570426335671884 0.08037383177570094 0.021046950890447922
0 0.5093457943925234 0.7995143011332974 0.09906542056074766 0.022126281705342688
