0 0.6600877192982456 0.27161152614727857 0.043859649122807015 0.054429028815368194
0 0.6666666666666666 0.3527214514407684 0.09210526315789473 0.0736392742796158
0 0.6699561403508771 0.4605122732123799 0.09429824561403509 0.08431163287086446
0 0.6699561403508771 0.564034151547492 0.08114035087719298 0.07790821771611527
0 0.6699561403508771 0.6728922091782283 0.07236842105263158 0.10779082177161152
0 0.6875 0.7833511205976521 0.10307017543859649 0.09818569903948772
0 0.8640350877192983 0.25667022411953044 0.05701754385964912 0.052294557097118465
0 0.8629385964912281 0.3287086446104589 0.08114035087719298 0.06616862326574173
0 0.8651315789473685 0.42849519743863396 0.07675438596491228 0.07150480256136606
0 0.8519736842105263 0.5512273212379936 0.05482456140350877 0.03948772678762007
0 0.8530701754385965 0.6184631803628602 0.07017543859649122 0.04589114194236926
0 0.9385964912280702 0.7198505869797225 0.07017543859649122 0.08431163287086446
