0 0.5495185694635488 0.43409227082085083 0.0811554332874828 0.05811863391252247
0 0.5612104539202201 0.4988016776512882 0.08528198074277854 0.04134212103055722
0 0.5660247592847317 0.5757938885560215 0.0811554332874828 0.07189934092270821
0 0.5804676753782668 0.6695626123427202 0.0687757909215956 0.0665068903535051
0 0.5488308115543329 0.7819053325344517 0.14030261348005502 0.10665068903535051
0 0.2015130674002751 0.08837627321749551 0.05364511691884457 0.023367285799880167
0 0.3033012379642366 0.08208508088675853 0.05089408528198074 0.014379868184541641
0 0.29504814305364513 0.11024565608148593 0.059147180192572216 0.028759736369083282
0 0.1623108665749656 0.18484122228879568 0.0577716643741403 0.02816057519472738
0 0.20907840440165062 0.20641102456560814 0.04951856946354883 0.04493708807669263
0 0.2792297111416781 0.2237866986219293 0.027510316368638238 0.05452366686638706
0 0.33356258596973865 0.22917914919113241 0.05639614855570839 0.06530856800479329
0 0.14649243466299863 0.30317555422408626 0.05089408528198074 0.02037147992810066
0 0.09628610729023383 0.4056321150389455 0.04951856946354883 0.017974835230677052
0 0.0873452544704264 0.43199520671060515 0.05639614855570839 0.02756141402037148
