0 0.1828231292517007 0.2647773279352227 0.04591836734693878 0.11012145748987855
0 0.20068027210884354 0.3797570850202429 0.04251700680272109 0.058299595141700404
0 0.20280612244897958 0.5064777327935223 0.06037414965986394 0.11417004048582996
0 0.2776360544217687 0.13481781376518218 0.07227891156462585 0.10283400809716599
0 0.29209183673469385 0.32226720647773277 0.06377551020408163 0.11012145748987855
0 0.3048469387755102 0.45870445344129557 0.06037414965986394 0.12874493927125505
0 0.3864795918367347 0.16113360323886639 0.05697278911564626 0.145748987854251
0 0.38945578231292516 0.3712550607287449 0.1054421768707483 0.14817813765182186
0 0.4927721088435374 0.13927125506072874 0.07397959183673469 0.14898785425101216
0 0.4685374149659864 0.5554655870445344 0.04591836734693878 0.03076923076923077
0 0.18622448979591838 0.1437246963562753 0.04421768707482993 0.07530364372469636
