0 0.5606060606060606 0.1185617103984451 0.17575757575757575 0.08551992225461613
0 0.5606060606060606 0.19290573372206024 0.15757575757575756 0.03984450923226433
0 0.553030303030303 0.3347910592808552 0.11212121212121212 0.1292517006802721
0 0.5621212121212121 0.44363459669582117 0.20303030303030303 0.0456754130223518
0 0.6333333333333333 0.54421768707483 0.12121212121212122 0.10689990281827016
0 0.5969696969696969 0.6360544217687075 0.23030303030303031 0.05539358600583091
0 0.6363636363636364 0.7439261418853256 0.10909090909090909 0.08843537414965986
0 0.8272727272727273 0.7278911564625851 0.19393939393939394 0.06025267249757046
0 0.3787878787878788 0.1151603498542274 0.18181818181818182 0.10398445092322643
0 0.38333333333333336 0.22108843537414966 0.08181818181818182 0.0826044703595724
0 0.37727272727272726 0.3085519922254616 0.19696969696969696 0.09426627793974733
0 0.3924242424242424 0.41448007774538387 0.17272727272727273 0.05928085519922255
0 0.4 0.5383867832847424 0.20606060606060606 0.0913508260447036
0 0.37575757575757573 0.641885325558795 0.16363636363636364 0.09815354713313897
0 0.4393939393939394 0.750728862973761 0.15757575757575756 0.07677356656948493
0 0.45454545454545453 0.8197278911564626 0.13333333333333333 0.022351797862001945
0 0.6484848484848484 0.8304178814382897 0.13333333333333333 0.061224489795918366
