0 0.3583106267029973 0.19387755102040816 0.11716621253405994 0.09037900874635568
0 0.3787465940054496 0.3053935860058309 0.16348773841961853 0.06268221574344024
0 0.3746594005449591 0.41545189504373176 0.13896457765667575 0.11078717201166181
0 0.38419618528610355 0.5597667638483965 0.14168937329700274 0.08454810495626822
0 0.38283378746594005 0.6865889212827988 0.11716621253405994 0.09037900874635568
0 0.5980926430517711 0.24635568513119532 0.1553133514986376 0.11078717201166181
0 0.6171662125340599 0.41253644314868804 0.1444141689373297 0.18075801749271136
0 0.32697547683923706 0.08090379008746355 0.11989100817438691 0.06268221574344024
0 0.5844686648501363 0.684402332361516 0.05722070844686648 0.08017492711370262
0 0.8147138964577657 0.40160349854227406 0.05994550408719346 0.03935860058309038
0 0.7929155313351499 0.4650145772594752 0.0653950953678474 0.0641399416909621
