0 0.4309116809116809 0.18023952095808382 0.04700854700854701 0.13532934131736526
0 0.42450142450142453 0.3598802395209581 0.09686609686609686 0.1664670658682635
0 0.4166666666666667 0.51437125748503 0.0698005698005698 0.08742514970059881
0 0.2984330484330484 0.3538922155688623 0.08974358974358974 0.1281437125748503
0 0.30982905982905984 0.49221556886227547 0.10398860398860399 0.08862275449101796
0 0.3368945868945869 0.6233532934131737 0.10398860398860399 0.09700598802395209
0 0.7649572649572649 0.12994011976047903 0.08547008547008547 0.10658682634730539
0 0.7450142450142451 0.28023952095808385 0.08262108262108261 0.1532934131736527
0 0.7307692307692307 0.4664670658682635 0.07122507122507123 0.14491017964071856
0 0.6168091168091168 0.32934131736526945 0.11965811965811966 0.12694610778443113
0 0.6089743589743589 0.45748502994011975 0.11253561253561253 0.11017964071856287
0 0.20085470085470086 0.16706586826347306 0.09116809116809117 0.08742514970059881
0 0.1339031339031339 0.20718562874251498 0.05982905982905983 0.10059880239520957
0 0.20156695156695156 0.31017964071856285 0.0754985754985755 0.13892215568862276
0 0.31196581196581197 0.18323353293413175 0.10541310541310542 0.1437125748502994
0 0.7457264957264957 0.6580838323353293 0.13247863247863248 0.1568862275449102
0 0.8618233618233618 0.11796407185628742 0.09401709401709402 0.10658682634730539
0 0.8568376068376068 0.26407185628742513 0.06125356125356125 0.15449101796407186
0 0.8404558404558404 0.4023952095808383 0.05128205128205128 0.08862275449101796
0 0.6317663817663818 0.15868263473053892 0.0811965811965812 0.10658682634730539
0 0.8625356125356125 0.5389221556886228 0.09829059829059829 0.14610778443113773
