0 0.7922465208747514 0.10976430976430976 0.12922465208747516 0.08484848484848485
0 0.8101391650099403 0.19663299663299663 0.10536779324055666 0.06599326599326599
0 0.8101391650099403 0.2673400673400673 0.13717693836978131 0.04713804713804714
0 0.8727634194831014 0.3484848484848485 0.1073558648111332 0.0707070707070707
0 0.8459244532803181 0.4478114478114478 0.12922465208747516 0.08754208754208755
0 0.8677932405566601 0.5538720538720538 0.09741550695825049 0.07474747474747474
0 0.8429423459244533 0.6525252525252525 0.07952286282306163 0.06060606060606061
0 0.5725646123260437 0.1936026936026936 0.07554671968190854 0.016835016835016835
0 0.5944333996023857 0.34276094276094277 0.07157057654075547 0.026936026936026935
0 0.6759443339960238 0.494949494949495 0.07157057654075547 0.02558922558922559
0 0.3687872763419483 0.18181818181818182 0.08151093439363817 0.04713804713804714
0 0.26938369781312127 0.20707070707070707 0.08548707753479125 0.04781144781144781
0 0.39363817097415504 0.32727272727272727 0.0437375745526839 0.0430976430976431
0 0.1978131212723658 0.3814814814814815 0.10139165009940358 0.04511784511784512
0 0.31809145129224653 0.49292929292929294 0.07554671968190854 0.03636363636363636
0 0.841948310139165 0.7848484848484848 0.16898608349900596 0.12188552188552189
