0 0.17666232073011734 0.48885793871866295 0.04302477183833116 0.055710306406685235
0 0.16688396349413298 0.5633704735376045 0.054758800521512385 0.05153203342618384
0 0.2379400260756193 0.5480501392757661 0.03780964797913951 0.07938718662952646
0 0.363754889178618 0.5557103064066853 0.07040417209908735 0.04735376044568245
0 0.29465449804432853 0.564066852367688 0.03650586701434159 0.016713091922005572
0 0.4654498044328553 0.5661559888579387 0.028683181225554105 0.01532033426183844
0 0.6166883963494133 0.25069637883008355 0.03389830508474576 0.05013927576601671
0 0.2151238591916558 0.20055710306406685 0.041720990873533245 0.06128133704735376
0 0.1864406779661017 0.3920612813370474 0.03389830508474576 0.09331476323119778
0 0.2333767926988266 0.4415041782729805 0.041720990873533245 0.04735376044568245
0 0.5495436766623207 0.5821727019498607 0.03259452411994785 0.025069637883008356
0 0.5912646675358539 0.5689415041782729 0.03259452411994785 0.05988857938718663
0 0.5691003911342895 0.1915041782729805 0.04041720990873533 0.07381615598885793
0 0.5736636245110821 0.13788300835654596 0.03389830508474576 0.022284122562674095
0 0.5697522816166884 0.25557103064066855 0.03911342894393742 0.04317548746518106
0 0.5834419817470665 0.4561281337047354 0.027379400260756193 0.06824512534818941
0 0.6440677966101694 0.5654596100278552 0.01564537157757497 0.025069637883008356
