0 0.8211382113821138 0.4223744292237443 0.08943089430894309 0.13470319634703196
0 0.8526422764227642 0.5759132420091324 0.06910569105691057 0.11986301369863013
0 0.7738821138211383 0.5365296803652968 0.0741869918699187 0.12100456621004566
0 0.709349593495935 0.5667808219178082 0.044715447154471545 0.12442922374429223
0 0.7230691056910569 0.6506849315068494 0.05386178861788618 0.0228310502283105
0 0.6407520325203252 0.5799086757990868 0.057926829268292686 0.1643835616438356
0 0.5655487804878049 0.541095890410959 0.06605691056910569 0.0958904109589041
0 0.10518292682926829 0.22317351598173515 0.04369918699186992 0.019406392694063926
0 0.32621951219512196 0.4012557077625571 0.04878048780487805 0.04223744292237443
0 0.32926829268292684 0.4366438356164384 0.04065040650406504 0.05365296803652968
0 0.3978658536585366 0.4703196347031963 0.047764227642276426 0.04337899543378995
0 0.5630081300813008 0.6603881278538812 0.07317073170731707 0.11301369863013698
0 0.6839430894308943 0.2482876712328767 0.052845528455284556 0.026255707762557076
0 0.5157520325203252 0.2271689497716895 0.051829268292682924 0.0136986301369863
