0 0.28537735849056606 0.5577889447236181 0.05660377358490566 0.1407035175879397
0 0.2830188679245283 0.6968174204355109 0.04716981132075472 0.06700167504187604
0 0.38207547169811323 0.46733668341708545 0.09433962264150944 0.16750418760469013
0 0.38443396226415094 0.61892797319933 0.08490566037735849 0.10552763819095477
0 0.4893867924528302 0.4798994974874372 0.09669811320754718 0.17922948073701842
0 0.49174528301886794 0.6758793969849246 0.08254716981132075 0.11892797319932999
0 0.6320754716981132 0.43132328308207707 0.12735849056603774 0.15912897822445563
0 0.2936320754716981 0.14321608040201006 0.10141509433962265 0.15577889447236182
0 0.455188679245283 0.19262981574539365 0.12264150943396226 0.05695142378559464
0 0.6238207547169812 0.228643216080402 0.07783018867924528 0.152428810720268
0 0.7488207547169812 0.24790619765494137 0.08726415094339622 0.09045226130653267
0 0.27240566037735847 0.4036850921273032 0.08254716981132075 0.05695142378559464
0 0.3856132075471698 0.7102177554438861 0.06839622641509434 0.06365159128978225
