0 0.3944591029023747 0.7925247902364607 0.1503957783641161 0.05491990846681922
0 0.600263852242744 0.7906178489702517 0.1345646437994723 0.08009153318077804
0 0.34432717678100266 0.6147978642257819 0.12401055408970976 0.059496567505720827
0 0.37994722955145116 0.6987032799389779 0.17941952506596306 0.06864988558352403
0 0.5171503957783641 0.6815408085430968 0.08970976253298153 0.08924485125858124
0 0.5976253298153035 0.6605644546147978 0.11873350923482849 0.057971014492753624
0 0.7137203166226913 0.6742944317315027 0.11345646437994723 0.08390541571319603
0 0.29815303430079154 0.40465293668954994 0.1424802110817942 0.06331045003813883
0 0.2770448548812665 0.4938977879481312 0.1424802110817942 0.07856598016781083
0 0.45910290237467016 0.408466819221968 0.11609498680738786 0.09382151029748284
0 0.4683377308707124 0.5244088482074752 0.1345646437994723 0.10144927536231885
0 0.6319261213720316 0.4286803966437834 0.18733509234828497 0.10678871090770405
0 0.3469656992084433 0.19336384439359267 0.18733509234828497 0.05568268497330282
0 0.3153034300791557 0.2787948131197559 0.14511873350923482 0.08009153318077804
0 0.5844327176781002 0.2471395881006865 0.26649076517150394 0.07627765064836003
