0 0.7239709443099274 0.3423202614379085 0.10653753026634383 0.10620915032679738
0 0.5702179176755447 0.18218954248366012 0.1089588377723971 0.15196078431372548
0 0.562953995157385 0.32189542483660133 0.09927360774818401 0.11437908496732026
0 0.5508474576271186 0.4722222222222222 0.12832929782082325 0.13725490196078433
0 0.5278450363196125 0.6094771241830066 0.08232445520581114 0.10130718954248366
0 0.4358353510895884 0.18872549019607843 0.14043583535108958 0.13562091503267973
0 0.4188861985472155 0.33251633986928103 0.15012106537530268 0.1323529411764706
0 0.25181598062953997 0.2630718954248366 0.13559322033898305 0.17647058823529413
0 0.23486682808716708 0.39215686274509803 0.09685230024213075 0.06209150326797386
0 0.1198547215496368 0.2361111111111111 0.04600484261501211 0.119281045751634
0 0.4152542372881356 0.5204248366013072 0.09927360774818401 0.12254901960784313
0 0.711864406779661 0.16748366013071894 0.10653753026634383 0.15522875816993464
