0 0.4773928361714621 0.1185650587758411 0.023487962419260128 0.05553303607620592
0 0.47533763945977686 0.17207134171057964 0.02172636523781562 0.02959059586542359
0 0.46271285965942455 0.22740170247263883 0.0551967116852613 0.0510741791649777
0 0.4580152671755725 0.28252938792055127 0.03992953611274222 0.047831374138629916
0 0.4612448620082208 0.33907580056749087 0.040516735173223725 0.05634373733279287
0 0.4612448620082208 0.39866234292663155 0.04286553141514973 0.05877584110255371
0 0.4583088667058133 0.4681799756789623 0.04638872577803876 0.054316984191325496
0 0.4603640634174985 0.5304012971220106 0.048150322959483266 0.0449939197405756
0 0.46330005871990604 0.6074179164977705 0.0540223135642983 0.08309687880016214
0 0.46594245449207283 0.6909201459262262 0.05578391074574281 0.06282934738548845
0 0.48620082207868465 0.0658694770976895 0.030534351145038167 0.028779894608836645
