0 0.4257305194805195 0.25501002004008017 0.052759740259740256 0.12925851703406813
0 0.4257305194805195 0.42685370741482964 0.052759740259740256 0.15831663326653306
0 0.42329545454545453 0.5961923847695391 0.033279220779220776 0.13827655310621242
0 0.41883116883116883 0.7284569138276553 0.040584415584415584 0.1062124248496994
0 0.35957792207792205 0.25701402805611223 0.05519480519480519 0.14729458917835672
0 0.35511363636363635 0.4433867735470942 0.03977272727272727 0.16132264529058116
0 0.3510551948051948 0.5851703406813628 0.04626623376623377 0.0841683366733467
0 0.3465909090909091 0.6818637274549099 0.04707792207792208 0.0811623246492986
0 0.24310064935064934 0.5921843687374749 0.06737012987012987 0.07615230460921844
0 0.2593344155844156 0.6613226452905812 0.0349025974025974 0.1282565130260521
0 0.35186688311688313 0.7645290581162325 0.044642857142857144 0.052104208416833664
