0 0.4113756613756614 0.10294117647058823 0.0582010582010582 0.12867647058823528
0 0.3968253968253968 0.24356617647058823 0.037037037037037035 0.13051470588235295
0 0.40674603174603174 0.47058823529411764 0.1335978835978836 0.23529411764705882
0 0.4880952380952381 0.08915441176470588 0.03968253968253968 0.09375
0 0.5363756613756614 0.08823529411764706 0.051587301587301584 0.11029411764705882
0 0.5072751322751323 0.4632352941176471 0.05423280423280423 0.16911764705882354
0 0.7096560846560847 0.4476102941176471 0.11772486772486772 0.21875
0 0.8201058201058201 0.5 0.07936507936507936 0.21323529411764705
0 0.5648148148148148 0.46875 0.047619047619047616 0.16176470588235295
0 0.5747354497354498 0.07996323529411764 0.03571428571428571 0.11580882352941177
0 0.6990740740740741 0.27849264705882354 0.04894179894179894 0.09375
