0 0.3396825396825397 0.29096774193548386 0.06984126984126984 0.11741935483870967
0 0.3261904761904762 0.40064516129032257 0.03968253968253968 0.05290322580645161
0 0.34523809523809523 0.52 0.07777777777777778 0.1135483870967742
0 0.45 0.5348387096774193 0.07777777777777778 0.15870967741935485
0 0.5912698412698413 0.5161290322580645 0.11587301587301588 0.023225806451612905
0 0.4587301587301587 0.2806451612903226 0.0761904761904762 0.10967741935483871
0 0.45714285714285713 0.39741935483870966 0.09206349206349207 0.09290322580645162
0 0.5666666666666667 0.3670967741935484 0.10793650793650794 0.17419354838709677
0 0.3333333333333333 0.667741935483871 0.050793650793650794 0.04774193548387097
0 0.3492063492063492 0.12258064516129032 0.0761904761904762 0.09548387096774194
