0 0.8075079872204473 0.29662317728319265 0.039936102236421724 0.06216423637759018
0 0.8123003194888179 0.3829623944742901 0.03354632587859425 0.08749040675364543
0 0.854632587859425 0.29393706830391403 0.036741214057507986 0.07214121258633922
0 0.865814696485623 0.39447429009976975 0.04153354632587859 0.07214121258633922
0 0.9157348242811502 0.31849577897160397 0.04712460063897764 0.07828089025326171
0 0.9125399361022364 0.43937068303914045 0.07587859424920128 0.06830391404451266
0 0.7108626198083067 0.2816577129700691 0.03194888178913738 0.015349194167306216
0 0.9281150159744409 0.22333077513430544 0.027156549520766772 0.09363008442056792
0 0.24201277955271566 0.37145049884881043 0.0670926517571885 0.11204911742133537
0 0.2016773162939297 0.4915579432079816 0.027955271565495207 0.07290867229470453
0 0.07987220447284345 0.546815042210284 0.06389776357827476 0.13123561013046814
0 0.17931309904153356 0.625863392171911 0.06629392971246006 0.11895625479662318
0 0.8698083067092651 0.21066768994627783 0.036741214057507986 0.043745203376822715
