0 0.6102564102564103 0.1664899257688229 0.14871794871794872 0.06998939554612937
0 0.6192307692307693 0.29427359490986216 0.1 0.12407211028632026
0 0.44358974358974357 0.15906680805938495 0.13846153846153847 0.11876988335100742
0 0.4666666666666667 0.30381760339342523 0.14358974358974358 0.10498409331919406
0 0.2743589743589744 0.1728525980911983 0.1641025641025641 0.10392364793213149
0 0.2833333333333333 0.331389183457052 0.2128205128205128 0.09650053022269353
0 0.5602564102564103 0.4517497348886532 0.15128205128205127 0.10180275715800637
0 0.5769230769230769 0.5673382820784729 0.10256410256410256 0.1102863202545069
0 0.4128205128205128 0.4459172852598091 0.11282051282051282 0.09650053022269353
0 0.4423076923076923 0.5790031813361611 0.12051282051282051 0.0975609756097561
0 0.4371794871794872 0.5768822905620361 0.12051282051282051 0.0975609756097561
0 0.5448717948717948 0.7534464475079533 0.08974358974358974 0.09225874867444327
0 0.26666666666666666 0.46553552492046657 0.13846153846153847 0.10604453870625663
