0 0.8734817813765182 0.11294583883751651 0.05060728744939271 0.12813738441215325
0 0.8441295546558705 0.2820343461030383 0.11336032388663968 0.10171730515191546
0 0.8390688259109311 0.40752972258916775 0.06680161943319839 0.06472919418758256
0 0.7408906882591093 0.11756935270805813 0.11336032388663968 0.09247027741083223
0 0.7115384615384616 0.3487450462351387 0.030364372469635626 0.12681638044914134
0 0.29048582995951416 0.7087186261558784 0.10728744939271255 0.0964332892998679
0 0.19635627530364372 0.7001321003963011 0.08906882591093117 0.08718626155878467
0 0.6082995951417004 0.11096433289299867 0.07894736842105263 0.07397622192866579
0 0.6052631578947368 0.35865257595772787 0.06072874493927125 0.12549537648612946
0 0.305668016194332 0.22324966974900926 0.06072874493927125 0.05019815059445178
