0 0.6638141809290954 0.3477272727272727 0.09046454767726161 0.11666666666666667
0 0.5709046454767727 0.3704545454545455 0.06601466992665037 0.12878787878787878
0 0.46454767726161367 0.4090909090909091 0.08312958435207823 0.1393939393939394
0 0.3704156479217604 0.4265151515151515 0.08068459657701711 0.09848484848484848
0 0.6381418092909535 0.16893939393939394 0.06845965770171149 0.08333333333333333
0 0.33618581907090467 0.32045454545454544 0.07579462102689487 0.07727272727272727
0 0.49266503667481665 0.21136363636363636 0.061124694376528114 0.0803030303030303
0 0.5757946210268948 0.17954545454545454 0.04645476772616137 0.09242424242424242
0 0.5696821515892421 0.49696969696969695 0.07823960880195599 0.07272727272727272
0 0.6821515892420538 0.4696969696969697 0.08312958435207823 0.06666666666666667
