0 0.39201183431952663 0.12121212121212122 0.0641025641025641 0.11742424242424243
0 0.40088757396449703 0.37073863636363635 0.05029585798816568 0.0634469696969697
0 0.3037475345167653 0.1415719696969697 0.07297830374753451 0.11837121212121213
0 0.2978303747534517 0.2911931818181818 0.055226824457593686 0.1278409090909091
0 0.3160749506903353 0.4237689393939394 0.07199211045364892 0.10700757575757576
0 0.21548323471400394 0.38257575757575757 0.0601577909270217 0.12121212121212122
0 0.3175542406311637 0.5790719696969697 0.05128205128205128 0.04071969696969697
0 0.1893491124260355 0.22111742424242425 0.11637080867850098 0.16761363636363635
0 0.41074950690335305 0.45265151515151514 0.07001972386587771 0.11174242424242424
0 0.38412228796844183 0.5677083333333334 0.020710059171597635 0.11647727272727272
0 0.40039447731755423 0.26988636363636365 0.029585798816568046 0.12121212121212122
