0 0.41237113402061853 0.40933032355154253 0.20618556701030927 0.1038374717832957
0 0.711340206185567 0.39578630549285176 0.16494845360824742 0.06621519939804364
0 0.38144329896907214 0.3107599699021821 0.08934707903780069 0.03611738148984198
0 0.6168384879725086 0.12076749435665914 0.16838487972508592 0.06847253574115876
0 0.6254295532646048 0.21557562076749437 0.19931271477663232 0.08201655379984951
0 0.3316151202749141 0.12866817155756208 0.140893470790378 0.07674943566591422
0 0.3711340206185567 0.22987208427389014 0.16494845360824742 0.062452972159518436
0 0.6082474226804123 0.5075244544770504 0.18556701030927836 0.07298720842738901
0 0.6323024054982818 0.6030850263355907 0.18556701030927836 0.062452972159518436
0 0.40034364261168387 0.5955605718585403 0.16151202749140894 0.06395786305492852
0 0.3848797250859107 0.04702784048156509 0.12371134020618557 0.033860045146726865
0 0.43470790378006874 0.5030097817908201 0.15463917525773196 0.05492851768246802
0 0.17697594501718214 0.5206922498118887 0.15463917525773196 0.12490594431903687
