0 0.6703980099502488 0.43767840152235965 0.11691542288557213 0.09514747859181731
0 0.6691542288557214 0.5423406279733587 0.14427860696517414 0.0780209324452902
0 0.4228855721393035 0.4866793529971456 0.29850746268656714 0.10180780209324453
0 0.6467661691542289 0.18220742150333016 0.13432835820895522 0.09800190294957184
0 0.6741293532338308 0.3039961941008563 0.0945273631840796 0.11322549952426261
0 0.4763681592039801 0.17649857278782113 0.11691542288557213 0.10371075166508087
0 0.5111940298507462 0.2940057088487155 0.14676616915422885 0.09705042816365367
0 0.3009950248756219 0.17887725975261656 0.16417910447761194 0.09895337773549001
0 0.30597014925373134 0.30256898192197906 0.22885572139303484 0.09705042816365367
0 0.35074626865671643 0.7240723120837298 0.19900497512437812 0.12369172216936251
