0 0.7681159420289855 0.4117647058823529 0.07729468599033816 0.13132694938440492
0 0.7681159420289855 0.5759233926128591 0.06763285024154589 0.09028727770177838
0 0.6014492753623188 0.35294117647058826 0.14009661835748793 0.15047879616963064
0 0.6171497584541062 0.5355677154582763 0.15217391304347827 0.1436388508891929
0 0.46618357487922707 0.32558139534883723 0.12077294685990338 0.11764705882352941
0 0.40096618357487923 0.5054719562243503 0.0966183574879227 0.09439124487004104
0 0.40458937198067635 0.6333789329685362 0.08454106280193237 0.08207934336525308
0 0.5628019323671497 0.1347469220246238 0.0966183574879227 0.03967168262653899
0 0.5628019323671497 0.19015047879616964 0.10144927536231885 0.06292749658002736
0 0.4891304347826087 0.518467852257182 0.06521739130434782 0.12038303693570451
0 0.3828502415458937 0.7510259917920656 0.08454106280193237 0.060191518467852256
