0 0.23809523809523808 0.2503225806451613 0.05714285714285714 0.04903225806451613
0 0.24206349206349206 0.4038709677419355 0.05873015873015873 0.17548387096774193
0 0.2984126984126984 0.1832258064516129 0.0380952380952381 0.06451612903225806
0 0.3111111111111111 0.3 0.05714285714285714 0.1432258064516129
0 0.28888888888888886 0.47483870967741937 0.09841269841269841 0.15483870967741936
0 0.30952380952380953 0.6348387096774194 0.07301587301587302 0.12645161290322582
0 0.36587301587301585 0.1993548387096774 0.05238095238095238 0.09935483870967741
0 0.40793650793650793 0.3580645161290323 0.07936507936507936 0.1664516129032258
0 0.7912698412698412 0.3870967741935484 0.10634920634920635 0.15483870967741936
0 0.8095238095238095 0.5587096774193548 0.12698412698412698 0.18064516129032257
0 0.6801587301587302 0.40838709677419355 0.08095238095238096 0.0967741935483871
0 0.6595238095238095 0.5032258064516129 0.05238095238095238 0.10580645161290322
0 0.5452380952380952 0.5496774193548387 0.1 0.02064516129032258
0 0.30952380952380953 0.09419354838709677 0.06031746031746032 0.0696774193548387
