0 0.3968481375358166 0.24110032362459546 0.06017191977077364 0.0744336569579288
0 0.35816618911174786 0.3333333333333333 0.1318051575931232 0.0889967637540453
0 0.43982808022922637 0.43406148867313915 0.14613180515759314 0.06877022653721683
0 0.4871060171919771 0.3131067961165049 0.07449856733524356 0.06310679611650485
0 0.5143266475644699 0.37338187702265374 0.1346704871060172 0.03802588996763754
0 0.6203438395415473 0.4231391585760518 0.19197707736389685 0.061488673139158574
0 0.669054441260745 0.3551779935275081 0.08882521489971347 0.059870550161812294
0 0.4040114613180516 0.17111650485436894 0.10315186246418338 0.05906148867313916
0 0.5859598853868195 0.17637540453074432 0.2034383954154728 0.07928802588996764
0 0.6446991404011462 0.23988673139158576 0.12034383954154727 0.03317152103559871
