0 0.6160458452722063 0.2297734627831715 0.13753581661891118 0.07766990291262135
0 0.6074498567335244 0.31957928802589 0.09742120343839542 0.0825242718446602
0 0.4283667621776504 0.32160194174757284 0.14040114613180515 0.06229773462783172
0 0.29083094555873923 0.22491909385113268 0.1518624641833811 0.05016181229773463
0 0.2693409742120344 0.2965210355987055 0.13753581661891118 0.055825242718446605
0 0.6045845272206304 0.415453074433657 0.14326647564469913 0.06229773462783172
0 0.6418338108882522 0.48705501618122976 0.1489971346704871 0.06796116504854369
0 0.6303724928366762 0.5449029126213593 0.13753581661891118 0.04288025889967637
0 0.6446991404011462 0.6039644012944984 0.12034383954154727 0.06877022653721683
0 0.43123209169054444 0.7257281553398058 0.1518624641833811 0.06957928802588997
0 0.29369627507163326 0.7107605177993528 0.10601719197707736 0.05744336569579288
0 0.3123209169054441 0.6217637540453075 0.1489971346704871 0.06067961165048544
0 0.45702005730659023 0.6229773462783171 0.09455587392550144 0.0889967637540453
0 0.36962750716332377 0.45550161812297735 0.2521489971346705 0.10194174757281553
0 0.6002865329512894 0.7099514563106796 0.1174785100286533 0.07686084142394822
