0 0.3804347826086957 0.32991803278688525 0.08893280632411067 0.15437158469945356
0 0.5197628458498024 0.35382513661202186 0.07905138339920949 0.11748633879781421
0 0.6185770750988142 0.3756830601092896 0.07509881422924901 0.1557377049180328
0 0.7045454545454546 0.45286885245901637 0.08498023715415019 0.1680327868852459
0 0.8488142292490118 0.4378415300546448 0.08893280632411067 0.09972677595628415
0 0.6096837944664032 0.5512295081967213 0.07707509881422925 0.09699453551912568
0 0.49703557312252966 0.5990437158469946 0.09288537549407115 0.10792349726775956
0 0.4901185770750988 0.7090163934426229 0.09881422924901186 0.07923497267759563
0 0.3606719367588933 0.657103825136612 0.116600790513834 0.16393442622950818
0 0.24011857707509882 0.6591530054644809 0.10474308300395258 0.13524590163934427
