0 0.20494972931167826 0.16873278236914602 0.07579273008507348 0.050045913682277315
0 0.16047950502706884 0.22107438016528927 0.05955143078112916 0.05188246097337006
0 0.1430781129156999 0.31657483930211205 0.07733952049497293 0.11340679522497704
0 0.2505800464037123 0.22153351698806245 0.05259087393658159 0.04086317722681359
0 0.8120649651972158 0.18686868686868688 0.05568445475638051 0.03764921946740129
0 0.8387470997679815 0.23921028466483013 0.040989945862335654 0.0440771349862259
0 0.8650425367362722 0.28512396694214875 0.06109822119102862 0.050505050505050504
0 0.8538283062645011 0.33539944903581265 0.03248259860788863 0.04178145087235996
0 0.7498066511987626 0.21097337006427916 0.05336426914153132 0.0472910927456382
0 0.317092034029389 0.2199265381083563 0.05259087393658159 0.04591368227731864
