0 0.5575117370892019 0.24786324786324787 0.13849765258215962 0.08717948717948718
0 0.5833333333333334 0.34273504273504274 0.13849765258215962 0.06837606837606838
0 0.6032863849765259 0.4427350427350427 0.14553990610328638 0.11282051282051282
0 0.3884976525821596 0.24914529914529915 0.12910798122065728 0.08461538461538462
0 0.36384976525821594 0.3876068376068376 0.2300469483568075 0.10341880341880341
0 0.24530516431924881 0.1700854700854701 0.1056338028169014 0.0735042735042735
0 0.2511737089201878 0.24444444444444444 0.09389671361502347 0.05811965811965812
0 0.57981220657277 0.5564102564102564 0.11737089201877934 0.08205128205128205
0 0.5551643192488263 0.658974358974359 0.12910798122065728 0.1076923076923077
0 0.4225352112676056 0.5594017094017094 0.0892018779342723 0.09487179487179487
0 0.38967136150234744 0.6683760683760683 0.14084507042253522 0.07863247863247863
0 0.3086854460093897 0.5512820512820513 0.12441314553990611 0.0735042735042735
0 0.2640845070422535 0.6414529914529915 0.09624413145539906 0.06923076923076923
0 0.3955399061032864 0.15427350427350428 0.15258215962441316 0.05726495726495726
0 0.5586854460093896 0.1658119658119658 0.14553990610328638 0.06837606837606838
