0 0.5706605222734255 0.30284552845528456 0.07219662058371736 0.10772357723577236
0 0.5668202764976958 0.42073170731707316 0.07680491551459294 0.09349593495934959
0 0.5721966205837173 0.5213414634146342 0.03225806451612903 0.06300813008130081
0 0.5752688172043011 0.6346544715447154 0.07526881720430108 0.16565040650406504
0 0.6682027649769585 0.3196138211382114 0.0890937019969278 0.1209349593495935
0 0.6689708141321045 0.45884146341463417 0.06912442396313365 0.11280487804878049
0 0.6728110599078341 0.6900406504065041 0.03686635944700461 0.1016260162601626
0 0.7987711213517665 0.31148373983739835 0.09831029185867896 0.10060975609756098
0 0.7772657450076805 0.4583333333333333 0.09831029185867896 0.14634146341463414
0 0.7995391705069125 0.6366869918699187 0.08448540706605223 0.11077235772357724
0 0.34715821812596004 0.7296747967479674 0.06451612903225806 0.052845528455284556
0 0.19278033794162827 0.4400406504065041 0.047619047619047616 0.018292682926829267
0 0.18125960061443933 0.4893292682926829 0.06144393241167435 0.061991869918699184
0 0.684331797235023 0.5813008130081301 0.09062980030721966 0.08333333333333333
