0 0.44285714285714284 0.1735483870967742 0.06349206349206349 0.1406451612903226
0 0.44206349206349205 0.31548387096774194 0.06825396825396825 0.11483870967741935
0 0.45555555555555555 0.43483870967741933 0.044444444444444446 0.06193548387096774
0 0.4388888888888889 0.5909677419354838 0.10317460317460317 0.17548387096774193
0 0.3611111111111111 0.14709677419354839 0.06507936507936508 0.09548387096774194
0 0.34444444444444444 0.26838709677419353 0.08888888888888889 0.09032258064516129
0 0.36507936507936506 0.4167741935483871 0.10793650793650794 0.17806451612903226
0 0.3325396825396825 0.5851612903225807 0.06825396825396825 0.12258064516129032
0 0.24444444444444444 0.19225806451612903 0.08571428571428572 0.17548387096774193
0 0.13968253968253969 0.23419354838709677 0.11428571428571428 0.21806451612903227
0 0.8746031746031746 0.29935483870967744 0.0761904761904762 0.10838709677419354
0 0.6428571428571429 0.3774193548387097 0.08888888888888889 0.0064516129032258064
0 0.22380952380952382 0.4735483870967742 0.05396825396825397 0.0567741935483871
0 0.2357142857142857 0.5664516129032258 0.05555555555555555 0.09548387096774194
