0 0.5338028169014084 0.2969187675070028 0.08732394366197183 0.09803921568627451
0 0.49859154929577465 0.44607843137254904 0.056338028169014086 0.12745098039215685
0 0.46338028169014084 0.561624649859944 0.059154929577464786 0.0784313725490196
0 0.6563380281690141 0.3179271708683473 0.10140845070422536 0.10644257703081232
0 0.6619718309859155 0.4425770308123249 0.18028169014084508 0.12324929971988796
0 0.6070422535211267 0.5945378151260504 0.13802816901408452 0.12745098039215685
0 0.780281690140845 0.3074229691876751 0.0676056338028169 0.06862745098039216
0 0.24929577464788732 0.07563025210084033 0.09859154929577464 0.08683473389355742
0 0.38873239436619716 0.11414565826330532 0.10140845070422536 0.07142857142857142
0 0.5267605633802817 0.1253501400560224 0.08450704225352113 0.0742296918767507
0 0.2746478873239437 0.21218487394957983 0.05352112676056338 0.04061624649859944
0 0.46056338028169014 0.6442577030812325 0.10422535211267606 0.05322128851540616
