0 0.25121163166397414 0.11707632600258733 0.06623586429725363 0.07632600258732213
0 0.24394184168012925 0.2205692108667529 0.045234248788368334 0.07115135834411385
0 0.34894991922455576 0.1384217335058215 0.06462035541195477 0.0724450194049159
0 0.3441033925686591 0.22509702457956016 0.051696284329563816 0.09055627425614489
0 0.44345718901453957 0.15976714100905562 0.0630048465266559 0.08926261319534282
0 0.7851373182552503 0.3117723156532988 0.06462035541195477 0.059508408796895215
0 0.7762520193861067 0.39003880983182404 0.04361873990306947 0.09184993531694696
0 0.8562197092084006 0.351875808538163 0.06462035541195477 0.08020698576972833
0 0.840064620355412 0.4948253557567917 0.07754442649434572 0.09961190168175937
0 0.9200323101777059 0.34346701164294957 0.04361873990306947 0.055627425614489
0 0.7600969305331179 0.5213454075032341 0.07269789983844911 0.1034928848641656
