0 0.09730033745781777 0.23850574712643677 0.0281214848143982 0.022988505747126436
0 0.14679415073115862 0.1875 0.043869516310461196 0.02442528735632184
0 0.1361079865016873 0.2377873563218391 0.04274465691788527 0.05028735632183908
0 0.14173228346456693 0.507183908045977 0.047244094488188976 0.0603448275862069
0 0.7722159730033745 0.3692528735632184 0.05961754780652419 0.10632183908045977
0 0.7694038245219348 0.5395114942528736 0.04049493813273341 0.10775862068965517
0 0.749718785151856 0.6724137931034483 0.05511811023622047 0.08333333333333333
0 0.5995500562429696 0.34339080459770116 0.049493813273340834 0.0603448275862069
0 0.6541057367829022 0.3024425287356322 0.03937007874015748 0.03879310344827586
0 0.6580427446569179 0.3670977011494253 0.04049493813273341 0.07327586206896551
0 0.6192350956130483 0.6329022988505747 0.04161979752530934 0.03879310344827586
0 0.4229471316085489 0.30028735632183906 0.06524184476940383 0.09770114942528736
0 0.4043869516310461 0.5783045977011494 0.04611923509561305 0.06752873563218391
0 0.33858267716535434 0.5201149425287356 0.04049493813273341 0.04310344827586207
0 0.33520809898762655 0.5783045977011494 0.04049493813273341 0.0617816091954023
