0 0.8296296296296296 0.09365781710914454 0.1111111111111111 0.09882005899705015
0 0.7907407407407407 0.2831858407079646 0.14444444444444443 0.1887905604719764
0 0.8018518518518518 0.4631268436578171 0.14444444444444443 0.10914454277286136
0 0.48518518518518516 0.10693215339233038 0.2222222222222222 0.11061946902654868
0 0.5259259259259259 0.2669616519174041 0.16296296296296298 0.11799410029498525
0 0.5537037037037037 0.4277286135693215 0.13703703703703704 0.09734513274336283
0 0.5962962962962963 0.5553097345132744 0.1925925925925926 0.09587020648967552
0 0.512962962962963 0.6563421828908554 0.10740740740740741 0.06489675516224189
0 0.37777777777777777 0.6305309734513275 0.1111111111111111 0.0752212389380531
0 0.6925925925925925 0.6349557522123894 0.0962962962962963 0.06047197640117994
0 0.19444444444444445 0.6297935103244838 0.1 0.05604719764011799
