0 0.29959514170040485 0.1938610662358643 0.10526315789473684 0.0840064620355412
0 0.2793522267206478 0.33360258481421645 0.22672064777327935 0.14378029079159935
0 0.26720647773279355 0.4894991922455573 0.1700404858299595 0.12277867528271405
0 0.5668016194331984 0.37318255250403876 0.21862348178137653 0.061389337641357025
0 0.5161943319838057 0.4773828756058158 0.20647773279352227 0.12439418416801293
0 0.2813765182186235 0.5896607431340872 0.08502024291497975 0.048465266558966075
0 0.39473684210526316 0.09450726978998385 0.24696356275303644 0.08239095315024232
0 0.6437246963562753 0.1381260096930533 0.2591093117408907 0.14054927302100162
0 0.8927125506072875 0.20193861066235863 0.17408906882591094 0.051696284329563816
0 0.5020242914979757 0.6138933764135702 0.21052631578947367 0.035541195476575124
