0 0.7098540145985401 0.12319790301441677 0.05474452554744526 0.09698558322411534
0 0.7013381995133819 0.23918741808650065 0.05961070559610705 0.09567496723460026
0 0.6879562043795621 0.40825688073394495 0.04257907542579075 0.061598951507208385
0 0.7043795620437956 0.536697247706422 0.0535279805352798 0.09043250327653997
0 0.6958637469586375 0.6494102228047182 0.05596107055961071 0.08256880733944955
0 0.8047445255474452 0.16644823066841416 0.07177615571776155 0.15203145478374835
0 0.9008515815085159 0.16251638269986893 0.08394160583941605 0.14941022280471822
0 0.3467153284671533 0.227391874180865 0.0535279805352798 0.145478374836173
0 0.34854014598540145 0.4488859764089122 0.052311435523114354 0.11140235910878113
0 0.3564476885644769 0.6055045871559633 0.043795620437956206 0.07601572739187418
0 0.2688564476885645 0.2038007863695937 0.06326034063260341 0.11140235910878113
0 0.2524330900243309 0.31585845347313235 0.06934306569343066 0.10747051114023591
0 0.25121654501216545 0.4947575360419397 0.06204379562043796 0.12975098296199214
0 0.16423357664233576 0.20707732634338138 0.0681265206812652 0.11795543905635648
0 0.1478102189781022 0.3414154652686763 0.05961070559610705 0.05897771952817824
0 0.15693430656934307 0.4069462647444299 0.051094890510948905 0.10353866317169069
