0 0.34545454545454546 0.5661993769470405 0.10909090909090909 0.08878504672897196
0 0.525974025974026 0.5280373831775701 0.09090909090909091 0.09034267912772585
0 0.7831168831168831 0.471183800623053 0.09610389610389611 0.020249221183800622
0 0.2948051948051948 0.2632398753894081 0.10649350649350649 0.11526479750778816
0 0.274025974025974 0.37383177570093457 0.09090909090909091 0.13707165109034267
0 0.45584415584415583 0.1542056074766355 0.07532467532467532 0.07165109034267912
0 0.4584415584415584 0.2772585669781931 0.14805194805194805 0.09657320872274143
0 0.44805194805194803 0.3925233644859813 0.04935064935064935 0.08722741433021806
0 0.512987012987013 0.38317757009345793 0.06493506493506493 0.09657320872274143
0 0.6246753246753247 0.16510903426791276 0.1012987012987013 0.11526479750778816
0 0.6376623376623377 0.32320872274143303 0.09610389610389611 0.1542056074766355
