0 0.2775297619047619 0.3386363636363636 0.07291666666666667 0.1409090909090909
0 0.2849702380952381 0.48333333333333334 0.03422619047619048 0.06363636363636363
0 0.2663690476190476 0.6151515151515151 0.08928571428571429 0.1303030303030303
0 0.16220238095238096 0.3575757575757576 0.08333333333333333 0.07575757575757576
0 0.15773809523809523 0.4621212121212121 0.08928571428571429 0.10606060606060606
0 0.14955357142857142 0.5575757575757576 0.046130952380952384 0.11818181818181818
0 0.1480654761904762 0.6681818181818182 0.07589285714285714 0.08484848484848485
0 0.14360119047619047 0.2287878787878788 0.07291666666666667 0.08787878787878788
0 0.05431547619047619 0.6310606060606061 0.05803571428571429 0.09848484848484848
0 0.27455357142857145 0.18333333333333332 0.08482142857142858 0.06060606060606061
