0 0.7834158415841584 0.26032315978456017 0.09653465346534654 0.118491921005386
0 0.7957920792079208 0.43357271095152605 0.08663366336633663 0.1059245960502693
0 0.8044554455445545 0.559245960502693 0.04950495049504951 0.09515260323159784
0 0.6621287128712872 0.26481149012567323 0.11138613861386139 0.1310592459605027
0 0.6844059405940595 0.4245960502692998 0.11633663366336634 0.1059245960502693
0 0.7004950495049505 0.5771992818671454 0.06930693069306931 0.09156193895870736
0 0.5482673267326733 0.3123877917414722 0.07673267326732673 0.1867145421903052
0 0.5346534653465347 0.5251346499102334 0.11386138613861387 0.12028725314183124
0 0.5495049504950495 0.6579892280071813 0.13366336633663367 0.07001795332136446
0 0.41955445544554454 0.2764811490125673 0.11633663366336634 0.12926391382405744
0 0.39232673267326734 0.48025134649910234 0.08168316831683169 0.17055655296229802
0 0.2264851485148515 0.44434470377019747 0.09653465346534654 0.11310592459605028
0 0.24133663366336633 0.618491921005386 0.06188118811881188 0.13464991023339318
0 0.38613861386138615 0.6642728904847397 0.09405940594059406 0.11490125673249552
0 0.6918316831683168 0.6947935368043088 0.09158415841584158 0.06822262118491922
0 0.7896039603960396 0.670556552962298 0.08415841584158416 0.09515260323159784
