0 0.37526881720430105 0.2892690513219285 0.07096774193548387 0.13063763608087092
0 0.38548387096774195 0.4821150855365474 0.03333333333333333 0.18351477449455678
0 0.27580645161290324 0.3328149300155521 0.08279569892473118 0.21461897356143078
0 0.16989247311827957 0.3234836702954899 0.11182795698924732 0.24572317262830481
0 0.5145161290322581 0.37558320373250387 0.06774193548387097 0.14463452566096424
0 0.5080645161290323 0.5800933125972006 0.03763440860215054 0.18040435458786935
0 0.625268817204301 0.4618973561430793 0.08924731182795699 0.25194401244167963
0 0.6112903225806452 0.7231726283048211 0.05913978494623656 0.17107309486780714
0 0.710752688172043 0.6150855365474339 0.1010752688172043 0.3312597200622084
0 0.29354838709677417 0.5015552099533437 0.06881720430107527 0.08553654743390357
