0 0.3169336384439359 0.6861007462686567 0.08466819221967964 0.09235074626865672
0 0.4405034324942792 0.6459888059701493 0.06636155606407322 0.03824626865671642
0 0.45652173913043476 0.746268656716418 0.10755148741418764 0.08582089552238806
0 0.6018306636155606 0.6823694029850746 0.09153318077803203 0.10914179104477612
0 0.28832951945080093 0.4197761194029851 0.07780320366132723 0.10634328358208955
0 0.3100686498855835 0.5303171641791045 0.08009153318077804 0.06996268656716417
0 0.3135011441647597 0.5960820895522388 0.05034324942791762 0.03171641791044776
0 0.4405034324942792 0.4207089552238806 0.13043478260869565 0.08395522388059702
0 0.4473684210526316 0.5424440298507462 0.13043478260869565 0.0830223880597015
0 0.6167048054919908 0.43843283582089554 0.13958810068649885 0.10074626865671642
0 0.7585812356979404 0.48600746268656714 0.07551487414187644 0.033582089552238806
0 0.6864988558352403 0.5755597014925373 0.08695652173913043 0.08208955223880597
0 0.6292906178489702 0.800839552238806 0.10526315789473684 0.0830223880597015
