0 0.22592592592592592 0.32722143864598024 0.07037037037037037 0.12129760225669958
0 0.2351851851851852 0.47320169252468264 0.06666666666666667 0.10578279266572638
0 0.225 0.6008462623413258 0.04259259259259259 0.076163610719323
0 0.3398148148148148 0.35684062059238364 0.08703703703703704 0.16361071932299012
0 0.3388888888888889 0.5148095909732017 0.0962962962962963 0.10155148095909731
0 0.36574074074074076 0.6255289139633287 0.08333333333333333 0.07475317348377997
0 0.4583333333333333 0.4012693935119887 0.08703703703703704 0.24964739069111425
0 0.4787037037037037 0.6022566995768688 0.09074074074074075 0.09590973201692525
0 0.5944444444444444 0.34203102961918197 0.11851851851851852 0.15937940761636107
0 0.5972222222222222 0.49647390691114246 0.06481481481481481 0.11001410437235543
0 0.7435185185185185 0.3716502115655853 0.13148148148148148 0.2073342736248237
