0 0.7651909722222222 0.09240389069013433 0.058159722222222224 0.04955998147290412
0 0.8190104166666666 0.14983788791106994 0.0685763888888889 0.04400185270958777
0 0.8333333333333334 0.198471514590088 0.04861111111111111 0.02269569245020843
0 0.8611111111111112 0.24571560907827697 0.0763888888888889 0.04863362667901806
0 0.8828125 0.31472904122278833 0.07465277777777778 0.03751736915238536
0 0.74609375 0.1461324687355257 0.05642361111111111 0.04307549791570171
0 0.6875 0.1933765632237147 0.06076388888888889 0.036591014358499305
0 0.6189236111111112 0.1933765632237147 0.07291666666666667 0.05604446503010653
0 0.1796875 0.12459471977767485 0.050347222222222224 0.05187586845761927
0 0.1427951388888889 0.1794812413154238 0.04079861111111111 0.04307549791570171
0 0.1293402777777778 0.2427049559981473 0.046875 0.052802223251505326
0 0.13541666666666666 0.29272811486799444 0.059027777777777776 0.053728578045391384
0 0.2625868055555556 0.18666049096804077 0.06684027777777778 0.06577119036591014
