0 0.5366197183098591 0.38871308016877637 0.09295774647887324 0.03059071729957806
0 0.5366197183098591 0.4509493670886076 0.07605633802816901 0.060126582278481014
0 0.48450704225352115 0.5290084388185654 0.08450704225352113 0.04746835443037975
0 0.46056338028169014 0.6170886075949367 0.12112676056338029 0.06962025316455696
0 0.45774647887323944 0.7194092827004219 0.12112676056338029 0.06329113924050633
0 0.3323943661971831 0.38449367088607594 0.18028169014084508 0.060126582278481014
0 0.32253521126760565 0.4941983122362869 0.11549295774647887 0.10021097046413502
0 0.2774647887323944 0.5949367088607594 0.07605633802816901 0.07383966244725738
0 0.30422535211267604 0.6830168776371308 0.07887323943661972 0.08966244725738397
0 0.6253521126760564 0.06540084388185655 0.09014084507042254 0.056962025316455694
0 0.5929577464788732 0.13924050632911392 0.14366197183098592 0.056962025316455694
0 0.5971830985915493 0.22837552742616032 0.14647887323943662 0.07278481012658228
0 0.39436619718309857 0.14767932489451477 0.23098591549295774 0.07383966244725738
0 0.38591549295774646 0.25896624472573837 0.16901408450704225 0.11286919831223628
0 0.5028169014084507 0.08280590717299578 0.14366197183098592 0.0580168776371308
