0 0.7908496732026143 0.5025806451612903 0.1503267973856209 0.05806451612903226
0 0.7728758169934641 0.5683870967741935 0.12745098039215685 0.05548387096774193
0 0.6339869281045751 0.675483870967742 0.05228758169934641 0.06064516129032258
0 0.5784313725490197 0.5541935483870968 0.13071895424836602 0.07870967741935483
0 0.7434640522875817 0.20129032258064516 0.07516339869281045 0.08258064516129032
0 0.7565359477124183 0.32129032258064516 0.10130718954248366 0.11612903225806452
0 0.8055555555555556 0.43290322580645163 0.06209150326797386 0.07354838709677419
0 0.5931372549019608 0.21225806451612902 0.16013071895424835 0.09935483870967741
0 0.6094771241830066 0.3503225806451613 0.17973856209150327 0.13548387096774195
0 0.3415032679738562 0.22903225806451613 0.2777777777777778 0.14580645161290323
0 0.3202614379084967 0.34838709677419355 0.16993464052287582 0.10064516129032258
