0 0.7148080438756855 0.39156626506024095 0.1206581352833638 0.060240963855421686
0 0.753199268738574 0.5391566265060241 0.08043875685557587 0.07028112449799197
0 0.8162705667276051 0.39006024096385544 0.04936014625228519 0.03112449799196787
0 0.819926873857404 0.30823293172690763 0.04204753199268738 0.01606425702811245
0 0.8455210237659964 0.41967871485943775 0.056672760511883 0.02208835341365462
0 0.8820840950639853 0.09588353413654618 0.0712979890310786 0.03112449799196787
0 0.2586837294332724 0.2786144578313253 0.07495429616087751 0.02710843373493976
0 0.5603290676416819 0.26305220883534136 0.031078610603290677 0.03815261044176707
0 0.8117001828153565 0.24146586345381527 0.06581352833638025 0.029116465863453816
0 0.7906764168190128 0.7218875502008032 0.07861060329067641 0.03815261044176707
0 0.283363802559415 0.10190763052208836 0.054844606946983544 0.01104417670682731
0 0.5776965265082267 0.10893574297188754 0.06581352833638025 0.03112449799196787
0 0.5511882998171846 0.3865461847389558 0.0712979890310786 0.05421686746987952
0 0.2870201096892139 0.5863453815261044 0.062157221206581355 0.02208835341365462
0 0.5712979890310786 0.5717871485943775 0.08226691042047532 0.04116465863453815
0 0.5411334552102377 0.7274096385542169 0.054844606946983544 0.05321285140562249
0 0.8610603290676416 0.5406626506024096 0.08043875685557587 0.06325301204819277
