0 0.22674418604651161 0.22435897435897437 0.07751937984496124 0.09259259259259259
0 0.21414728682170542 0.33760683760683763 0.08333333333333333 0.11396011396011396
0 0.17829457364341086 0.452991452991453 0.05813953488372093 0.08547008547008547
0 0.17926356589147288 0.6253561253561254 0.15310077519379844 0.17663817663817663
0 0.32751937984496127 0.24715099715099714 0.08139534883720931 0.15242165242165243
0 0.3062015503875969 0.4131054131054131 0.12790697674418605 0.11965811965811966
0 0.45058139534883723 0.22293447293447294 0.07170542635658915 0.13247863247863248
0 0.4622093023255814 0.32336182336182334 0.09496124031007752 0.05413105413105413
0 0.4496124031007752 0.4351851851851852 0.08139534883720931 0.13532763532763534
0 0.5193798449612403 0.22008547008547008 0.05426356589147287 0.08404558404558404
0 0.5891472868217055 0.3319088319088319 0.10465116279069768 0.08262108262108261
0 0.8924418604651163 0.33262108262108264 0.0755813953488372 0.13532763532763534
0 0.6143410852713178 0.43447293447293445 0.08914728682170543 0.07122507122507123
0 0.7073643410852714 0.2621082621082621 0.06589147286821706 0.08262108262108261
