0 0.8609913793103449 0.5620320855614973 0.05387931034482758 0.12513368983957218
0 0.7230603448275862 0.5556149732620321 0.03807471264367816 0.13155080213903744
0 0.6131465517241379 0.6802139037433155 0.0610632183908046 0.08342245989304813
0 0.46012931034482757 0.5117647058823529 0.040948275862068964 0.11016042780748662
0 0.40912356321839083 0.5074866310160427 0.03807471264367816 0.033155080213903745
0 0.2913074712643678 0.49625668449197863 0.036637931034482756 0.059893048128342244
0 0.24281609195402298 0.5165775401069519 0.03017241379310345 0.03636363636363636
0 0.14188218390804597 0.29572192513368983 0.04525862068965517 0.10802139037433155
0 0.13326149425287356 0.5117647058823529 0.05818965517241379 0.07593582887700535
0 0.08117816091954023 0.520855614973262 0.03879310344827586 0.0427807486631016
0 0.2449712643678161 0.7192513368983957 0.03017241379310345 0.039572192513368985
0 0.39080459770114945 0.6973262032085561 0.02586206896551724 0.0213903743315508
0 0.5980603448275862 0.5037433155080214 0.028017241379310345 0.059893048128342244
0 0.9184626436781609 0.5946524064171123 0.029454022988505746 0.025668449197860963
0 0.22341954022988506 0.34010695187165774 0.02442528735632184 0.051336898395721926
0 0.07327586206896551 0.31871657754010696 0.031609195402298854 0.06417112299465241
0 0.07147988505747127 0.14064171122994654 0.02658045977011494 0.045989304812834225
