0 0.1638418079096045 0.14424778761061946 0.096045197740113 0.11858407079646018
0 0.1709039548022599 0.3309734513274336 0.03672316384180791 0.12743362831858407
0 0.1864406779661017 0.4814159292035398 0.05649717514124294 0.0920353982300885
0 0.2725988700564972 0.18938053097345134 0.10451977401129943 0.1911504424778761
0 0.2824858757062147 0.37168141592920356 0.11299435028248588 0.08849557522123894
0 0.3022598870056497 0.49557522123893805 0.096045197740113 0.12035398230088495
0 0.3516949152542373 0.1407079646017699 0.08192090395480225 0.09026548672566372
0 0.4519774011299435 0.16106194690265488 0.0903954802259887 0.10973451327433628
0 0.4378531073446328 0.252212389380531 0.0847457627118644 0.07256637168141593
0 0.4279661016949153 0.44778761061946903 0.07062146892655367 0.10265486725663717
0 0.6822033898305084 0.46991150442477875 0.05367231638418079 0.11504424778761062
0 0.5211864406779662 0.47345132743362833 0.07627118644067797 0.07964601769911504
